1000
10 72 52
28 15 2
29 48 36
60 79 26
11 51 27
57 30 74
56 15 78
48 56 49
35 67 81
51 10 38
3 74 51
1 26 33
71 22 33
51 17 65
74 74 78
69 53 75
9 10 31
75 75 15
24 16 75
57 75 41
82 35 33
12 61 51
28 38 30
27 45 12
86 30 65
56 84 80
82 58 33
31 21 4
80 8 25
3 46 56
37 74 15
15 15 11
48 55 37
9 50 80
66 4 16
3 50 82
76 27 56
69 29 3
77 71 78
27 52 57
63 8 13
39 21 35
64 51 75
60 55 60
1 34 39
45 65 67
37 11 47
78 13 64
56 14 1
26 53 40
12 27 51
71 66 49
23 7 9
45 33 48
2 51 37
26 32 79
81 23 67
16 8 2
71 67 28
52 82 10
45 49 2
75 58 39
20 19 53
68 64 9
65 80 33
20 9 12
46 56 86
82 17 47
80 75 41
4 83 2
18 68 6
7 82 77
18 57 60
69 62 19
62 25 71
82 19 24
52 20 72
59 23 54
35 60 27
76 1 6
43 9 32
55 34 68
34 29 52
27 57 35
22 58 23
41 48 61
31 28 46
60 73 16
18 16 81
79 8 79
25 61 64
2 36 50
4 40 6
37 7 56
40 57 50
43 29 45
14 47 69
6 27 42
48 36 11
7 43 15
36 35 57
26 32 11
34 55 21
60 3 39
1 2 3
58 69 35
15 76 67
10 34 58
62 84 59
12 30 40
46 22 76
14 69 76
16 63 46
23 39 34
65 18 82
74 24 75
54 86 2
73 70 11
86 27 73
31 10 3
36 28 2
77 53 80
62 83 36
85 20 49
71 27 76
86 66 59
55 54 37
19 65 43
30 61 35
7 64 64
59 68 58
64 75 55
4 85 78
36 79 64
46 48 9
3 6 29
9 46 17
31 60 33
13 5 61
31 56 30
16 32 25
27 39 84
32 13 75
32 52 13
58 13 16
16 11 23
68 45 26
43 21 76
42 19 81
79 47 44
12 54 39
7 10 52
2 80 63
32 72 24
51 23 44
86 58 68
74 74 33
51 18 39
23 79 84
40 10 29
32 16 78
29 26 56
9 41 72
35 49 54
16 64 74
50 57 65
38 28 59
44 74 53
70 79 67
62 61 36
75 83 54
83 6 74
33 60 67
15 3 61
62 26 42
42 12 63
51 73 71
76 44 40
53 77 50
35 12 64
51 29 78
19 69 33
41 43 80
60 69 11
81 24 45
42 34 79
47 45 55
26 67 3
16 33 70
77 77 56
76 54 3
48 23 75
19 69 65
69 6 59
9 29 1
28 4 86
27 51 66
31 16 22
2 52 67
78 83 49
4 59 11
53 81 73
11 29 40
14 65 6
79 24 84
32 55 76
4 36 26
60 52 19
50 48 31
4 71 77
14 69 40
65 74 33
67 65 46
27 42 69
37 9 66
18 38 19
15 80 27
30 49 64
8 59 35
11 57 71
4 8 10
6 60 3
72 51 57
50 29 56
70 46 41
74 1 30
5 3 45
70 4 67
25 55 24
80 22 61
63 45 20
69 3 20
80 47 1
26 86 13
31 13 18
71 62 1
24 14 13
2 41 28
70 19 47
43 27 24
42 8 66
34 21 31
19 81 30
31 18 13
75 77 8
59 82 19
56 64 2
81 40 34
84 6 24
13 54 80
84 79 26
57 50 17
59 7 19
50 23 76
5 53 50
11 80 42
36 14 51
53 57 13
17 1 30
64 68 80
62 63 65
65 70 34
44 21 62
11 74 71
46 39 17
72 63 8
66 42 62
32 55 9
25 63 58
85 11 28
1 44 2
29 35 21
31 50 82
63 18 81
15 36 12
68 37 70
48 19 67
5 30 25
69 34 43
51 29 27
9 79 80
28 82 9
23 82 79
53 45 48
27 67 30
30 38 80
58 43 47
57 41 47
78 83 30
2 66 43
57 51 17
76 27 53
42 27 51
52 26 75
32 11 22
20 76 53
73 63 49
36 32 54
54 62 55
6 79 21
59 70 41
40 39 86
70 69 80
53 71 45
31 78 41
20 24 54
2 6 77
5 81 41
68 57 58
53 43 49
16 68 4
66 83 14
34 4 8
77 69 61
10 22 84
65 34 37
71 64 85
56 78 43
67 43 32
48 15 57
84 61 69
26 63 59
67 29 12
49 65 63
71 30 52
42 72 40
27 61 86
47 26 86
28 40 27
5 69 50
38 3 83
77 72 38
28 28 36
28 67 25
39 25 38
59 58 2
44 69 73
28 5 46
25 59 32
80 52 50
36 44 7
62 20 34
60 73 21
18 23 72
24 58 2
54 55 67
78 70 10
85 3 72
57 23 81
66 53 82
41 4 24
48 52 27
34 67 42
41 46 24
5 22 22
29 10 73
13 59 80
41 47 12
74 16 81
75 39 60
75 27 78
17 1 41
28 65 45
23 39 40
26 5 56
12 74 23
21 36 69
84 16 27
66 20 48
43 72 81
22 69 62
64 38 64
47 5 38
64 76 54
47 40 3
58 23 50
47 2 50
15 66 38
16 25 4
1 44 43
78 27 37
23 59 71
64 32 11
19 35 46
62 36 77
52 21 85
13 84 25
2 58 40
57 12 23
7 34 56
64 85 64
86 23 4
64 50 69
39 74 71
39 1 23
59 70 77
16 76 52
65 71 28
39 70 60
7 83 80
49 43 15
11 64 33
81 43 56
71 13 4
79 33 6
10 84 48
77 20 57
31 1 11
32 17 55
80 31 61
60 40 19
40 86 29
17 7 2
1 18 86
32 10 4
54 41 56
33 60 67
56 58 31
6 66 72
44 10 13
22 2 35
35 28 17
24 24 59
14 54 16
59 39 60
32 63 49
54 74 10
46 71 6
22 81 56
48 54 15
65 18 27
29 12 41
20 17 33
42 26 75
74 5 75
10 14 60
38 12 15
78 47 2
83 22 2
56 85 45
36 29 62
40 20 50
80 77 31
70 62 17
70 7 39
21 60 82
82 46 31
58 69 57
37 21 82
63 41 70
18 82 2
82 45 75
66 78 78
11 45 11
46 40 12
18 38 71
14 73 75
68 75 59
16 35 65
50 1 48
45 82 22
84 34 39
21 10 5
65 63 50
64 64 15
43 45 84
58 44 30
78 74 29
24 84 22
25 77 17
41 10 22
28 20 12
12 19 81
40 6 56
46 77 8
57 58 27
17 60 27
85 68 35
31 43 65
74 49 27
20 79 74
6 34 79
84 14 41
51 19 1
35 83 62
48 35 77
1 83 58
8 55 3
63 18 36
48 55 72
2 27 60
30 84 20
5 69 27
29 21 6
33 45 33
10 33 19
57 24 37
6 7 63
32 67 41
31 48 6
46 52 2
72 25 62
50 77 1
20 49 40
9 9 33
82 76 67
51 16 45
3 11 46
50 56 63
49 11 27
43 23 25
46 58 74
48 5 62
28 79 48
70 38 42
84 1 72
31 49 30
82 32 9
80 36 17
42 63 4
39 63 29
49 30 43
66 50 59
19 86 19
53 73 33
30 23 21
40 28 37
32 73 80
79 79 57
55 60 14
29 13 19
48 63 58
40 81 27
7 38 21
7 71 4
71 30 66
18 51 5
64 64 58
55 11 17
9 22 11
6 60 27
1 80 34
54 35 62
46 14 55
77 11 51
65 75 18
78 44 50
76 3 75
72 52 81
2 48 5
18 3 67
82 70 51
81 64 20
14 53 83
49 57 66
70 76 5
15 44 78
25 50 19
11 26 48
76 27 51
50 75 44
54 48 21
52 44 34
4 85 31
9 49 58
36 75 12
26 2 85
76 32 4
10 44 38
79 50 39
80 38 4
36 59 58
45 16 10
3 44 54
37 38 36
21 59 18
57 35 72
40 29 43
54 68 2
76 48 78
84 30 21
17 16 74
68 70 53
14 10 14
60 49 51
10 76 33
62 78 55
49 22 82
1 59 31
7 44 35
28 41 67
75 58 19
73 37 16
51 60 84
39 65 30
19 30 38
26 32 24
15 82 23
41 86 58
27 84 74
12 71 4
26 10 28
3 76 51
57 62 61
18 66 2
3 20 27
19 54 80
8 79 14
45 81 5
73 55 64
48 42 39
69 57 51
8 64 42
83 28 65
49 86 15
1 69 17
62 58 19
51 62 59
9 45 45
12 59 29
36 8 83
70 23 30
23 6 74
35 49 19
34 10 5
69 67 81
63 52 6
13 62 48
25 43 75
76 29 69
49 7 27
15 47 70
65 63 62
77 81 64
70 2 85
66 65 85
21 55 41
42 30 36
6 11 83
79 21 36
46 48 61
6 44 70
7 45 5
77 63 55
74 35 38
49 58 24
3 61 25
62 16 55
82 83 84
79 63 45
4 38 74
67 6 22
67 55 62
44 10 86
30 45 9
81 81 2
23 7 6
7 50 84
78 76 82
27 73 48
73 83 13
15 15 13
57 38 11
57 73 52
86 56 17
19 84 50
29 70 86
42 67 31
75 46 38
75 12 56
83 23 82
23 1 70
72 62 45
35 51 9
9 58 5
26 56 61
81 44 85
36 40 59
62 35 1
73 64 9
82 19 28
24 25 46
49 79 12
18 13 40
30 51 2
43 32 18
56 10 38
65 56 6
64 44 23
72 9 9
38 6 26
74 8 2
15 59 23
55 21 42
30 79 11
61 32 59
60 5 17
46 81 1
61 2 21
65 1 15
7 86 22
53 41 59
4 80 61
56 20 27
25 72 82
59 41 73
74 6 23
63 57 28
78 22 8
19 11 8
42 35 37
66 42 5
2 16 1
48 15 74
10 21 48
78 10 49
53 18 18
17 64 30
77 16 47
44 14 1
71 85 49
72 78 73
74 41 38
29 45 21
70 57 7
6 72 72
43 40 21
30 27 10
20 38 5
31 28 78
20 71 61
30 8 79
7 55 48
2 80 69
34 28 55
39 46 51
75 86 51
55 61 37
85 65 74
54 49 84
78 79 48
35 51 16
4 49 5
22 84 24
79 56 44
46 23 60
35 22 74
22 25 15
36 45 69
43 61 32
77 86 72
23 80 29
63 66 43
58 32 86
21 35 37
40 82 24
30 51 45
60 5 35
55 7 14
82 52 42
9 14 36
38 32 42
10 34 19
59 42 74
6 13 14
70 76 55
13 53 30
51 81 18
46 69 13
17 76 13
77 32 22
75 86 55
11 51 36
67 42 9
18 56 16
14 76 86
61 55 70
54 16 20
43 25 24
80 59 5
21 9 60
52 85 27
44 79 55
50 9 48
5 66 69
81 68 77
83 44 36
4 79 15
86 49 44
77 16 43
68 50 6
66 14 1
46 21 60
49 37 25
57 86 56
82 6 63
14 51 59
32 30 73
53 62 57
55 11 26
19 58 46
4 5 24
39 54 35
3 74 34
74 46 3
21 1 49
65 16 18
31 27 51
22 14 59
25 5 75
42 34 32
43 47 49
15 41 16
62 8 33
27 80 50
41 25 79
75 19 22
7 35 68
66 85 57
81 45 45
23 53 82
13 18 33
85 68 25
64 60 49
36 36 37
75 3 25
86 44 26
83 54 41
77 50 49
79 79 4
20 78 6
83 2 79
18 63 12
46 2 15
40 67 31
20 77 8
8 27 55
64 60 76
71 29 80
40 17 67
86 64 19
74 2 6
5 22 79
31 59 5
54 34 10
35 64 55
8 73 43
8 29 72
31 23 66
78 82 63
20 76 3
69 17 75
30 10 83
46 11 72
49 70 41
18 25 77
3 34 28
54 42 49
10 14 29
5 50 1
69 24 37
81 29 37
47 22 75
12 57 22
17 55 68
59 10 33
46 77 2
13 74 72
3 39 65
82 67 51
52 15 47
55 74 28
62 20 22
4 37 5
61 79 40
81 65 3
48 29 68
10 2 76
36 36 80
32 38 61
83 68 51
72 83 36
27 38 5
17 34 14
55 56 61
2 59 73
10 34 12
5 17 49
23 23 76
79 38 64
39 77 3
8 84 78
45 12 75
52 72 53
12 9 69
53 69 25
16 60 85
46 11 53
76 5 69
68 48 73
61 14 85
49 22 38
54 16 36
65 83 7
59 26 1
48 18 24
80 82 23
5 13 58
52 50 68
85 36 64
48 55 83
21 58 57
75 38 68
41 62 68
68 40 72
77 24 17
63 78 38
11 29 37
6 69 8
29 51 59
5 33 63
4 76 32
48 56 75
77 12 28
55 18 84
30 70 73
13 84 85
4 62 86
45 32 10
29 57 31
19 65 48
29 50 41
53 12 26
65 60 50
28 7 12
55 32 33
20 83 19
86 18 47
76 63 20
4 12 73
75 62 77
66 4 70
9 42 21
61 69 19
76 43 11
14 2 69
54 70 46
42 19 66
28 59 65
31 43 7
64 81 31
30 50 72
68 65 53
13 67 29
16 61 79
51 28 30
17 27 71
61 53 61
64 30 56
57 3 53
28 38 69
24 76 29
33 21 81
57 37 58
27 75 52
21 14 70
75 63 82
81 58 18
85 29 71
60 58 8
34 30 72
57 13 64
7 44 47
30 25 15
20 71 9
58 1 44
8 31 83
8 11 2
19 25 21
10 82 27
86 2 9
3 84 14
33 85 2
82 28 85
84 45 70
62 61 83
67 56 42
56 2 82
74 39 23
71 21 30
25 18 11
60 72 79
47 54 17
24 50 23
50 73 2
7 10 21
39 42 77
32 16 35
69 4 18
3 79 24
