1000
47 63 3
1 44 26
55 9 14
38 52 2
40 11 59
6 39 49
21 52 46
50 39 60
7 43 37
19 56 47
22 34 62
2 53 63
29 54 33
29 29 34
69 68 56
66 16 67
52 57 30
59 13 25
50 54 5
32 45 5
25 61 35
40 18 23
22 59 20
12 16 29
49 52 48
18 23 34
33 9 43
4 16 65
14 67 39
68 17 65
7 47 6
60 12 29
24 63 47
8 54 34
52 41 22
45 18 32
59 12 39
20 20 43
58 5 42
39 1 25
32 18 4
5 57 1
48 62 3
29 29 67
18 14 8
25 21 32
9 32 37
23 54 15
64 6 47
19 31 41
31 33 53
62 48 6
67 2 27
36 49 64
24 61 17
24 35 13
66 35 68
56 38 46
24 9 55
10 16 70
59 32 4
51 39 64
12 46 34
65 46 47
58 62 49
24 23 63
17 29 37
21 63 18
3 50 27
57 5 32
11 64 66
35 48 35
10 1 42
14 15 56
38 56 33
19 64 26
68 36 28
46 13 54
35 26 47
18 18 56
28 40 54
69 34 39
55 49 45
11 36 61
4 33 10
21 25 23
52 55 29
36 33 17
50 26 69
8 48 69
27 70 20
49 36 43
1 42 69
35 50 31
50 51 33
27 66 20
66 36 46
70 27 54
8 45 27
23 60 41
68 33 57
13 4 34
21 62 63
52 50 20
16 49 17
15 43 34
44 20 27
45 18 57
3 43 23
50 51 6
26 28 8
54 66 46
19 44 8
56 66 39
46 37 60
70 49 57
27 53 9
56 29 62
61 62 49
68 30 32
55 50 47
22 65 40
22 21 33
1 29 70
50 34 35
4 59 33
29 5 12
6 66 38
28 56 13
40 62 15
52 26 4
68 48 4
48 47 56
21 24 55
9 4 67
12 39 35
29 26 17
22 7 45
11 3 19
63 68 18
32 54 53
16 10 1
47 11 35
17 19 22
42 45 65
1 69 33
6 48 59
21 52 65
36 5 4
25 47 50
66 34 61
36 70 29
51 43 39
61 32 43
7 66 55
70 23 41
62 51 22
37 53 1
64 46 11
3 15 20
21 42 59
1 32 4
65 17 42
15 18 57
13 1 58
57 18 20
62 51 47
44 60 3
8 10 46
66 63 44
33 57 58
69 22 58
40 24 16
29 43 69
25 20 33
67 54 66
29 60 40
17 68 53
35 19 38
60 67 59
27 47 55
51 46 1
20 10 19
19 56 13
19 61 18
22 26 16
52 57 27
60 48 5
13 8 19
40 67 18
62 33 53
49 28 37
64 51 8
46 4 13
32 48 41
16 17 11
49 57 56
25 7 12
42 43 6
25 37 22
43 32 11
35 46 54
62 53 59
10 49 69
27 6 13
27 3 8
16 24 46
68 21 38
37 2 22
55 11 50
39 34 20
14 35 33
14 15 25
8 62 50
25 66 64
27 50 12
1 34 48
45 7 60
30 52 54
43 69 39
41 70 70
18 4 13
33 58 18
58 7 11
63 50 65
44 6 45
29 48 24
45 56 27
6 15 35
47 68 21
31 28 8
44 47 38
3 31 28
51 68 53
34 38 68
62 70 2
17 10 13
63 35 17
57 52 9
38 23 23
9 50 66
17 59 41
64 47 25
21 58 7
13 31 25
8 48 12
56 17 47
22 59 32
51 56 24
30 18 61
17 16 19
30 70 64
3 9 42
11 5 66
3 58 5
64 27 22
54 45 35
9 48 56
17 59 34
21 35 43
65 25 15
15 42 58
16 60 14
50 64 69
52 64 23
57 54 29
9 40 36
51 6 1
40 17 66
60 46 33
61 65 3
64 33 54
26 67 2
50 29 41
34 20 65
31 23 23
24 66 69
45 33 52
14 4 49
16 70 1
51 15 25
61 17 67
27 30 45
26 21 26
34 58 67
10 50 52
33 37 26
65 16 67
12 34 41
10 29 60
18 55 38
12 10 26
34 36 3
17 5 1
26 9 28
33 10 68
39 10 47
47 10 67
37 25 30
38 50 50
35 25 16
11 19 33
67 30 67
36 23 55
33 12 34
43 61 5
66 4 65
20 48 68
18 28 45
14 38 59
64 55 66
36 6 6
23 25 59
38 51 53
20 37 22
15 33 45
19 65 46
55 30 35
20 60 58
61 3 64
17 13 16
37 32 66
45 36 27
56 66 16
34 22 29
33 29 19
9 13 67
34 20 10
14 54 47
65 43 40
54 27 12
1 33 31
45 66 70
59 16 64
48 37 60
30 46 69
20 40 48
42 11 2
18 39 33
68 2 63
21 33 56
57 11 45
56 21 38
68 57 5
49 70 63
7 24 34
12 7 31
18 39 49
62 53 49
29 12 18
51 27 54
30 37 32
49 63 68
35 64 67
62 37 50
34 7 31
40 27 47
4 47 44
39 44 30
64 46 7
7 17 53
66 14 59
10 25 14
17 42 21
17 35 11
12 8 44
36 35 7
23 46 70
68 49 45
35 34 57
6 19 38
12 26 57
4 4 10
14 11 66
62 56 23
8 37 36
15 43 65
21 22 62
3 6 20
70 55 57
44 65 59
55 14 63
31 36 28
44 16 9
29 42 33
65 8 1
23 23 47
48 54 21
46 70 70
58 64 55
52 46 35
14 4 42
25 49 14
8 67 57
24 19 30
46 5 24
66 28 35
12 17 52
59 31 31
17 34 2
11 57 13
68 30 40
50 48 18
21 26 66
59 27 39
61 21 27
7 17 31
59 55 23
53 15 58
3 16 34
46 1 40
54 49 12
69 59 17
14 34 15
44 22 70
64 36 10
28 42 42
26 27 34
64 9 13
53 62 15
40 41 60
54 67 52
30 69 7
52 54 66
9 26 20
4 40 21
15 50 17
49 59 51
33 28 39
49 9 44
31 59 13
34 63 10
10 55 49
20 65 1
64 54 44
12 60 9
44 10 19
47 38 9
37 4 67
17 4 35
8 44 6
35 33 42
54 19 44
44 23 52
58 51 56
14 9 17
18 31 11
2 59 45
7 61 62
18 52 35
30 64 33
16 18 1
3 26 56
2 15 33
10 48 10
38 31 21
9 19 61
10 57 54
2 1 6
68 17 55
5 70 67
20 2 39
8 51 27
1 30 31
65 45 23
42 15 52
3 34 8
66 5 62
69 16 13
4 10 14
53 9 13
68 67 33
10 4 68
27 52 10
22 39 46
70 10 65
12 46 67
65 50 45
58 24 3
13 14 21
8 10 22
12 44 30
4 19 53
29 5 44
16 58 60
60 16 62
32 27 9
56 6 27
20 11 58
4 55 33
42 46 33
48 8 8
68 63 4
35 59 53
45 31 69
30 5 52
21 10 14
39 28 39
48 51 49
63 42 53
37 65 10
40 64 32
70 63 63
67 42 64
5 51 49
12 24 4
44 34 55
15 58 25
3 10 25
4 8 11
1 66 27
15 42 62
54 18 33
68 39 60
40 68 17
64 47 51
40 37 37
34 70 68
2 61 49
55 3 25
36 61 70
35 10 27
61 26 23
48 16 28
64 11 55
12 23 41
46 48 18
48 40 14
19 60 14
31 19 68
23 64 27
17 38 7
47 65 54
24 45 22
23 57 48
21 47 16
24 62 25
58 69 49
50 61 35
11 53 5
52 32 16
40 35 54
56 47 2
60 63 9
26 7 31
15 8 51
40 34 51
57 26 9
43 35 23
25 43 28
37 54 18
36 40 67
69 20 17
35 58 31
56 17 10
38 52 25
47 25 42
18 11 62
43 8 31
9 66 11
25 7 69
59 64 2
24 38 33
28 27 65
27 50 21
2 37 60
6 61 55
15 70 4
56 19 40
5 6 61
21 54 33
37 18 63
59 17 22
58 14 65
62 27 7
57 58 4
30 57 24
21 9 45
49 68 59
27 8 5
9 27 57
33 16 6
15 8 18
59 30 65
5 29 36
3 61 6
33 65 69
35 4 6
3 26 50
23 20 57
50 14 7
22 17 13
55 30 53
10 66 54
44 62 59
67 35 30
59 60 59
21 21 7
45 27 49
57 24 15
5 49 7
50 36 67
70 25 6
65 53 16
25 22 67
36 66 2
28 50 29
39 16 41
34 69 70
10 39 33
60 15 68
34 60 43
41 20 43
55 30 18
10 44 12
9 52 20
67 4 14
42 37 18
33 57 41
26 44 50
41 16 26
33 23 69
7 36 6
31 11 38
14 67 24
29 22 48
17 32 58
38 16 23
8 21 42
3 33 64
26 44 60
12 51 38
32 30 15
45 11 38
5 35 3
66 29 11
1 55 20
63 58 64
30 39 8
3 60 4
22 19 3
38 15 65
28 55 17
53 13 20
13 53 24
23 50 4
60 5 21
42 68 19
30 65 46
7 8 47
46 67 56
55 51 25
59 6 62
60 54 52
35 32 52
35 5 50
28 14 31
55 51 32
58 65 24
10 15 66
68 48 17
37 45 65
31 68 9
20 5 27
1 50 5
57 66 37
57 35 54
32 34 49
49 55 47
17 40 4
24 42 17
17 35 34
66 57 51
66 70 20
30 37 56
3 54 38
38 5 46
8 43 26
28 3 7
34 10 19
55 19 69
3 68 69
18 52 41
10 27 18
13 43 30
56 19 40
23 26 12
4 3 41
60 27 62
64 9 31
13 50 34
10 10 61
29 8 32
16 22 2
25 28 60
47 31 41
36 20 20
66 55 11
20 48 28
1 53 24
50 59 6
36 56 63
32 8 43
63 3 12
25 34 12
11 24 65
56 4 62
36 24 64
2 45 42
41 4 3
70 25 33
66 26 60
2 18 9
16 48 1
25 25 49
37 69 11
13 15 41
43 69 37
28 26 7
34 68 54
24 11 61
15 19 23
62 18 1
38 57 6
39 47 60
53 29 54
42 14 59
34 50 13
42 6 47
48 31 16
41 17 52
19 41 53
7 47 51
40 43 57
62 18 59
26 65 10
60 59 41
60 18 29
36 37 25
18 43 48
52 31 56
46 40 44
21 20 2
26 19 33
28 66 67
51 59 18
34 15 32
37 15 27
8 59 62
24 69 12
2 57 59
49 29 12
7 29 70
32 14 9
51 51 33
30 5 15
49 47 50
12 54 57
52 60 13
39 13 21
38 2 68
34 26 2
53 52 51
34 62 58
69 62 35
40 45 58
70 54 44
40 44 9
58 8 10
31 68 45
34 64 35
14 40 20
8 48 48
7 57 50
29 8 24
48 38 53
48 34 45
27 64 34
8 36 27
12 54 7
3 41 3
27 31 8
17 3 44
64 37 20
23 24 30
42 61 14
6 70 2
12 41 19
19 17 29
2 12 22
24 69 57
10 61 57
42 4 14
53 36 54
48 33 49
35 12 16
60 12 23
14 44 54
66 62 17
60 27 63
26 68 40
59 69 55
49 17 29
49 26 9
30 20 67
29 59 6
7 53 47
63 21 3
55 67 36
67 24 65
44 4 6
61 1 67
29 3 42
17 68 47
69 51 63
38 11 7
16 60 21
8 30 66
28 3 9
22 65 55
6 22 24
22 1 48
13 57 23
29 22 61
53 45 67
67 59 33
48 40 20
9 21 41
53 10 32
46 49 22
2 50 20
59 22 13
3 17 54
13 31 64
55 24 29
17 69 26
18 52 62
36 22 50
52 4 68
32 43 19
24 17 46
33 37 32
4 64 43
43 48 56
4 27 16
18 34 66
2 36 3
19 55 62
27 62 20
68 64 41
70 68 31
22 62 38
17 21 61
38 2 13
28 12 21
54 14 52
4 70 31
51 44 12
61 42 69
44 29 33
24 48 63
26 30 8
11 22 43
48 63 2
32 16 46
35 17 34
36 12 60
16 23 40
39 42 23
51 27 55
24 26 35
58 33 23
36 24 27
61 33 53
65 3 62
27 51 5
39 21 48
57 11 30
1 19 20
63 4 55
26 18 35
28 23 49
46 22 41
49 64 3
19 39 35
13 56 26
7 69 29
37 40 25
44 9 65
20 32 33
59 70 68
26 60 67
10 57 60
48 20 36
59 54 15
7 35 6
14 47 62
55 70 21
28 52 44
64 17 23
24 2 28
28 9 31
61 45 37
27 56 29
64 22 29
1 69 9
28 43 39
34 52 24
1 69 26
44 57 68
40 66 29
48 30 54
30 39 16
64 36 55
52 34 49
70 1 3
19 52 1
36 38 24
57 30 33
69 46 35
47 47 61
13 27 26
58 46 29
26 8 36
26 66 8
55 1 49
44 38 3
61 25 2
41 25 10
31 63 38
29 61 21
36 55 52
35 7 42
18 7 54
29 49 11
15 5 63
42 39 17
44 66 6
43 33 62
27 61 1
23 21 37
5 31 67
24 36 49
66 24 62
33 23 63
4 26 40
32 64 11
57 11 31
16 41 48
61 46 25
18 31 11
61 8 18
37 44 38
39 10 16
30 60 28
8 65 36
51 16 63
18 44 56
34 24 67
6 45 62
52 62 33
4 32 32
22 29 50
19 36 33
49 67 49
36 68 31
66 37 26
13 57 45
8 13 19
46 67 63
1 29 13
26 22 28
42 41 20
68 32 7
27 27 60
6 61 63
41 26 55
49 63 27
63 64 34
67 44 38
12 39 20
22 3 5
40 64 64
40 67 31
32 47 63
63 19 46
7 11 59
12 44 53
14 19 34
18 52 28
1 39 65
51 27 29
54 10 16
43 22 40
42 7 68
36 25 34
50 66 30
57 55 46
19 42 63
5 56 53
