100
9 15 13
7 13 31
16 24 28
20 27 14
25 4 27
16 34 7
23 22 8
20 17 19
7 21 18
15 13 37
35 3 9
23 29 37
34 8 23
16 2 3
13 33 1
35 3 7
23 41 27
6 7 17
4 26 19
18 1 5
6 12 2
19 10 4
9 14 25
18 23 5
5 22 5
28 22 41
1 2 4
4 10 31
8 7 31
11 22 11
31 21 29
38 14 20
4 30 35
29 1 34
4 21 8
17 15 4
11 17 5
27 14 38
25 7 37
28 9 32
31 26 37
24 35 11
26 4 38
22 31 35
37 31 3
10 28 34
4 17 1
7 36 41
11 11 25
28 3 11
31 13 20
14 32 32
32 40 12
30 32 23
35 4 20
34 13 20
27 1 3
30 13 7
28 29 38
12 41 29
21 29 17
16 21 38
40 16 25
28 14 33
26 25 27
13 37 35
35 20 26
28 32 9
14 11 9
9 21 20
6 32 5
19 14 33
8 26 29
16 23 13
9 28 38
41 17 11
24 38 15
18 31 10
5 16 22
36 38 33
3 31 19
29 23 4
8 4 6
1 40 2
41 35 4
5 4 1
16 1 3
38 29 16
8 17 39
25 35 15
22 4 38
37 32 16
4 37 7
29 13 23
36 41 41
29 28 17
35 31 29
39 4 32
35 26 32
23 31 25
