1000
15 47 54
37 45 33
18 64 22
23 49 39
52 38 24
13 35 7
13 26 30
42 42 39
40 61 42
36 31 6
32 66 36
9 16 7
35 35 52
40 40 64
18 7 54
47 6 4
16 13 22
61 3 31
59 38 13
32 39 26
53 47 66
3 65 13
23 61 5
6 2 48
46 64 17
8 44 22
44 62 18
5 55 24
57 1 63
66 20 26
36 59 5
45 27 62
16 45 51
17 27 54
24 58 57
36 25 31
32 2 30
33 63 17
66 56 66
22 58 57
44 47 37
61 65 18
3 19 22
17 16 63
41 51 64
51 27 16
9 65 8
4 53 12
53 15 31
7 34 10
46 62 23
5 2 61
6 20 62
5 9 11
40 35 10
40 17 42
64 14 60
50 9 10
12 16 25
24 63 62
17 22 63
61 60 30
33 60 38
62 62 17
32 16 30
33 35 48
54 37 61
8 22 53
45 33 22
24 2 31
13 33 61
3 36 54
14 39 44
49 25 63
50 38 22
63 44 38
44 11 34
12 65 13
49 32 6
60 34 36
59 39 60
58 57 54
53 8 51
62 11 19
15 30 19
2 2 10
28 12 58
40 16 64
45 3 45
64 52 15
54 41 2
49 6 33
19 35 42
5 32 34
8 24 20
11 61 41
12 18 50
56 1 46
47 17 24
44 52 1
15 26 23
41 21 31
44 33 50
22 34 40
8 52 1
31 42 34
66 13 45
12 65 42
51 26 66
20 42 48
20 31 14
31 49 52
32 66 51
35 3 30
60 13 15
47 10 27
66 12 2
59 4 29
5 59 5
42 39 28
8 38 21
37 6 21
52 24 43
27 48 21
20 66 43
9 57 58
20 50 16
10 15 24
28 65 46
11 64 58
24 63 18
25 37 28
20 16 15
20 34 3
15 23 50
28 61 40
24 1 4
49 65 21
48 42 10
38 17 10
22 8 4
1 26 29
39 59 49
38 47 66
64 36 8
10 4 39
9 49 63
25 32 39
31 30 48
39 66 45
45 56 14
12 62 46
7 39 15
9 46 20
60 62 29
3 45 39
43 49 43
34 53 4
53 25 6
65 39 15
50 20 20
53 31 31
7 42 56
11 60 47
63 34 17
30 41 27
6 28 30
2 9 29
59 62 20
50 51 18
8 3 57
54 37 52
38 62 57
62 52 54
61 42 32
27 55 13
22 33 47
60 18 33
32 25 36
15 41 39
7 39 56
2 42 14
28 21 58
31 66 36
14 65 16
44 21 4
2 36 24
22 13 11
38 6 62
25 60 63
15 9 17
64 28 66
59 52 63
57 15 11
24 22 36
33 9 57
35 55 65
29 21 50
31 2 65
41 48 26
29 25 44
39 53 17
24 64 57
4 24 51
36 38 65
12 28 51
40 59 10
4 63 59
42 15 47
37 57 33
23 35 27
27 28 60
60 2 36
25 38 56
34 58 8
42 5 23
5 17 64
11 15 48
45 30 62
46 16 14
45 37 29
21 14 49
57 7 17
34 5 28
63 38 20
42 64 30
16 36 6
18 15 35
44 26 11
62 45 38
7 28 57
9 5 48
59 54 23
9 54 58
23 18 38
55 34 45
56 2 8
26 50 24
13 15 47
8 6 23
17 64 62
12 31 23
31 45 14
30 35 65
32 36 41
29 63 31
32 63 8
6 59 17
36 58 45
50 11 27
2 24 48
29 61 53
38 52 36
25 2 14
63 52 65
48 50 1
31 4 3
12 65 63
30 17 61
66 31 65
43 30 55
12 37 38
64 18 46
51 59 26
12 65 38
38 29 7
3 38 8
54 16 50
61 38 39
45 23 48
29 20 5
27 16 50
62 35 15
38 5 56
48 43 50
6 3 5
13 45 9
40 34 45
42 18 14
8 21 22
27 65 49
65 56 24
19 41 46
38 66 18
62 29 44
10 23 61
24 49 56
38 11 43
11 9 9
51 49 7
27 59 14
62 56 3
35 47 21
24 46 63
55 44 63
5 32 45
65 56 9
63 11 19
65 47 43
38 33 40
28 31 1
10 51 63
33 29 57
11 45 36
60 43 54
55 66 10
19 22 8
20 22 26
59 51 53
17 25 31
53 60 34
42 40 23
43 65 38
38 21 23
24 15 9
60 31 26
18 45 34
23 14 47
32 19 58
65 6 23
4 53 17
21 46 5
21 44 63
47 31 14
24 27 34
2 29 66
22 27 4
62 61 57
27 33 6
52 21 25
59 8 66
25 23 22
54 19 20
33 55 53
25 17 15
50 16 56
15 30 27
25 28 16
48 22 9
21 26 49
38 39 13
30 60 14
64 43 13
50 53 23
39 32 65
62 37 4
56 50 62
14 44 33
53 65 58
39 7 2
22 66 33
21 25 36
13 31 57
55 20 50
66 21 55
16 40 16
23 36 63
8 23 31
9 10 26
41 12 22
59 50 50
26 12 43
50 49 52
28 51 37
49 35 51
60 29 24
42 36 61
40 4 25
11 19 62
39 31 2
19 19 59
20 45 3
54 45 1
33 6 36
51 21 11
39 34 23
48 35 38
3 5 32
8 47 3
33 23 2
53 52 52
29 65 58
49 51 3
63 26 29
7 41 21
30 23 52
29 9 45
61 35 22
42 37 46
1 32 54
10 33 47
27 48 40
56 59 43
32 47 39
8 53 23
28 23 35
27 8 48
61 2 34
35 47 32
6 63 45
56 64 25
41 21 39
28 4 3
54 38 40
57 2 8
31 34 62
60 5 64
26 54 66
49 48 40
28 34 7
57 13 4
2 66 15
4 33 40
66 47 62
31 48 8
3 27 53
61 30 63
3 48 32
65 7 46
25 52 46
11 58 11
6 41 39
16 61 34
4 18 62
65 6 7
35 58 18
18 30 20
18 24 19
18 60 47
27 1 64
45 12 45
56 51 41
21 29 48
38 65 5
50 18 13
57 3 50
6 59 16
45 14 29
11 39 26
9 58 61
37 10 28
48 16 64
4 59 32
19 37 48
36 51 65
50 16 47
18 1 1
28 27 65
32 23 42
29 10 64
4 26 58
63 37 3
16 9 3
51 28 1
58 63 58
11 23 27
66 18 46
32 9 54
15 43 45
59 56 11
62 32 44
58 17 20
27 12 51
62 62 32
56 27 11
58 40 55
52 39 66
17 44 8
18 41 45
6 34 39
24 58 62
59 8 13
2 55 4
27 27 14
35 21 64
46 14 55
41 50 66
24 5 20
36 14 10
24 11 26
63 23 66
39 2 49
51 8 66
47 27 34
17 10 25
23 62 33
63 6 4
38 18 26
7 22 15
42 16 2
66 50 60
56 27 2
42 16 25
54 48 45
62 2 10
49 14 34
56 45 62
60 21 58
25 45 33
42 42 23
61 3 4
33 64 33
32 9 25
60 58 24
31 58 37
32 28 24
7 15 29
61 20 1
63 3 2
51 18 52
63 16 19
62 31 27
8 54 56
62 2 54
55 6 53
17 57 43
4 10 34
39 57 42
2 32 64
21 20 56
18 45 15
32 66 26
24 48 35
14 19 26
41 8 25
41 6 53
25 57 5
31 23 55
21 66 26
37 59 53
45 28 63
32 52 43
34 6 40
25 60 60
35 38 18
15 6 14
19 40 8
42 58 27
59 33 47
31 43 1
40 25 27
33 62 37
13 35 29
46 62 36
36 14 64
41 46 20
60 17 25
12 14 26
40 59 4
35 58 26
23 35 62
38 14 13
36 3 20
44 1 39
65 62 24
32 59 47
31 60 51
55 42 35
29 37 30
6 64 36
40 10 5
45 17 59
18 4 54
57 6 30
10 57 23
5 2 64
42 49 65
49 55 47
6 18 9
42 2 59
12 16 9
16 8 9
30 22 66
65 13 51
9 41 52
34 21 18
15 10 57
49 60 9
11 14 19
11 44 42
38 36 18
13 22 64
2 46 48
31 60 1
40 37 45
33 57 43
30 31 1
38 50 5
17 59 12
37 55 63
5 34 3
39 33 61
30 33 56
47 5 41
50 10 51
3 39 34
35 7 65
62 23 65
16 8 61
19 20 63
36 57 26
19 4 65
3 60 32
11 47 25
36 4 32
65 8 58
48 4 31
19 36 43
3 5 15
27 35 31
65 53 2
19 20 54
63 11 49
11 49 30
52 43 7
43 53 47
30 54 34
54 49 49
33 32 44
53 8 19
61 28 64
64 19 49
33 53 4
54 52 6
17 33 30
25 33 18
65 58 6
36 36 1
18 66 23
37 31 14
46 12 49
40 13 47
20 27 2
51 16 12
45 56 54
45 23 47
34 55 42
55 1 22
16 18 15
46 15 53
42 26 4
65 16 66
65 35 12
2 17 19
18 56 13
31 36 55
20 59 54
40 14 63
57 48 34
28 11 54
9 27 41
47 53 46
36 44 35
43 19 50
64 46 47
44 39 51
50 25 17
32 38 5
15 66 36
37 25 56
63 25 3
37 37 54
10 46 27
57 35 32
59 54 17
66 21 36
19 2 22
23 9 63
53 44 66
21 53 25
62 61 17
37 33 48
65 10 17
44 27 19
64 52 43
61 45 30
20 18 3
18 39 49
63 36 58
12 16 36
38 64 2
8 35 58
5 10 41
15 21 23
51 5 53
29 34 42
29 5 45
47 39 24
47 32 49
33 22 39
24 1 28
52 8 40
49 9 19
46 13 2
1 20 9
42 29 31
27 27 23
2 22 63
19 18 19
25 29 50
56 37 15
19 16 35
65 54 59
14 30 47
3 36 9
43 43 25
53 48 62
43 28 4
63 42 35
25 51 29
12 35 11
44 55 66
10 51 57
6 55 31
37 46 60
18 2 27
29 63 50
41 12 33
6 14 23
60 66 27
35 51 28
63 63 23
9 19 50
6 3 30
30 10 41
8 33 46
18 32 33
21 31 37
4 27 43
56 13 62
47 1 44
56 14 43
52 41 57
38 17 58
34 45 57
8 58 2
18 10 58
23 49 1
58 34 24
33 56 45
21 7 6
21 17 53
28 10 22
62 19 8
62 26 8
20 43 3
9 18 38
34 42 62
6 15 42
27 5 23
14 48 62
21 50 46
10 63 40
63 60 59
7 56 3
54 35 64
37 17 23
23 9 52
44 50 64
36 65 16
17 52 40
24 45 62
8 6 8
31 5 21
62 60 13
65 44 18
43 54 21
58 7 34
37 28 26
65 10 29
36 45 61
59 55 64
57 31 59
37 61 6
42 24 5
32 36 53
32 24 60
20 48 44
48 26 11
1 45 19
20 1 48
65 25 43
6 30 26
24 12 46
64 7 52
57 37 57
4 36 55
58 55 28
50 47 43
51 47 43
22 26 44
2 27 48
52 27 48
48 60 64
14 38 8
35 48 27
53 53 32
25 55 31
22 21 54
64 49 31
38 28 55
58 15 38
34 13 16
58 25 42
62 65 54
17 1 4
37 58 48
50 37 27
52 66 46
57 43 16
9 23 28
27 6 1
31 42 52
7 35 34
8 17 43
35 40 36
19 35 7
21 18 15
38 17 27
20 49 46
54 10 7
46 3 27
17 35 40
23 13 21
18 50 49
4 26 4
25 18 56
15 19 13
4 11 45
10 7 23
2 25 38
18 51 49
57 56 9
40 50 63
24 36 26
4 61 35
54 17 39
53 64 15
21 31 60
65 49 4
20 43 8
8 5 36
52 7 9
2 16 12
14 64 59
41 64 51
42 53 16
24 57 37
66 41 47
37 2 2
32 49 14
35 28 6
9 4 56
34 31 20
61 65 55
60 40 44
35 41 31
4 23 24
17 2 17
35 2 3
19 61 36
66 62 22
17 59 9
24 36 54
31 38 35
49 4 22
40 30 52
58 23 15
15 34 20
49 59 64
18 45 15
14 22 10
19 57 35
15 19 14
22 9 17
62 57 59
51 56 38
39 45 51
39 29 8
54 40 35
52 20 31
19 53 12
39 5 23
11 26 55
45 57 37
50 5 27
21 55 23
48 45 40
54 28 24
33 14 51
56 11 34
7 59 60
50 11 13
3 3 14
34 29 31
56 27 7
44 29 60
65 62 52
14 43 30
30 26 10
58 54 45
13 2 54
12 28 32
24 46 46
13 28 22
32 18 9
6 41 49
33 6 12
55 2 34
11 3 33
18 58 11
14 18 13
21 27 13
65 48 60
40 12 15
20 38 24
44 55 13
16 17 39
4 43 4
24 31 56
46 38 17
18 66 61
58 59 41
31 36 60
53 46 48
34 58 29
38 42 62
56 62 2
60 44 24
30 58 7
33 46 8
11 37 51
16 3 39
61 32 41
11 61 18
22 44 55
52 28 32
15 14 26
17 51 52
42 33 10
45 45 20
9 45 38
43 31 49
22 27 63
42 42 11
34 7 11
44 48 58
18 49 25
16 28 65
39 49 16
19 44 11
39 43 55
41 2 62
12 3 60
23 55 36
13 16 64
51 50 60
56 29 17
28 5 11
21 26 9
52 4 40
64 17 55
63 8 12
26 2 15
26 47 16
42 16 17
2 43 13
53 29 2
56 23 34
39 21 6
9 8 4
18 51 58
52 47 13
26 33 30
3 26 60
57 37 24
39 14 21
14 30 21
32 49 65
53 54 44
45 56 9
8 57 35
33 21 62
33 61 6
13 6 45
16 64 59
10 19 7
48 42 48
33 39 47
16 32 3
22 53 17
14 29 9
33 44 49
2 46 40
22 65 2
40 55 39
11 11 50
60 56 63
35 13 41
61 49 40
