100
32 12 12
51 49 14
17 51 13
29 53 2
48 21 43
13 39 23
50 55 18
32 44 42
1 2 38
1 54 47
36 28 53
18 17 56
10 28 3
30 14 53
7 45 54
21 16 55
48 5 24
31 18 57
11 7 43
23 22 45
14 24 44
36 17 29
48 51 33
42 23 45
43 33 20
49 12 11
28 25 45
42 5 9
37 48 54
12 55 6
37 52 27
56 28 41
19 53 33
34 14 24
41 53 55
53 50 32
32 7 25
29 33 31
49 15 8
11 32 37
51 18 5
6 47 53
49 27 23
4 48 47
44 54 52
5 11 5
56 24 21
49 26 31
6 51 9
47 13 7
12 12 9
1 55 45
2 38 57
18 6 25
47 28 27
39 18 19
6 54 55
17 33 25
6 57 32
35 49 54
34 51 19
37 52 9
22 47 51
35 32 47
54 5 25
51 31 39
46 33 41
24 55 34
1 1 21
7 28 8
6 31 17
42 43 45
47 34 34
1 44 44
3 43 55
28 2 4
9 13 28
46 3 21
38 28 40
35 11 45
31 47 48
41 4 41
26 41 51
35 20 32
2 8 9
56 13 53
18 34 11
42 14 16
25 15 54
48 42 29
20 24 46
15 47 52
21 46 37
36 21 53
51 18 10
20 50 25
40 51 55
24 53 37
23 11 43
40 3 14
