100
29 30 34
14 33 36
21 19 15
29 14 12
11 23 24
15 16 28
2 24 10
27 1 11
10 13 9
4 18 10
25 18 11
20 8 5
9 8 3
33 3 22
3 15 3
36 18 30
18 8 31
2 4 5
32 28 8
15 24 9
25 31 5
31 4 35
22 10 8
2 8 27
20 7 12
17 22 1
24 14 28
26 19 30
34 27 31
22 10 11
15 25 3
3 26 17
13 16 9
29 32 26
7 21 36
12 25 12
19 30 23
11 15 25
18 2 34
15 35 28
28 21 11
24 18 5
33 9 28
15 29 15
32 18 3
19 23 30
26 13 22
8 22 30
20 33 27
14 14 35
17 19 4
27 16 19
24 3 32
1 11 19
15 29 31
2 18 11
19 32 35
18 25 25
13 22 6
28 15 7
15 1 26
25 23 13
16 20 26
36 13 10
18 27 33
23 28 6
4 19 7
19 6 18
9 10 27
28 16 4
22 30 29
3 8 28
17 7 13
16 12 35
10 12 35
36 22 23
22 3 30
33 12 12
31 6 7
17 2 8
22 3 16
25 30 22
2 6 14
31 15 19
15 26 23
2 7 32
16 23 15
21 25 32
30 9 23
16 29 25
26 19 28
36 33 6
25 30 24
15 32 32
10 14 31
35 35 27
10 3 25
3 17 20
36 22 18
18 21 24
