1000
58 58 38
30 4 13
63 22 18
35 35 14
63 36 39
15 46 33
17 45 42
44 35 58
32 10 32
14 10 8
37 13 8
10 16 51
18 19 56
42 19 30
34 17 8
47 1 51
36 33 17
4 55 6
28 52 55
41 15 10
42 7 50
61 2 28
49 15 57
11 51 31
54 32 23
16 34 12
15 56 26
50 41 41
52 15 19
56 16 6
59 49 36
10 7 35
5 61 4
4 8 51
24 13 31
20 22 37
26 25 53
22 5 58
3 45 38
41 23 49
48 26 56
5 13 10
33 56 9
19 62 11
29 7 1
51 62 50
23 45 15
22 26 36
54 31 51
36 8 19
8 46 40
60 57 2
41 61 38
20 60 27
33 5 44
13 5 53
46 8 50
54 14 24
55 53 5
33 53 59
45 58 52
50 23 49
29 44 50
11 24 5
27 63 35
55 53 47
6 26 13
37 3 39
42 1 41
27 63 55
40 2 24
10 14 23
59 49 44
57 7 36
58 36 37
18 47 6
25 23 57
56 35 12
60 26 15
30 2 10
10 6 56
21 4 1
26 32 1
12 59 63
12 38 31
7 41 59
2 55 17
7 25 46
54 16 62
55 19 11
42 63 22
11 63 55
11 25 26
35 38 6
58 54 19
57 54 19
49 47 7
3 29 26
23 44 44
11 42 38
31 48 37
23 42 8
38 39 51
30 60 19
6 46 9
3 24 7
62 32 20
23 47 19
63 21 44
16 23 23
52 50 1
19 26 56
4 3 33
34 43 51
6 51 13
21 60 43
6 62 49
2 27 38
43 13 37
39 35 39
4 9 39
29 37 57
42 20 25
6 56 27
48 16 36
16 8 35
34 56 15
55 45 53
40 43 24
39 43 45
45 14 54
59 19 10
43 24 61
10 31 1
22 2 4
35 36 50
8 16 4
11 4 38
3 51 34
12 53 23
34 7 29
41 16 50
48 16 60
8 23 60
14 23 24
22 6 62
22 33 46
36 43 47
25 33 34
61 51 9
7 21 16
18 52 21
30 34 4
56 18 3
5 17 32
20 15 18
38 9 40
40 4 20
63 56 51
26 31 21
28 48 18
14 36 63
59 51 63
1 51 5
14 4 30
8 9 62
21 19 57
58 61 3
33 17 41
30 57 32
34 46 34
12 7 54
45 14 23
13 51 33
19 26 11
44 46 42
38 17 6
50 51 20
5 35 8
21 46 47
32 11 10
29 12 21
16 34 16
18 29 22
53 26 15
8 53 46
23 56 41
22 60 63
32 4 55
22 38 28
5 55 1
25 19 47
25 43 23
11 54 59
42 36 39
31 62 41
39 42 24
22 12 28
54 38 45
38 58 1
47 13 13
46 14 20
3 10 42
36 49 41
48 33 63
28 50 32
17 19 5
30 44 36
12 32 33
57 57 51
28 34 5
2 14 61
2 50 18
37 44 38
33 13 14
19 41 48
55 16 26
49 60 14
17 59 17
50 2 41
41 4 32
18 55 8
10 3 32
22 48 28
24 39 21
57 51 16
27 32 23
59 51 63
1 27 48
21 56 32
7 45 35
16 27 35
17 39 8
63 10 63
10 17 34
1 46 61
6 32 55
56 35 60
3 49 33
38 15 54
18 7 38
32 57 49
28 25 4
50 28 28
55 33 20
47 10 2
16 40 43
32 19 41
38 50 46
32 9 58
9 2 37
21 46 25
1 47 3
3 2 15
45 58 36
39 26 36
16 40 2
55 29 37
9 41 62
6 31 54
41 19 32
16 57 47
47 23 23
33 34 41
26 46 57
17 1 4
62 9 1
50 43 30
22 4 41
47 46 7
53 14 50
17 33 46
40 15 53
25 10 10
27 7 29
20 8 23
43 49 39
48 52 35
15 13 8
5 30 32
47 12 2
38 13 11
12 51 60
9 5 8
60 3 17
62 43 44
45 61 60
1 32 43
30 59 14
1 21 6
41 60 26
24 22 42
51 17 40
9 41 30
15 24 51
51 55 24
49 5 27
8 44 56
38 16 29
55 18 11
52 27 42
8 30 34
6 12 22
48 59 55
1 2 10
49 9 7
16 26 48
44 45 4
21 36 8
33 8 10
39 27 38
12 25 28
49 5 34
27 24 9
62 41 8
1 11 50
61 1 19
60 37 12
6 19 52
21 14 14
45 30 41
41 14 37
51 30 31
46 4 34
49 36 42
56 17 23
18 7 23
4 11 32
10 19 7
37 21 63
18 1 41
26 27 36
47 19 47
13 13 46
3 2 12
57 63 31
63 23 30
20 36 12
55 49 17
34 7 13
62 62 51
6 23 31
45 39 28
15 60 1
47 7 40
11 1 26
4 53 45
47 59 56
39 22 62
42 51 54
47 9 3
7 52 4
29 49 21
12 24 3
30 7 1
14 13 16
44 3 41
28 59 10
14 16 12
15 28 44
36 9 12
9 55 38
32 56 52
31 23 58
15 36 44
23 43 23
9 9 30
31 14 36
33 49 11
35 45 17
27 20 27
31 32 54
44 36 5
60 42 11
62 25 60
6 11 11
41 3 29
6 19 63
55 39 13
51 47 58
54 40 29
8 53 63
19 22 61
53 15 60
61 28 19
34 14 46
21 41 43
4 51 22
62 46 1
18 38 31
9 28 5
37 1 7
45 40 53
53 31 4
9 47 43
43 57 38
45 51 37
32 47 12
33 30 49
43 3 54
12 21 20
8 13 51
3 62 17
48 4 21
22 17 41
27 53 14
21 60 15
30 24 1
18 56 38
23 21 24
37 28 43
57 1 2
6 48 29
48 55 32
49 1 11
40 37 15
53 61 47
53 43 60
14 32 29
59 47 56
5 7 51
60 50 19
35 39 21
12 35 35
6 61 22
28 17 6
36 31 46
38 62 52
25 47 62
52 28 12
23 52 49
12 42 37
15 48 47
2 38 49
26 55 55
1 32 6
27 6 12
11 14 29
18 11 44
27 25 49
28 37 52
54 49 2
3 28 63
63 11 62
33 25 3
4 1 24
61 12 4
15 47 12
6 21 17
17 37 5
44 11 10
28 59 1
3 37 1
12 58 41
19 55 58
19 60 36
40 21 44
40 16 1
50 42 40
35 9 1
12 11 46
7 19 48
22 41 1
13 1 56
35 20 50
54 59 42
17 55 61
16 7 35
44 54 61
4 4 40
62 63 25
19 50 36
14 16 7
2 26 42
43 40 42
27 28 46
25 41 20
10 63 34
63 7 41
53 31 60
45 28 23
39 41 22
50 25 15
23 31 6
56 11 37
22 15 12
31 34 11
40 56 36
29 50 59
44 58 26
2 25 37
32 63 36
60 29 38
39 30 21
62 16 23
43 52 34
4 22 48
27 34 32
55 51 50
33 6 52
56 23 8
61 2 60
54 44 18
23 62 41
44 48 46
22 7 62
50 2 1
57 63 60
17 37 7
16 55 58
17 30 16
47 1 6
11 59 57
30 8 52
2 47 49
31 63 19
41 45 13
17 52 33
37 27 18
11 6 59
54 40 56
32 31 21
59 29 44
19 33 52
25 60 7
63 63 31
18 27 5
53 32 9
6 41 47
18 24 43
37 17 11
35 63 30
54 61 23
1 17 34
47 42 34
63 14 54
50 12 62
20 16 32
45 34 9
32 11 30
20 46 14
8 62 63
1 57 55
26 23 58
38 4 63
41 29 17
51 55 40
5 1 58
40 61 62
7 37 11
39 15 12
20 38 43
26 22 17
9 43 57
42 25 5
48 18 35
29 28 63
22 48 28
32 28 26
55 9 62
4 42 63
41 51 37
55 23 46
10 55 56
61 49 23
22 23 36
8 54 51
5 43 3
54 42 7
63 63 40
46 52 29
63 55 46
17 35 25
39 18 57
7 23 62
39 61 50
2 28 11
5 26 30
21 46 13
17 33 1
9 27 53
14 41 44
4 12 61
35 18 21
54 62 55
32 8 16
41 36 12
28 16 1
7 49 46
15 27 49
45 56 2
33 21 47
24 30 36
44 55 16
43 1 58
50 18 54
62 8 61
34 26 54
32 44 15
16 25 16
2 58 22
18 16 3
38 10 46
17 59 8
58 37 29
50 17 10
35 60 7
60 40 51
7 57 13
37 47 6
54 63 56
7 48 17
7 44 32
46 32 63
43 32 60
48 4 38
36 32 33
48 57 16
55 30 30
32 34 10
49 48 28
53 8 13
63 55 56
49 50 1
21 54 7
29 40 32
53 25 56
10 23 55
14 39 48
2 18 28
40 55 14
15 10 49
22 44 53
44 30 25
13 17 26
21 8 13
49 14 15
20 62 22
22 7 53
14 17 47
9 57 57
21 43 8
32 42 39
47 45 43
12 38 9
19 49 19
9 29 58
21 19 46
11 37 5
43 36 50
24 12 6
20 32 24
20 54 1
49 5 20
55 32 3
10 1 14
45 4 61
46 41 2
45 53 17
10 28 51
42 8 38
7 13 48
63 26 4
23 37 49
52 11 26
55 52 62
4 44 14
7 51 33
26 38 1
56 11 61
42 28 4
3 43 30
10 44 19
59 25 55
1 63 21
31 41 18
9 18 47
26 46 7
53 36 2
13 2 48
61 18 38
2 42 6
4 16 57
39 27 49
8 54 24
13 22 45
38 14 46
2 32 24
47 3 19
4 45 63
46 33 17
51 62 60
48 29 51
31 49 60
35 15 54
33 43 42
1 28 29
9 48 24
50 2 12
58 22 52
7 11 53
42 4 23
30 30 21
30 6 57
40 17 11
28 59 55
34 6 44
51 53 47
36 55 60
19 2 61
15 51 45
13 21 56
4 42 32
50 7 55
12 26 37
13 48 57
5 25 29
62 30 28
36 57 60
16 47 12
48 9 40
29 52 9
54 1 7
48 46 44
63 19 37
34 33 26
25 8 50
8 16 9
61 11 52
51 45 29
42 55 37
34 46 25
18 16 56
46 4 4
14 27 12
27 60 55
62 52 8
8 42 7
23 26 57
6 54 48
7 41 30
31 62 44
18 56 62
43 26 20
44 55 63
24 49 24
11 56 35
23 25 13
56 46 57
18 21 42
56 49 50
61 4 57
34 39 55
14 39 4
32 7 16
4 47 36
18 34 26
10 5 11
15 55 54
52 11 36
56 54 41
51 11 28
63 36 3
42 51 61
56 8 13
18 54 37
6 42 33
57 16 61
10 6 48
32 24 59
13 17 58
11 39 57
2 40 50
4 16 49
47 20 49
13 6 37
60 6 4
62 15 28
45 20 61
14 40 45
8 33 62
9 16 55
28 25 1
41 59 37
10 60 60
33 48 42
32 49 3
23 59 63
50 33 61
7 35 9
28 46 46
34 17 19
8 54 9
9 3 60
10 11 14
63 60 41
34 19 36
16 48 52
20 38 29
26 61 4
2 61 51
29 26 27
1 10 17
59 61 17
56 36 28
53 5 59
28 45 62
17 17 13
16 56 24
5 33 31
56 62 63
23 19 34
43 59 16
7 20 12
42 51 6
42 34 37
55 28 33
29 17 41
59 45 44
37 54 49
4 12 41
5 60 31
47 39 15
33 23 4
45 39 16
57 35 61
21 59 4
60 26 44
27 54 47
59 33 49
54 16 9
52 34 34
14 53 57
4 4 60
48 32 61
30 4 38
17 18 21
9 4 29
22 60 62
36 16 23
33 55 1
59 3 37
4 59 39
43 44 8
49 18 63
56 6 47
41 22 14
32 45 43
44 34 2
16 27 59
60 47 6
14 59 20
17 9 49
18 16 51
15 21 10
44 17 8
21 25 35
26 18 17
14 8 4
18 42 27
52 47 25
5 57 47
62 48 63
19 7 17
23 35 61
38 45 20
25 18 23
55 44 43
33 33 24
34 27 11
9 12 1
54 37 62
33 27 13
43 34 53
35 36 49
46 37 19
39 38 46
37 53 10
19 60 25
3 13 35
24 7 47
22 8 23
51 50 17
40 42 54
10 20 42
2 42 31
45 21 9
40 58 7
9 27 27
51 43 57
35 31 59
30 24 21
58 45 32
55 5 41
34 46 12
11 46 13
16 3 35
55 2 36
58 48 30
12 62 14
28 48 7
51 60 7
1 47 28
4 56 8
7 10 4
7 21 62
51 22 49
51 63 50
60 20 32
53 3 2
58 19 52
34 62 29
15 35 17
37 46 33
3 49 6
21 21 10
12 36 27
33 52 54
62 45 32
37 53 8
53 9 15
50 21 14
51 32 55
47 38 48
5 17 13
48 42 34
6 2 56
7 10 35
16 62 52
51 2 24
40 36 8
29 47 17
46 2 59
29 57 8
23 17 11
39 5 43
14 47 63
27 30 49
19 50 36
7 44 10
31 15 9
29 4 58
17 19 37
4 31 1
52 40 11
9 22 43
15 35 24
15 63 60
14 16 13
26 28 36
18 41 59
17 6 28
3 56 4
46 63 36
35 63 44
34 12 1
54 53 34
22 37 16
41 8 34
30 26 9
36 29 22
17 48 20
37 7 22
34 34 57
46 19 5
4 37 21
23 17 26
14 59 14
13 16 17
27 27 62
24 35 60
16 22 7
12 3 2
54 25 39
47 58 33
22 22 52
12 32 37
62 43 18
6 16 15
40 42 9
35 7 30
7 55 35
26 20 55
63 44 3
29 21 7
17 10 18
25 26 13
27 33 46
51 44 21
12 10 43
6 13 47
4 47 43
52 38 49
20 10 33
42 24 20
30 28 39
34 58 20
36 19 24
11 25 23
6 45 4
