10000
78 77 73
35 13 13
56 42 75
74 11 48
17 61 73
26 61 15
6 36 13
68 23 66
83 89 43
8 86 82
28 90 19
62 63 74
89 47 26
68 63 24
47 64 75
67 38 57
65 58 62
70 32 52
20 53 89
4 69 41
48 7 32
60 28 80
63 71 87
24 18 17
65 91 69
16 88 84
90 33 12
56 77 52
64 63 13
70 2 51
91 90 36
68 58 89
46 90 78
55 64 32
14 36 19
83 8 68
89 7 76
39 32 49
52 59 90
29 81 49
65 41 27
90 13 37
28 59 31
82 90 70
33 28 11
14 77 60
2 72 72
84 69 38
71 26 79
55 14 91
17 87 83
8 52 22
32 48 22
17 52 39
69 35 48
39 43 23
79 79 82
58 58 13
61 46 90
11 56 69
26 84 16
43 33 77
37 30 59
29 89 36
28 41 35
88 37 1
14 83 55
2 58 38
7 68 38
18 50 23
13 14 6
85 32 61
1 21 9
58 72 1
14 86 68
83 34 29
76 91 5
14 67 40
60 28 66
47 80 89
23 57 89
71 26 87
43 39 61
5 61 47
42 86 4
71 9 16
54 19 47
80 26 60
54 68 60
21 37 44
5 33 76
41 84 89
15 59 82
32 60 1
26 80 86
31 81 91
19 52 69
14 41 44
10 89 51
45 42 17
69 79 88
49 7 74
13 90 24
72 12 72
12 53 6
71 68 14
90 18 22
22 70 88
26 39 57
54 72 61
38 87 73
77 27 47
7 79 53
74 53 87
2 31 56
41 83 86
44 66 49
3 4 78
12 12 43
28 78 22
11 72 82
44 78 64
58 65 88
30 55 77
45 73 49
69 18 35
29 87 90
32 82 85
55 69 47
6 5 54
65 77 52
46 73 2
8 74 41
8 21 57
46 55 20
42 81 36
77 23 29
2 19 83
1 85 46
63 49 66
54 29 17
34 82 49
24 7 61
26 45 11
88 37 70
3 91 58
55 44 40
21 62 77
16 48 5
65 74 73
36 84 13
41 17 74
8 9 48
46 56 61
43 76 74
9 43 70
11 66 85
44 79 39
83 70 88
19 69 91
83 79 67
24 6 14
81 88 28
69 18 89
23 37 87
41 12 8
71 69 30
23 31 80
89 36 42
77 64 70
82 62 73
72 81 51
26 40 60
89 40 66
5 34 70
16 20 23
48 35 68
30 72 76
68 44 44
73 49 29
48 32 20
2 15 84
3 55 83
70 3 18
72 26 59
20 79 53
5 49 3
26 16 26
23 9 59
1 59 30
38 75 6
28 36 51
66 76 18
42 36 37
35 72 26
87 90 6
49 9 33
5 83 6
15 65 62
46 32 41
83 28 24
14 43 89
20 58 69
8 48 88
20 86 80
35 56 16
13 49 19
5 44 71
57 13 45
36 69 48
87 34 51
65 41 18
30 85 8
18 43 78
65 81 1
7 8 51
78 10 16
88 55 21
58 51 88
64 1 15
86 47 37
54 5 63
38 21 76
53 54 2
27 30 78
16 56 81
57 89 35
43 40 24
58 79 35
57 79 42
35 78 6
58 55 6
88 25 16
75 31 56
20 49 28
66 30 68
40 27 44
88 59 60
13 77 18
30 29 22
46 36 78
78 64 22
27 61 63
11 16 44
41 40 76
35 24 72
16 84 27
40 62 19
51 27 89
51 53 18
83 77 24
30 63 45
54 48 31
87 91 75
27 25 54
68 60 41
89 90 60
9 11 78
64 20 67
36 19 1
40 84 76
36 8 24
65 40 20
91 91 42
35 43 50
49 59 5
65 15 58
82 46 22
13 14 53
20 83 77
90 72 78
46 54 13
5 86 71
59 75 28
81 47 41
62 10 80
65 73 90
6 87 18
50 53 14
56 77 76
3 87 46
41 61 5
15 4 89
18 7 65
65 40 26
40 35 1
75 59 78
4 27 59
51 55 1
5 40 78
36 49 11
47 82 10
60 12 6
27 65 45
33 87 54
58 33 43
89 75 9
34 67 88
28 46 43
32 74 24
33 72 42
23 87 48
3 45 74
9 51 8
31 27 44
40 21 8
7 52 28
37 49 60
55 31 5
89 32 81
34 11 30
56 2 70
85 9 54
63 17 67
58 37 36
10 52 72
17 5 44
19 10 56
59 50 73
14 72 54
9 91 80
22 23 54
59 6 69
59 39 25
39 7 57
66 57 62
67 87 84
5 49 38
41 72 73
70 57 24
28 56 24
32 52 22
18 77 60
15 34 9
28 54 51
61 9 9
35 60 28
54 39 66
3 7 71
86 28 40
18 84 77
86 44 91
79 51 17
77 36 23
84 48 59
20 69 23
14 42 59
55 36 70
53 91 74
51 74 14
39 36 80
16 62 18
49 40 30
40 86 49
1 62 21
84 63 80
13 43 41
87 23 65
49 14 43
86 82 50
70 16 50
69 53 73
61 55 34
65 3 26
63 32 50
34 88 81
52 24 42
83 59 19
59 43 72
56 9 82
77 74 8
11 25 30
15 78 32
16 36 38
10 40 60
1 43 51
53 20 88
83 87 89
84 88 45
32 67 44
90 71 42
1 43 48
35 74 38
49 91 25
26 36 27
2 18 77
68 52 80
89 62 39
55 76 13
28 55 77
11 18 54
55 82 1
23 74 29
9 46 60
38 85 57
35 52 63
56 16 10
61 69 63
33 41 18
39 25 38
55 68 34
69 39 55
19 32 53
29 83 1
82 90 52
51 86 47
64 8 68
79 28 79
60 66 26
67 10 72
5 82 33
59 29 1
62 58 69
83 10 63
3 13 68
68 27 71
55 47 5
77 5 73
44 90 70
2 3 6
90 37 15
27 19 9
17 32 62
13 64 11
71 61 40
28 24 36
2 51 91
70 72 16
82 64 21
66 21 70
48 54 78
43 32 22
68 27 65
67 58 36
33 28 5
72 49 87
69 75 61
82 81 72
71 19 89
38 22 67
62 82 88
55 76 26
43 88 66
78 33 30
64 1 57
61 83 52
48 55 87
4 32 74
74 43 71
53 33 66
46 26 56
80 27 12
91 45 62
60 61 41
2 51 46
89 83 12
37 75 23
24 38 32
34 5 23
41 66 67
12 58 91
7 53 49
70 18 25
57 1 28
75 74 14
40 18 90
50 35 31
59 34 3
20 79 87
1 30 65
39 40 6
58 10 44
57 69 22
84 31 67
11 57 40
84 64 7
85 12 6
83 71 82
32 17 12
29 79 79
41 88 24
32 72 17
50 24 61
33 82 12
81 11 27
59 3 76
25 88 88
26 62 56
17 40 7
37 30 47
27 40 80
1 58 47
56 75 45
8 53 50
62 4 74
42 45 80
62 54 70
33 6 77
36 51 89
29 15 81
3 62 91
69 67 37
28 59 43
52 4 61
53 76 77
78 64 45
58 47 37
67 28 5
85 2 40
20 3 17
51 12 70
68 11 17
27 37 85
42 73 70
12 70 8
42 66 15
5 91 7
90 12 72
17 40 22
73 65 20
20 9 42
76 72 59
9 79 23
57 54 49
25 58 41
70 64 53
88 50 51
84 44 11
63 46 23
11 58 83
1 4 75
81 16 61
34 53 15
64 70 12
73 70 5
25 69 69
61 31 25
22 83 45
3 44 53
72 84 61
50 59 89
71 56 57
49 56 84
66 81 88
54 65 40
27 2 83
30 6 75
38 81 6
16 12 20
50 87 71
45 29 10
21 53 80
67 8 85
30 79 60
49 13 7
16 27 73
18 85 86
66 61 30
16 87 89
62 46 87
69 53 52
13 62 33
24 25 65
35 57 89
79 83 8
68 40 51
64 63 41
45 9 34
67 82 29
46 47 91
25 72 28
88 67 52
47 69 54
82 66 34
64 19 45
17 2 77
85 82 43
3 32 80
72 20 71
62 75 64
11 7 68
35 19 43
50 37 64
80 2 25
64 90 20
53 57 85
27 69 85
58 54 51
82 20 27
75 19 83
25 55 62
47 2 81
45 64 85
54 70 31
80 53 8
51 41 53
10 85 88
79 46 80
74 15 31
87 39 82
6 33 57
85 45 19
30 2 41
30 8 88
55 54 17
64 20 22
2 50 89
71 81 90
69 86 49
48 21 60
60 65 10
56 38 84
90 21 85
17 56 72
66 14 6
35 54 29
63 28 49
73 78 13
55 37 36
33 49 23
86 75 55
30 62 77
74 49 53
34 40 62
61 36 62
23 19 46
29 36 56
64 39 68
45 19 77
51 90 10
85 13 41
89 77 46
84 20 69
16 77 1
69 36 40
26 6 78
72 64 32
72 12 57
75 39 13
69 13 52
3 2 61
85 4 91
25 51 66
67 37 89
40 65 3
8 8 67
19 31 23
44 61 15
38 75 76
57 91 42
73 56 3
15 4 22
63 5 19
34 58 4
79 29 68
50 39 77
46 50 16
33 22 84
8 88 12
22 80 49
74 40 15
5 84 76
65 18 24
3 43 32
29 66 64
16 72 3
35 78 76
27 16 47
2 76 22
26 86 13
68 80 82
31 91 4
58 87 39
51 23 59
10 69 5
26 16 9
88 14 37
8 51 87
13 91 58
38 25 85
48 21 4
65 5 10
28 64 81
81 8 27
33 47 60
8 79 81
89 61 75
90 21 11
68 85 18
73 59 51
40 31 72
8 3 38
18 56 24
39 73 57
60 83 68
12 85 78
52 37 22
87 83 24
3 78 81
24 75 19
31 7 15
9 81 24
80 80 39
51 76 56
52 21 16
91 65 20
29 77 82
37 75 91
82 39 49
80 62 3
42 79 43
10 59 63
75 83 35
61 51 76
35 16 72
67 74 3
19 19 79
15 60 47
71 81 83
63 26 4
89 86 35
6 14 1
63 6 20
35 38 3
41 51 34
66 89 42
87 87 82
4 45 16
11 47 84
11 55 71
3 22 58
63 6 1
46 30 25
13 13 44
9 80 26
24 1 19
10 42 12
6 67 54
30 9 18
60 39 4
47 80 45
59 66 43
7 11 65
30 28 5
9 19 30
6 34 69
90 66 41
71 6 55
74 64 16
83 13 3
59 22 36
50 51 76
37 67 85
86 10 38
26 13 78
55 10 1
80 80 13
14 59 90
11 14 76
65 39 61
2 83 45
6 37 86
45 43 83
15 30 36
37 60 83
6 17 82
6 16 19
13 91 1
9 28 73
59 80 13
25 88 60
9 46 37
48 49 72
89 26 5
59 35 53
15 47 87
1 3 66
28 54 28
78 27 77
82 34 24
24 54 83
36 42 72
76 72 89
12 89 68
41 12 11
77 19 30
26 86 51
79 10 19
4 25 80
64 37 33
87 20 61
76 69 61
54 44 34
42 65 16
90 35 48
63 10 91
12 10 14
58 86 32
31 37 41
27 41 80
71 71 77
28 78 23
89 50 17
84 24 86
34 72 38
12 80 48
13 7 9
27 68 48
43 10 2
28 50 33
33 30 6
80 49 56
45 38 59
44 34 91
47 79 30
43 48 72
9 22 86
44 3 4
10 83 91
65 82 51
41 59 5
90 27 88
81 66 55
13 70 89
30 68 39
46 13 15
25 69 64
22 15 47
78 74 78
68 26 47
89 48 78
91 78 1
10 61 30
44 39 42
13 24 2
75 53 10
45 15 16
49 79 52
1 61 12
22 31 72
2 25 83
57 46 83
14 31 50
33 62 66
30 18 38
30 44 11
24 35 16
90 2 40
39 34 53
14 77 40
2 86 75
23 66 16
52 74 4
17 79 91
55 33 59
86 71 83
9 1 58
85 24 11
76 1 4
50 30 18
28 8 42
78 2 37
59 23 71
43 28 30
21 43 4
73 10 7
54 65 21
37 81 14
51 45 76
3 72 16
57 49 48
72 27 16
42 82 62
5 2 80
35 42 37
34 8 38
79 63 22
27 74 79
52 41 61
15 77 24
22 47 81
22 35 71
3 38 32
45 26 86
25 1 89
1 8 87
10 28 32
25 7 51
49 22 77
89 49 51
57 5 42
48 22 29
86 7 17
55 90 52
28 72 76
37 70 89
87 31 10
78 67 90
31 76 37
40 8 60
90 4 9
64 80 51
73 69 33
74 2 47
26 91 52
40 84 16
4 90 57
11 18 25
34 73 30
30 47 76
77 20 84
1 89 41
6 23 8
57 89 3
43 2 7
18 76 79
85 85 39
78 65 18
62 87 58
28 36 33
45 45 44
53 65 9
11 91 59
48 55 37
65 9 14
42 46 72
88 34 44
23 90 63
6 8 78
80 36 85
62 79 1
75 48 50
11 69 55
64 68 51
86 32 14
64 26 12
22 63 82
48 90 31
72 86 90
14 46 42
61 59 43
84 53 88
47 53 54
12 18 79
13 80 64
74 57 71
63 14 82
58 2 10
22 8 19
22 12 70
7 47 83
53 4 54
74 87 25
58 15 85
2 34 91
45 15 18
77 70 36
22 68 3
21 57 21
63 9 25
39 52 1
74 68 19
29 39 61
38 5 7
2 69 54
55 64 8
1 13 17
67 34 51
23 74 76
89 11 55
1 73 25
66 80 74
90 42 49
79 12 31
77 81 3
31 16 41
76 28 21
46 14 34
12 27 38
47 28 21
8 71 5
31 15 5
66 40 10
27 36 67
29 17 53
11 28 32
7 68 22
70 58 52
64 48 91
74 35 87
36 60 82
56 71 86
64 34 39
16 87 89
86 13 7
19 68 19
79 11 51
60 80 60
76 23 37
61 37 75
30 25 69
81 78 79
71 23 24
30 29 24
66 87 79
79 9 80
56 25 10
7 25 61
25 73 40
74 27 48
42 12 40
15 78 81
20 7 83
69 89 80
32 3 44
47 59 59
15 67 39
40 7 3
34 18 39
6 79 22
59 67 1
53 86 16
62 28 18
55 19 49
48 84 30
79 74 50
47 27 16
90 83 84
9 4 46
83 26 69
30 23 7
56 54 32
23 28 32
70 91 34
29 7 10
19 12 67
50 4 71
46 39 3
9 10 9
67 15 70
20 55 89
35 79 29
25 90 48
5 76 26
32 27 53
3 9 3
60 72 71
82 83 74
2 65 54
61 2 9
72 85 82
67 85 87
58 36 75
58 82 25
88 39 39
73 9 73
81 78 72
21 91 41
7 61 83
74 82 35
87 14 56
17 22 52
90 73 67
80 72 60
35 12 76
87 44 49
32 62 57
53 33 71
45 46 6
11 37 26
16 71 28
49 89 32
53 41 34
90 35 74
62 30 25
83 57 53
31 10 12
37 33 47
60 61 89
56 64 65
73 57 76
88 80 13
48 54 11
68 25 11
6 6 82
2 75 73
39 38 79
36 13 30
3 82 51
44 3 55
66 37 22
21 6 38
3 24 78
10 6 3
75 44 2
50 89 72
47 53 72
38 53 3
33 56 10
80 80 3
7 67 18
26 91 34
26 78 66
14 2 45
81 61 76
58 28 31
45 19 50
51 74 68
49 32 44
85 3 88
59 41 16
13 7 29
79 3 32
17 48 79
7 8 77
31 23 21
54 12 36
76 38 14
43 39 13
42 91 24
11 66 25
42 57 58
18 58 29
11 7 18
69 14 46
71 85 55
77 70 34
85 15 52
80 23 77
52 77 73
21 31 71
58 1 85
45 12 91
62 23 48
56 30 77
16 64 32
5 67 18
57 60 45
46 85 78
80 66 85
38 76 13
49 59 44
69 32 64
2 69 57
58 65 2
20 28 7
32 2 38
57 10 16
48 34 27
41 90 8
86 65 57
73 66 5
6 68 39
10 70 88
51 45 45
58 2 69
6 12 54
48 20 67
2 67 42
40 11 42
68 24 52
60 12 69
28 30 58
85 89 12
30 33 1
44 17 47
52 6 71
71 20 32
28 50 30
72 43 69
87 20 24
59 3 73
74 34 7
51 14 48
78 42 14
47 91 79
4 70 49
25 70 43
58 36 5
57 54 42
33 53 47
42 16 10
42 55 85
54 10 29
32 17 63
8 73 47
6 4 35
33 2 7
58 52 8
36 31 25
4 20 86
77 48 39
16 69 51
78 7 42
41 21 67
83 36 36
52 40 59
50 59 6
74 31 40
88 33 90
26 83 57
72 62 62
30 27 27
31 35 35
6 17 58
58 87 72
12 15 48
12 54 63
20 54 83
12 20 46
34 32 68
45 9 12
69 61 75
27 6 37
40 53 90
72 70 82
77 50 60
19 11 54
47 46 36
3 1 46
9 86 29
67 15 4
87 31 73
69 3 33
73 24 31
2 68 64
64 47 21
87 86 14
53 36 62
72 68 90
15 43 70
79 79 17
57 81 46
55 10 17
39 67 38
24 10 73
77 17 59
12 4 63
65 18 87
76 24 70
3 32 32
51 69 2
31 77 15
71 3 4
13 39 75
44 38 10
82 6 40
83 53 66
64 9 15
10 33 90
51 9 89
52 89 71
55 32 40
47 10 13
71 82 72
30 76 63
81 86 36
45 10 53
51 61 4
82 70 9
12 20 17
81 59 7
72 14 3
59 61 61
30 87 56
9 67 86
48 42 56
40 62 10
49 10 41
82 7 44
29 43 42
41 85 77
52 85 48
29 31 31
65 28 84
46 16 65
29 53 30
20 8 56
7 46 87
3 64 8
76 32 70
57 74 75
34 63 87
62 52 64
15 9 29
64 89 78
86 55 2
72 23 37
91 68 10
13 62 50
91 38 27
26 86 52
14 15 33
87 85 53
88 62 65
80 6 85
27 68 40
10 22 8
23 38 78
81 62 20
42 30 48
29 41 59
38 45 13
53 64 51
35 65 83
76 48 82
39 84 19
17 29 83
20 65 33
42 9 47
31 17 38
45 38 74
30 65 74
49 79 33
49 63 35
63 23 51
24 78 47
14 26 66
9 56 79
81 8 77
23 58 66
38 18 54
60 89 85
25 35 75
45 76 25
80 91 17
8 62 77
19 15 41
36 90 20
59 36 11
87 18 61
57 61 28
54 41 9
78 63 46
4 5 41
41 41 45
6 55 52
38 36 48
57 64 78
76 55 15
66 16 80
16 36 68
32 87 31
89 40 61
59 67 55
79 7 79
62 89 21
68 60 34
22 81 19
63 64 72
17 51 50
31 58 16
53 73 20
85 9 18
89 4 71
31 80 67
45 36 29
91 54 11
74 51 58
61 69 23
6 89 60
81 22 54
33 67 39
43 86 54
25 47 18
4 17 68
30 4 6
41 43 79
85 58 36
88 16 85
79 22 90
63 80 72
35 38 74
87 25 9
27 51 54
85 91 13
8 39 33
3 88 18
80 51 16
82 87 60
63 85 84
20 66 72
17 85 66
68 70 19
22 55 47
47 71 47
3 69 47
64 21 68
64 62 67
55 90 57
77 69 55
45 51 2
68 36 89
2 42 74
38 58 21
58 65 39
72 75 57
71 31 35
5 75 29
46 91 41
52 23 19
56 88 72
66 63 50
76 53 13
2 23 16
58 66 32
62 57 10
45 61 26
51 20 19
32 69 56
76 56 69
12 44 13
7 42 27
74 68 42
23 73 40
73 23 17
75 40 17
37 59 17
58 3 40
6 53 47
73 32 71
57 31 13
36 37 65
79 47 27
85 79 53
58 48 15
45 36 43
66 86 72
84 37 4
17 79 66
44 76 24
19 20 48
24 60 70
86 82 90
62 34 73
52 15 28
2 89 15
9 48 80
85 68 38
36 84 27
61 21 18
77 56 48
73 63 29
85 41 37
60 69 29
25 68 50
36 84 88
39 66 74
35 72 86
43 47 39
74 80 21
19 10 2
10 5 37
86 53 59
47 53 12
69 71 81
12 11 71
18 36 32
67 54 74
78 2 22
64 85 3
47 6 23
44 85 28
65 56 74
55 26 53
45 85 85
36 14 59
24 21 63
80 34 1
64 54 45
71 58 87
56 85 27
75 19 28
38 45 16
42 16 83
21 40 59
48 88 60
31 50 79
84 70 45
21 49 15
4 25 89
71 71 51
80 54 25
79 1 27
67 55 83
23 11 29
40 81 43
63 4 37
36 53 38
13 57 8
61 74 7
1 53 62
67 56 89
54 12 61
47 37 12
7 67 9
62 12 84
78 61 48
33 19 59
37 20 79
51 32 33
12 29 47
78 2 65
6 52 25
41 9 84
83 79 88
4 18 64
1 22 33
8 87 50
4 50 79
19 35 10
32 1 7
7 29 46
86 3 84
7 40 9
8 15 72
40 84 59
55 10 37
53 32 85
17 30 58
81 65 82
2 65 38
43 34 72
73 8 1
89 16 46
75 86 36
75 72 36
22 45 75
28 64 38
46 17 50
46 79 1
46 86 73
77 47 47
76 43 14
62 82 4
51 8 58
1 25 34
90 53 31
82 27 14
31 42 77
44 51 36
31 6 53
41 71 69
77 65 81
65 77 4
27 34 68
1 87 77
10 54 81
88 7 18
69 90 83
14 79 29
66 90 55
77 47 74
85 3 58
29 11 88
86 27 17
32 80 43
29 59 5
25 3 70
33 44 64
81 62 83
89 58 64
37 84 63
77 88 73
17 76 52
81 89 59
62 65 60
5 9 57
27 42 6
90 77 58
90 66 57
79 29 47
27 9 91
32 4 60
58 23 7
10 78 37
81 24 58
17 28 90
47 42 71
49 66 59
12 29 6
1 69 35
42 91 50
68 81 31
87 7 53
64 44 12
87 66 63
37 29 56
53 17 9
54 57 37
39 18 88
16 22 14
81 24 61
50 54 27
60 89 15
64 86 7
78 29 5
83 51 37
60 79 32
62 90 53
77 86 35
18 74 30
19 7 37
52 74 89
91 42 34
28 13 77
73 13 2
37 19 77
88 44 83
71 18 49
91 89 4
6 3 73
58 21 59
32 15 84
25 42 87
12 49 50
49 64 17
85 68 9
88 13 19
73 61 57
33 32 44
61 87 76
3 12 36
34 88 71
81 47 18
77 26 85
58 3 83
17 81 6
38 86 91
63 51 89
66 74 66
64 37 5
13 5 28
34 85 13
74 58 40
57 52 51
66 17 32
52 86 42
90 5 65
9 28 88
35 91 85
64 26 55
90 36 35
3 38 32
45 40 30
9 63 10
26 66 37
4 2 35
68 73 59
29 88 11
18 83 34
57 20 42
28 36 35
56 4 44
13 6 35
75 86 55
47 17 10
52 60 46
77 57 8
88 65 82
68 48 60
83 16 8
5 36 84
68 45 14
81 30 55
45 26 82
42 71 57
28 88 25
84 35 73
21 27 16
65 84 40
80 22 6
17 50 71
91 33 68
2 11 12
82 46 24
17 62 54
91 55 23
3 35 72
74 18 27
86 3 3
5 74 26
37 51 43
12 16 84
66 3 86
49 38 48
6 71 34
82 16 9
15 53 44
91 63 88
19 89 18
50 63 81
3 29 71
33 2 78
13 64 85
62 55 2
83 80 44
82 63 80
71 33 87
2 57 90
31 7 32
42 42 64
23 19 64
52 1 28
41 16 35
44 91 80
48 62 24
41 23 17
74 59 57
66 76 19
75 50 50
29 64 49
20 59 6
62 42 78
59 86 83
67 64 77
53 85 59
18 4 57
10 76 39
7 87 38
51 91 77
57 8 41
91 21 69
45 78 12
42 12 18
20 49 68
73 1 33
82 23 6
53 52 22
12 60 1
49 89 73
40 8 36
17 14 66
10 38 58
41 27 53
68 25 19
80 88 86
10 89 19
1 35 24
87 86 29
46 35 22
42 62 91
88 71 47
91 23 26
9 15 7
81 36 18
56 12 57
47 53 50
70 86 60
89 30 57
85 10 43
3 42 43
12 29 89
56 21 29
48 67 17
67 53 68
20 11 14
36 40 56
9 10 65
7 77 79
49 80 67
76 12 50
62 71 71
37 71 60
78 66 29
75 14 14
37 57 70
15 2 48
57 70 50
11 40 57
77 85 37
64 26 87
65 30 10
83 58 28
41 4 8
54 85 63
13 76 78
70 72 45
24 60 23
4 12 55
23 14 60
45 71 63
26 64 85
63 53 1
61 41 76
62 47 65
71 10 84
11 88 71
10 14 83
72 76 83
75 12 90
61 79 57
61 23 91
7 44 72
11 20 62
52 71 68
43 60 25
85 70 90
38 26 51
70 32 77
23 35 75
71 65 43
63 5 78
60 41 83
45 2 62
85 40 62
73 15 63
91 83 1
54 37 83
1 9 11
39 6 77
77 27 61
31 63 5
20 48 50
81 72 38
23 39 56
86 11 57
12 3 86
88 78 48
10 9 59
63 85 60
91 59 55
19 11 82
15 62 88
91 2 53
49 57 2
6 70 31
56 72 49
37 42 48
74 16 46
62 17 64
45 62 6
81 28 69
71 9 18
46 69 38
35 61 89
1 42 27
10 19 75
56 41 36
84 21 8
68 48 16
54 54 69
38 54 44
66 32 88
26 48 36
1 6 64
73 34 23
65 84 7
63 65 23
49 28 52
47 6 36
47 58 9
66 66 45
27 26 4
17 20 77
53 49 14
84 52 48
40 69 36
72 30 16
50 52 50
91 8 6
53 38 76
36 9 75
42 49 78
52 37 12
60 34 29
81 67 70
68 83 3
90 51 16
14 81 86
31 19 19
77 57 23
29 54 45
55 90 89
13 60 36
69 58 45
21 32 23
59 61 71
25 33 78
82 51 1
83 30 68
88 59 26
30 31 38
3 12 91
16 37 72
84 82 29
54 31 19
62 45 29
50 9 32
42 64 67
24 42 79
56 35 60
81 41 74
60 59 80
40 91 33
49 53 39
29 68 49
23 62 44
1 60 32
68 62 90
58 74 12
76 68 41
32 46 41
69 1 42
28 85 54
21 47 66
30 42 60
77 10 52
19 56 57
29 58 14
10 51 63
63 57 62
34 43 46
69 53 57
31 56 47
47 23 85
8 31 50
38 57 38
85 78 75
23 59 27
68 44 43
30 17 66
59 16 63
51 78 19
82 8 13
49 4 16
59 53 7
53 24 7
21 81 23
6 88 52
81 51 16
43 41 84
27 70 16
61 51 60
73 64 38
29 84 26
10 21 2
37 13 48
55 39 11
44 22 61
78 14 22
24 71 1
56 78 37
57 61 15
69 18 28
86 70 44
20 34 27
26 41 77
67 8 61
51 70 34
61 5 14
73 19 36
6 13 23
29 11 5
39 73 38
71 8 39
4 26 10
84 84 89
25 34 34
30 1 60
9 25 9
58 10 41
10 50 60
75 85 47
86 88 34
10 28 28
76 62 25
61 52 57
23 23 36
81 37 58
49 23 53
75 47 33
10 6 57
48 36 60
71 66 80
65 85 10
7 68 9
23 81 47
16 89 2
18 4 18
11 73 16
53 60 17
42 47 86
60 1 13
77 14 47
72 51 50
27 58 11
59 12 91
38 66 52
90 53 10
76 62 8
79 49 58
52 45 69
87 79 67
34 61 22
23 37 62
29 22 6
80 29 85
83 61 55
87 30 85
72 45 48
72 65 63
83 53 39
53 23 62
60 85 35
59 7 5
67 44 7
79 70 37
15 25 10
35 38 79
54 88 21
67 8 73
42 72 51
11 87 52
79 66 22
22 62 73
70 36 30
9 66 3
25 29 33
11 49 58
67 60 57
37 66 45
67 30 36
13 19 38
53 89 31
64 53 16
36 48 40
50 76 87
24 68 44
17 45 72
69 29 63
31 40 49
29 27 60
83 46 24
7 60 70
66 53 16
3 81 31
41 15 34
28 45 22
89 2 44
58 81 3
77 40 51
18 70 12
64 71 48
71 29 57
26 78 15
32 11 53
52 85 62
3 21 71
83 12 42
82 68 64
59 25 29
47 37 61
77 86 70
85 47 88
61 86 50
8 49 76
24 3 24
34 9 55
47 76 13
21 40 35
52 73 38
41 50 53
61 52 15
42 58 65
27 73 28
49 48 62
88 5 4
37 3 86
62 33 49
7 14 7
38 9 86
55 86 56
85 81 87
54 25 21
11 73 71
90 88 78
27 54 29
45 31 36
65 28 59
82 31 8
73 6 61
4 65 59
2 89 75
80 52 75
17 64 58
39 45 38
53 15 24
51 49 80
7 78 39
83 33 50
35 80 42
90 69 24
4 33 22
26 6 14
62 20 5
26 16 74
14 63 59
84 78 50
91 53 49
15 49 16
23 75 55
4 39 17
45 46 89
84 79 24
17 2 3
10 67 57
6 10 72
39 69 68
82 87 55
6 49 61
2 87 39
66 40 69
75 85 87
3 84 87
36 39 67
17 45 11
13 44 7
62 53 50
78 59 54
8 77 61
88 60 18
35 80 16
75 86 25
4 20 49
32 77 42
15 71 9
8 25 62
65 89 26
34 66 79
87 51 88
18 25 45
56 80 79
64 2 78
65 90 81
6 2 1
71 80 11
52 49 3
25 56 13
86 89 35
70 13 57
43 5 16
64 48 48
15 22 33
91 90 77
28 69 14
4 18 37
26 41 44
72 83 82
49 65 26
1 2 7
40 61 16
88 71 29
50 67 66
15 47 91
60 41 90
5 49 49
46 50 58
41 5 68
57 78 17
15 8 33
43 32 17
16 27 30
89 68 86
82 41 21
25 20 41
53 78 39
1 85 42
10 18 55
64 68 53
39 27 36
45 18 39
36 54 31
16 37 67
73 85 60
72 23 43
8 60 15
23 34 38
60 73 80
84 34 67
40 62 57
88 32 17
70 12 82
7 15 6
39 3 18
60 83 19
17 7 85
72 55 41
82 53 79
16 15 32
34 44 29
11 2 65
51 13 27
6 82 61
20 12 31
72 39 15
46 41 5
35 29 30
41 10 21
75 18 49
65 5 75
60 80 78
56 8 43
79 86 86
39 48 13
15 72 70
41 39 24
14 33 77
21 74 51
86 30 50
37 15 56
57 73 55
50 54 36
89 28 61
36 48 25
56 66 58
13 45 90
59 68 17
49 82 16
58 40 23
8 35 12
19 79 19
59 31 54
82 28 81
74 85 6
26 37 46
62 66 75
35 82 81
73 50 38
7 31 69
59 36 55
33 30 30
76 79 35
51 64 54
55 75 31
57 4 55
30 45 10
85 20 18
77 33 21
43 68 22
14 5 48
21 69 51
80 5 40
2 23 41
55 12 2
27 15 28
91 21 22
6 58 19
28 25 73
43 14 90
35 35 38
27 83 22
86 25 42
6 41 60
14 48 22
8 9 74
26 67 26
88 87 37
32 42 24
56 29 8
88 39 91
51 88 34
18 58 29
68 43 80
85 57 28
41 55 68
7 6 44
71 31 27
87 6 66
23 19 12
38 46 3
23 38 54
62 64 34
22 35 89
83 45 82
78 31 10
64 60 62
36 49 52
44 48 6
79 31 17
71 14 31
25 24 33
84 1 63
67 91 62
80 37 39
26 5 80
58 29 46
13 39 22
16 21 6
31 51 40
61 56 15
30 73 67
81 83 53
4 17 6
90 49 19
38 33 89
65 19 43
45 82 12
83 23 15
21 21 49
62 74 62
16 65 65
80 84 79
67 72 12
11 73 83
2 74 90
3 41 16
16 37 58
90 55 33
17 89 23
46 10 33
88 87 37
9 17 1
50 42 30
45 43 88
27 73 22
48 37 26
78 47 51
86 1 34
50 52 80
87 11 4
58 67 69
83 2 53
4 31 33
47 85 56
34 38 4
16 58 40
29 33 19
23 28 29
13 81 35
14 79 81
44 42 59
54 90 37
26 6 13
28 1 39
41 41 15
62 56 45
67 57 41
72 89 84
19 10 85
65 61 73
11 16 57
41 86 12
12 91 52
48 31 62
41 22 59
68 89 86
36 50 76
58 50 6
54 30 56
69 31 91
24 86 56
84 16 81
42 22 28
7 23 61
61 30 46
17 14 83
26 74 88
18 76 1
74 53 47
82 19 83
20 37 25
34 4 72
4 34 58
79 48 18
35 41 3
71 18 7
61 80 8
39 78 10
54 82 53
26 23 30
79 65 13
23 74 81
43 85 24
33 59 37
7 5 20
80 63 7
43 41 83
76 60 26
10 86 51
34 74 28
7 91 43
90 80 56
88 7 65
87 39 68
32 23 3
16 65 86
26 70 64
39 46 86
5 74 32
81 48 12
67 73 42
82 22 59
30 37 37
78 30 91
69 47 23
60 50 73
64 60 6
83 67 59
72 41 85
81 85 15
73 73 10
18 83 72
61 29 42
24 34 7
21 72 66
88 63 63
27 74 68
64 18 4
83 51 23
18 24 70
71 77 50
37 24 10
43 39 39
80 41 81
77 10 34
73 72 90
28 77 18
67 68 26
4 47 56
60 54 31
87 84 56
6 58 82
74 83 9
6 28 13
68 30 54
6 5 35
89 46 71
20 58 91
57 38 68
7 81 17
8 44 48
48 58 73
76 85 54
60 53 43
17 39 13
20 49 38
21 69 67
17 39 23
38 47 16
55 6 19
3 77 48
46 72 13
3 47 10
47 54 11
11 38 69
80 52 23
39 89 69
87 89 60
89 74 48
16 86 23
11 63 79
16 56 54
49 28 91
55 38 72
19 28 61
63 83 14
28 31 41
70 25 45
46 43 31
79 48 27
79 50 46
57 32 48
18 61 52
78 66 9
3 75 38
82 36 70
62 3 58
1 66 15
14 19 25
20 42 80
73 50 83
55 14 89
61 6 27
87 41 70
17 7 32
19 72 25
80 37 44
8 75 81
54 46 42
14 15 46
31 1 64
12 89 68
10 22 12
71 54 46
14 48 59
24 63 89
90 72 27
33 66 14
36 7 75
88 31 51
28 3 77
68 33 54
22 83 44
56 9 52
70 1 39
90 2 52
25 36 77
2 60 79
65 54 4
26 35 51
2 62 63
56 31 24
36 87 32
39 38 19
48 12 90
89 50 76
39 51 53
78 32 30
68 37 63
9 18 65
52 21 85
40 15 29
73 74 51
57 1 30
21 13 29
84 73 12
14 56 60
70 16 50
62 44 44
54 37 39
71 50 60
20 70 31
41 91 91
49 78 6
73 19 26
42 67 24
79 89 11
13 75 5
72 4 23
64 12 90
50 91 39
27 55 63
26 1 87
36 71 87
69 42 7
66 22 35
62 77 11
56 48 81
7 27 38
85 82 40
81 42 65
13 73 31
53 4 32
65 66 9
80 63 37
80 30 26
91 68 1
74 63 89
10 87 15
46 74 49
45 59 46
71 13 36
5 49 63
12 52 30
14 57 4
7 34 87
49 36 80
57 32 24
26 85 31
63 25 39
65 57 12
68 55 30
38 7 60
77 64 30
42 17 89
86 71 88
38 88 9
35 59 58
50 11 44
56 24 43
91 83 3
9 15 7
39 1 53
10 83 22
40 10 83
62 35 13
7 61 68
4 3 57
82 32 71
18 89 5
8 86 69
72 75 29
88 45 57
19 63 51
48 29 89
60 32 3
17 47 90
29 55 64
51 63 38
19 23 47
10 80 88
66 9 19
18 79 25
36 55 29
78 32 64
64 31 65
7 53 65
40 78 13
25 80 16
86 27 75
11 12 23
65 82 1
61 23 48
11 57 32
70 16 58
5 66 72
58 44 65
82 79 81
18 12 1
28 75 4
80 77 24
69 55 55
63 60 67
13 54 13
82 61 9
7 22 33
88 4 88
31 91 16
60 47 4
30 30 90
69 60 60
69 30 57
50 15 78
87 76 71
39 49 32
74 91 58
78 75 59
77 5 43
4 1 71
88 84 41
17 66 46
20 40 7
6 6 7
41 58 30
33 3 40
46 59 36
29 47 86
73 84 11
38 25 43
45 42 64
37 79 16
87 72 31
69 27 73
2 74 15
15 17 6
62 27 56
24 47 74
39 45 67
60 89 81
37 3 80
6 2 3
20 47 66
40 20 81
23 7 85
55 52 9
49 2 60
50 65 27
5 2 82
25 60 16
81 48 79
63 42 41
34 5 82
75 19 87
39 63 45
48 6 22
52 50 40
12 56 68
45 39 36
4 34 47
44 4 87
72 52 10
43 64 15
16 43 24
45 35 58
52 89 69
19 7 47
63 72 88
71 53 57
83 43 73
31 28 63
7 7 48
62 82 89
72 38 19
58 22 75
76 56 32
13 77 66
60 67 16
29 66 53
23 16 69
12 18 20
69 55 7
63 37 83
63 9 56
49 11 73
45 89 91
30 9 15
80 85 64
60 46 66
12 3 19
31 1 51
2 18 2
12 47 19
70 37 23
88 72 56
79 78 10
88 89 90
57 88 47
21 45 55
48 55 91
30 34 91
70 3 76
44 34 84
37 10 44
4 37 75
83 20 73
65 64 32
42 42 89
7 56 49
48 43 75
9 88 64
31 13 18
34 30 64
79 63 33
87 18 44
46 59 53
88 81 70
50 27 1
83 16 56
4 32 1
66 83 72
1 88 20
9 89 9
77 5 39
84 91 59
4 88 79
66 60 26
62 23 12
21 54 65
43 65 73
10 25 67
83 78 88
72 17 54
59 7 40
41 2 34
59 36 85
76 42 16
9 50 75
79 9 89
62 61 79
71 24 4
4 61 47
24 4 2
23 47 80
80 48 55
50 56 50
76 49 24
43 68 58
55 90 24
29 11 88
33 3 32
24 6 55
87 76 73
19 90 6
31 15 78
55 73 68
60 70 46
11 46 59
34 64 44
35 89 51
15 69 81
60 49 17
91 42 59
24 19 26
48 66 66
81 83 56
56 72 80
4 47 34
83 75 90
42 91 53
27 68 19
89 90 77
65 66 29
74 34 35
22 46 47
14 2 59
27 14 6
32 36 15
76 22 76
21 76 46
5 48 40
23 66 38
36 43 19
23 67 19
54 82 14
2 37 4
42 6 8
67 32 48
88 45 30
37 34 33
64 32 1
74 57 6
50 70 8
45 43 46
26 47 3
51 91 87
52 87 52
11 68 72
37 55 45
32 83 12
36 38 19
38 18 60
2 91 41
85 39 80
88 51 13
21 57 9
25 75 35
52 71 60
74 86 45
86 6 44
38 64 59
13 47 69
44 82 42
36 70 9
67 15 5
56 24 88
81 82 36
15 35 54
51 19 70
4 71 2
45 35 86
89 2 85
81 42 49
90 74 61
44 43 76
6 43 74
19 91 11
23 79 48
45 42 55
75 20 26
6 39 7
80 82 61
69 76 29
6 16 2
72 84 78
81 68 27
82 88 1
84 71 55
42 15 62
65 22 90
45 15 73
20 45 25
62 13 55
65 63 33
21 34 28
30 53 79
38 76 54
81 21 79
61 61 79
58 10 11
36 85 82
65 89 87
31 30 78
19 88 62
54 54 65
7 42 10
38 45 84
61 65 82
40 86 35
63 86 69
56 56 39
43 50 68
22 10 13
16 68 53
3 40 78
58 49 18
70 74 68
71 73 65
74 39 30
71 59 52
43 8 85
28 49 9
79 46 78
80 40 90
91 20 50
8 12 41
50 32 23
48 77 91
77 37 23
15 14 88
64 29 27
16 1 52
31 58 5
49 24 83
23 16 33
2 45 35
29 78 66
47 73 30
75 50 4
7 47 85
8 34 80
79 19 47
18 62 37
55 9 26
31 14 89
81 34 75
69 59 9
65 75 58
4 75 66
9 17 23
74 7 24
39 16 80
82 38 32
44 19 91
20 47 68
47 64 91
4 71 6
38 88 48
78 47 11
58 82 82
89 85 47
22 12 4
6 50 75
5 44 52
18 51 7
79 62 20
59 12 47
86 69 87
36 34 47
27 90 69
24 76 90
66 64 35
49 28 14
60 66 10
27 47 12
49 91 18
47 13 14
90 23 10
26 64 46
35 3 50
62 6 6
35 82 26
22 81 50
58 43 30
54 61 25
61 86 88
21 33 57
19 48 17
64 91 66
8 40 32
37 15 55
57 79 61
50 20 40
44 63 35
57 58 60
14 65 15
11 62 10
72 60 53
37 25 49
24 60 78
9 23 88
40 45 71
6 50 30
9 84 64
26 61 27
37 82 38
44 11 65
21 17 82
43 73 11
32 25 35
85 91 8
60 67 18
52 12 85
44 65 81
25 43 76
76 91 53
8 24 68
39 16 7
90 41 59
7 9 88
28 34 85
39 43 48
24 10 79
82 30 55
68 61 14
32 51 14
60 24 37
23 87 3
30 26 48
21 38 64
44 29 44
62 38 39
6 7 65
3 19 53
16 25 27
54 12 70
56 49 81
71 91 30
25 26 35
10 62 82
72 55 84
25 85 54
18 74 85
41 2 1
30 76 84
74 27 62
8 82 8
12 37 74
25 70 79
39 58 48
1 11 35
43 61 30
83 60 57
30 86 75
73 79 14
14 84 28
52 59 87
71 67 45
33 13 50
22 60 43
16 64 54
62 14 44
70 65 4
72 49 13
69 61 50
78 75 86
32 13 27
50 81 77
51 74 7
6 79 43
54 32 91
88 31 61
83 40 85
78 66 4
14 17 16
70 70 71
37 57 33
76 62 86
19 41 66
37 68 32
68 67 87
3 36 73
72 85 56
59 34 53
74 16 42
90 41 76
84 74 33
39 71 80
81 70 72
32 72 29
88 23 24
48 35 75
42 10 77
87 88 68
30 25 56
81 7 53
87 50 24
71 44 8
25 6 91
62 68 3
41 2 54
60 33 29
71 6 48
5 83 12
34 88 28
34 80 65
35 39 56
55 44 52
86 24 7
73 47 62
53 62 50
4 91 61
16 77 25
9 62 77
49 10 11
68 82 41
32 31 49
61 6 43
74 22 69
6 68 56
45 26 50
70 40 23
56 81 60
50 41 36
5 4 30
86 57 59
70 81 67
83 28 35
41 2 87
5 57 29
62 11 27
64 52 49
47 82 27
59 14 46
15 11 86
13 71 10
29 89 83
63 83 8
30 57 11
14 15 26
14 55 1
76 22 50
41 80 47
85 38 20
84 37 62
88 80 12
34 22 72
22 37 78
86 39 89
40 62 11
22 79 82
41 76 2
9 75 67
70 50 23
80 6 67
61 27 36
87 42 89
11 29 17
35 48 69
65 87 81
43 41 64
68 70 20
43 13 77
37 40 10
10 35 2
85 39 56
88 2 41
61 31 19
72 2 15
81 87 57
44 62 60
1 13 54
26 85 36
26 80 41
60 60 49
9 45 78
7 72 13
76 18 27
78 38 4
66 76 19
29 84 37
67 6 8
68 90 24
81 39 22
34 74 46
90 64 90
7 21 68
12 9 31
91 65 70
55 22 15
39 40 21
27 59 29
89 24 55
31 32 38
53 52 79
88 90 15
59 26 44
31 88 82
64 33 60
7 29 17
40 51 71
50 36 79
13 71 29
21 74 51
4 32 23
8 22 83
55 25 36
22 19 30
23 53 13
23 56 64
38 6 71
20 7 77
85 37 22
13 85 80
85 36 30
21 24 10
67 61 1
87 69 68
89 91 66
67 21 88
62 55 20
44 87 45
22 27 34
53 62 80
32 57 78
83 1 75
45 70 19
30 28 9
20 4 22
71 33 8
7 61 70
38 30 44
19 56 54
81 3 37
22 1 75
89 34 28
9 14 53
69 12 87
51 71 72
25 33 14
63 73 69
42 80 19
82 45 45
59 6 35
50 2 80
27 41 63
11 67 48
45 13 39
12 12 30
19 63 13
68 85 49
39 15 64
79 25 33
38 25 90
29 40 15
24 54 79
85 73 6
1 1 34
88 24 52
14 39 52
2 33 75
28 32 24
6 82 56
62 77 76
26 37 79
2 76 14
7 62 79
83 18 47
66 3 47
63 79 30
80 12 81
30 28 43
20 44 16
38 9 64
53 42 11
43 13 86
3 71 12
45 32 43
5 43 58
30 3 89
5 11 24
72 40 31
61 52 27
59 40 86
88 51 45
62 50 17
37 60 27
36 70 26
44 82 33
49 28 86
36 45 26
79 55 6
89 14 60
73 36 77
76 55 62
70 50 70
78 60 2
66 36 16
80 48 55
19 24 14
1 91 56
44 19 64
7 31 87
52 6 47
13 89 57
49 5 19
57 39 77
40 18 78
13 90 33
9 77 65
77 78 31
74 47 42
12 87 5
39 82 37
52 90 73
9 38 62
39 17 34
8 25 90
20 18 73
82 44 83
41 77 58
14 26 90
75 3 63
61 49 27
5 60 65
52 86 67
39 66 59
3 62 45
77 49 61
33 90 76
75 2 3
22 35 50
56 41 37
89 80 48
24 48 79
34 13 66
63 9 33
16 6 48
34 13 23
56 30 51
36 62 49
70 31 39
65 60 58
7 31 57
47 26 27
70 43 67
58 54 49
10 41 31
12 86 1
22 90 48
82 2 81
26 10 74
8 50 42
43 40 68
47 26 43
38 88 50
17 62 56
41 46 16
61 59 22
77 43 7
82 10 57
29 4 9
3 83 17
61 19 23
91 43 70
11 60 41
70 83 85
28 56 63
85 31 3
36 50 31
84 69 60
39 62 27
31 37 4
32 69 80
64 32 73
24 88 49
28 20 69
4 60 3
15 60 3
24 62 31
43 80 86
71 7 22
87 59 56
82 7 61
86 82 77
14 58 14
86 82 52
82 53 22
53 38 37
13 30 47
4 26 4
3 29 21
32 36 65
63 45 53
23 1 6
24 65 53
21 74 8
45 11 88
14 7 63
78 17 76
87 65 27
64 41 55
72 5 16
40 54 91
76 74 68
41 55 91
3 57 19
34 80 82
80 1 25
47 58 4
78 7 89
65 50 58
79 53 12
77 69 27
29 50 12
80 5 8
70 12 31
32 68 59
58 79 51
19 5 82
46 29 41
28 9 29
61 11 12
24 50 10
86 51 32
64 65 51
80 64 78
57 4 35
25 75 4
40 53 53
31 88 31
17 73 53
70 73 68
21 11 30
76 47 35
87 69 47
17 34 58
5 27 24
83 23 2
6 1 20
81 38 83
17 19 11
59 3 58
51 36 12
67 41 58
72 40 19
5 61 20
28 54 64
21 48 66
42 53 21
76 58 79
17 74 88
91 57 3
61 75 56
82 49 63
79 34 73
75 70 45
10 23 5
25 13 89
33 72 60
14 13 72
67 40 8
58 70 70
24 65 44
5 69 73
83 70 5
73 70 55
83 1 39
63 84 68
27 25 11
31 38 41
49 77 5
43 68 37
72 88 10
76 1 6
29 61 78
11 23 91
89 89 64
58 16 42
2 78 54
66 4 29
86 42 35
63 78 27
35 2 22
25 26 31
5 49 16
5 41 3
40 85 42
85 12 50
89 11 21
21 80 52
44 61 18
84 62 9
13 25 90
74 85 64
51 50 53
68 79 48
14 16 5
26 78 26
42 41 75
9 67 54
79 22 11
69 59 63
61 13 57
54 43 44
48 85 82
60 59 46
71 26 18
43 82 72
50 73 18
47 25 60
76 76 4
72 52 35
45 78 47
52 30 18
2 44 31
27 47 24
82 71 16
10 30 72
49 32 46
12 85 25
32 72 21
76 48 23
58 84 77
67 38 43
73 33 40
19 39 35
6 79 71
46 66 60
41 49 68
3 63 49
39 69 65
25 65 47
42 87 43
1 65 5
39 47 78
72 42 5
66 54 8
39 7 59
72 89 56
42 39 68
56 25 81
41 14 78
71 11 86
80 20 9
4 89 22
86 73 68
17 32 59
11 82 21
51 25 38
39 90 54
11 90 51
89 13 31
30 88 63
64 70 63
72 65 2
83 17 63
18 46 77
59 80 52
29 4 16
91 87 66
62 29 4
7 11 11
53 85 35
87 14 6
83 67 48
36 91 21
84 30 59
88 8 26
49 56 29
47 35 5
67 52 59
36 80 40
24 86 34
19 58 90
45 78 73
25 41 11
66 42 59
74 8 8
77 86 74
83 59 64
74 61 28
18 78 82
27 42 53
55 46 9
11 30 86
90 47 58
7 35 5
9 70 84
33 4 29
35 88 91
78 4 69
26 91 64
74 69 58
55 72 65
56 25 23
4 27 51
87 52 70
34 4 60
78 1 46
59 17 11
19 89 87
35 57 72
26 33 88
91 12 55
15 13 5
37 38 80
61 49 87
90 43 65
30 60 67
86 2 9
38 20 51
46 28 69
32 65 6
66 48 50
64 79 8
60 60 23
2 15 17
37 85 85
26 56 78
81 72 68
12 64 18
48 64 46
31 14 30
86 51 70
39 73 61
12 11 32
58 31 63
68 28 18
70 23 47
13 14 83
61 53 66
91 56 27
44 57 69
31 86 79
81 62 77
70 35 26
2 11 58
52 29 10
91 5 29
81 47 90
46 68 47
66 53 13
82 73 5
29 24 56
39 71 82
43 55 9
12 14 35
73 90 81
56 3 91
28 3 49
66 63 18
78 44 57
74 42 68
42 65 85
74 19 83
62 10 4
47 71 74
38 41 16
3 52 44
81 51 33
3 69 9
44 26 72
80 16 29
9 20 6
71 29 31
37 1 47
55 68 61
67 76 60
14 72 86
37 66 76
52 3 19
88 72 27
3 80 71
47 8 30
43 5 25
37 45 61
65 11 4
3 88 55
22 90 36
54 14 46
67 41 26
40 83 41
49 55 72
2 29 69
30 49 85
27 78 16
61 37 77
64 45 34
88 67 16
4 35 11
62 70 37
52 20 13
21 57 68
18 2 90
34 9 54
39 89 62
65 22 55
75 78 48
23 49 60
11 18 4
44 29 21
89 46 12
19 53 11
70 88 47
1 66 14
10 50 54
69 1 1
4 5 38
50 15 20
22 36 21
50 80 65
26 69 71
4 16 69
3 16 80
1 83 64
59 72 41
64 81 56
6 34 75
8 14 65
11 37 75
36 3 35
69 49 1
76 44 72
39 46 50
39 45 43
18 48 51
72 53 44
9 27 58
59 60 14
22 46 47
75 88 90
8 76 79
69 62 75
15 30 37
21 51 15
61 13 23
8 86 90
38 66 19
42 23 30
26 73 80
60 42 36
1 55 23
37 27 89
64 83 25
67 19 79
84 87 48
32 75 33
28 84 5
37 15 15
39 26 34
34 89 90
48 57 30
44 29 68
65 17 84
54 73 15
3 27 49
90 47 36
40 26 61
77 18 80
67 57 14
54 28 81
12 18 54
55 55 31
5 91 7
44 61 89
61 46 23
88 88 9
42 82 82
86 60 60
89 79 91
57 39 65
64 27 55
68 54 23
60 11 43
30 71 8
27 65 41
67 30 40
57 70 88
80 13 38
82 55 24
80 41 7
71 26 15
68 38 26
23 33 66
50 26 32
87 9 4
68 21 44
65 27 17
38 82 46
6 80 11
10 51 4
22 40 45
84 16 81
27 18 45
39 74 62
20 58 36
80 74 29
32 9 32
64 75 29
16 3 14
57 39 81
50 91 32
89 68 6
7 54 53
9 52 34
34 88 32
87 28 34
33 76 81
49 18 53
33 8 19
46 46 7
46 50 51
10 23 88
81 21 66
1 9 84
36 48 78
5 9 64
4 3 3
45 18 38
17 42 63
45 62 81
18 46 69
87 10 71
19 3 65
52 20 28
21 89 55
86 42 85
87 55 48
51 29 67
88 3 50
7 10 16
33 64 86
73 86 58
50 33 50
13 4 12
86 72 16
84 43 22
69 82 46
61 7 8
56 88 17
89 63 80
35 53 17
76 79 38
44 8 59
39 33 12
69 34 73
78 55 57
20 23 34
83 50 35
58 2 28
43 9 64
90 8 83
24 67 77
13 46 86
68 9 54
11 32 78
64 89 58
24 54 62
21 11 35
32 57 6
66 65 57
41 38 23
80 83 27
77 66 75
21 51 39
45 46 14
8 79 11
16 34 28
2 54 13
54 43 58
32 75 62
15 26 31
52 45 84
1 34 43
21 36 38
22 78 63
58 75 81
61 36 63
6 33 52
15 43 30
9 18 40
19 44 27
68 9 35
69 28 61
22 8 34
54 84 19
34 51 52
68 77 53
35 35 85
66 1 40
27 40 70
29 15 13
26 63 23
21 30 16
30 35 56
58 78 15
23 27 76
32 52 3
46 5 85
72 90 43
52 49 23
83 61 15
6 58 68
84 82 80
5 89 89
8 13 15
47 14 8
6 10 85
57 18 87
79 35 19
49 7 10
81 6 65
67 51 37
88 42 21
7 71 76
39 72 81
10 5 2
12 61 73
31 33 41
68 26 13
44 69 77
19 65 39
37 24 54
8 16 9
78 42 36
40 67 62
3 60 19
74 12 75
19 25 48
52 8 79
76 60 45
63 7 17
78 2 14
73 82 9
53 60 30
50 67 69
28 83 12
40 30 24
34 58 25
2 12 39
52 91 80
9 84 57
37 22 81
21 81 9
6 54 17
31 80 79
31 91 1
46 22 6
62 9 26
54 63 17
74 47 74
3 36 83
86 16 35
30 54 68
61 75 5
50 80 62
63 29 71
77 62 42
76 73 66
23 91 11
61 3 7
88 27 21
8 88 31
74 20 55
17 37 23
56 55 22
10 27 79
53 44 38
11 52 70
83 84 25
62 24 67
38 29 12
73 86 19
43 32 40
90 80 42
83 79 41
22 34 16
73 69 39
57 14 58
56 37 49
20 23 8
14 42 12
29 8 57
35 72 78
57 18 66
45 34 73
20 17 52
6 33 59
58 31 74
90 71 14
20 20 8
17 69 8
7 83 48
91 40 17
64 33 36
2 91 77
72 81 37
46 38 74
66 76 14
46 4 13
27 3 74
79 85 52
1 88 75
83 23 9
88 43 53
64 89 23
69 19 74
44 52 73
65 81 77
51 75 35
44 31 50
22 29 55
77 28 18
83 49 51
87 63 75
10 59 66
19 20 89
74 29 37
42 12 53
2 35 89
11 13 49
34 38 22
32 84 10
3 81 19
11 53 14
49 50 82
85 19 57
13 90 32
76 40 24
32 52 12
89 32 62
57 48 70
14 11 84
42 85 25
52 57 47
85 11 44
49 70 34
33 5 86
90 14 60
26 14 91
37 16 55
32 42 48
28 74 45
46 81 19
40 53 61
87 9 8
4 12 71
45 37 60
83 76 71
68 76 43
71 24 90
12 22 67
2 38 85
39 24 28
30 70 58
3 25 27
23 88 77
1 52 56
18 90 55
78 66 66
61 12 19
83 84 52
55 63 51
34 47 82
58 77 2
25 91 13
90 32 10
85 31 87
35 91 79
77 8 16
52 3 64
35 19 6
48 25 10
70 32 91
2 77 15
9 90 70
72 42 86
27 2 3
88 50 65
32 12 62
55 3 84
71 58 57
44 55 38
38 76 81
85 38 46
48 59 33
66 1 81
20 69 53
53 61 7
36 88 13
82 47 29
28 28 60
75 21 23
90 84 21
59 2 17
4 24 87
48 84 18
63 20 46
89 67 1
8 66 70
54 90 79
74 13 77
38 42 11
64 39 15
37 1 38
88 9 25
76 79 59
66 33 64
9 12 70
6 1 11
67 45 89
89 86 63
90 86 30
24 15 34
58 51 20
49 31 90
21 15 47
34 26 42
53 43 27
90 48 25
62 68 48
55 12 50
37 9 85
5 65 73
76 24 33
82 81 11
69 60 79
60 5 83
65 34 12
17 59 53
15 17 83
55 64 90
89 33 55
83 7 56
31 32 10
18 23 4
9 2 29
77 33 89
9 89 45
28 12 88
30 63 36
55 86 76
12 81 6
17 33 33
4 2 50
42 15 58
60 64 70
84 58 70
86 53 75
41 15 90
15 79 2
30 47 42
65 88 24
53 44 79
5 31 9
2 40 57
6 1 46
12 17 79
73 90 16
52 50 11
6 27 16
88 86 28
74 21 52
59 28 45
87 82 47
50 78 56
63 65 43
87 49 86
78 58 34
39 12 9
2 46 49
32 17 90
60 87 54
49 80 56
12 19 44
49 78 41
48 86 13
14 46 39
90 39 83
47 8 31
18 68 78
90 13 22
3 86 7
29 89 68
21 71 30
7 63 61
65 60 50
60 17 89
59 91 14
36 63 79
59 43 17
70 12 25
88 79 23
46 61 13
86 16 18
4 11 20
91 73 45
73 84 86
69 87 42
62 84 45
57 8 29
74 56 48
91 14 64
9 66 2
79 3 12
47 44 50
67 59 21
21 36 51
9 45 88
39 58 77
64 57 77
66 51 69
31 66 80
78 70 34
34 28 65
52 37 83
29 67 50
4 12 87
28 56 55
76 76 55
87 32 12
85 59 2
23 16 5
16 19 90
59 88 80
15 83 77
48 54 61
73 68 6
30 66 34
54 19 49
54 51 37
51 21 20
6 8 91
50 47 73
77 14 18
70 76 57
58 44 39
19 55 15
47 61 3
25 8 8
13 90 25
72 82 71
54 10 41
91 11 59
56 53 17
59 50 9
34 16 10
4 41 46
15 18 42
63 24 12
19 48 76
46 74 45
50 51 42
55 53 58
29 17 24
22 28 6
71 66 57
91 59 38
13 10 44
47 65 53
7 88 40
46 14 33
45 83 39
41 61 20
63 12 74
84 77 76
74 76 14
3 31 41
30 12 2
26 65 38
19 51 61
89 5 70
27 72 35
89 5 55
52 14 4
88 42 82
28 85 27
20 13 66
89 9 25
68 5 35
48 7 90
43 22 67
35 80 32
30 52 25
72 89 20
6 31 13
73 6 18
89 46 5
42 7 80
39 12 44
71 51 32
16 3 77
40 77 51
51 61 79
16 88 10
8 80 32
43 43 15
28 72 27
14 87 91
36 40 36
6 13 34
86 62 31
82 62 11
83 30 79
38 79 72
34 18 44
26 50 15
47 17 75
5 14 83
48 65 90
24 84 76
83 74 13
17 87 70
24 22 33
29 38 10
28 90 67
31 14 73
83 88 80
44 21 86
23 36 88
54 27 90
33 13 78
7 17 38
24 75 56
11 13 24
5 76 41
26 49 1
47 11 25
38 16 24
11 72 9
35 71 25
39 64 2
74 89 70
66 60 67
85 19 18
31 62 39
23 11 70
25 64 49
72 6 11
22 9 14
12 30 63
9 3 7
66 31 15
27 5 71
17 78 68
24 15 57
83 23 48
66 41 17
26 44 67
65 53 14
61 66 38
80 22 49
83 45 72
73 38 70
35 14 89
8 27 64
88 20 39
59 41 32
27 26 41
16 59 60
86 65 85
72 46 82
45 9 84
75 7 89
39 64 1
1 78 24
46 53 45
44 75 39
65 49 69
34 65 22
57 58 2
15 39 53
57 28 57
67 9 71
12 63 17
86 4 50
83 39 43
72 2 40
52 29 41
79 81 12
51 17 75
51 33 60
36 4 39
56 42 20
11 44 68
71 86 57
56 58 23
57 74 65
21 81 66
79 78 48
78 85 77
20 18 15
37 57 44
21 4 26
61 13 1
19 78 36
1 84 32
8 89 33
46 57 39
42 9 16
27 16 88
68 91 49
58 50 5
10 68 53
55 26 79
57 53 61
43 51 14
16 66 25
15 71 1
12 4 28
61 25 72
51 80 62
76 61 66
29 61 76
43 86 19
69 17 77
48 17 11
86 35 75
5 23 39
48 25 8
70 40 72
18 58 44
88 10 36
52 31 31
62 83 41
2 46 76
60 13 33
16 35 73
16 16 59
30 33 74
43 68 52
78 3 69
20 10 22
29 10 68
89 42 82
9 4 68
90 21 61
20 4 41
19 58 83
22 70 56
86 74 24
22 38 40
17 56 71
57 16 29
25 36 36
27 17 49
49 32 53
8 51 86
78 16 6
89 75 90
49 37 73
64 80 23
89 42 33
86 13 21
15 9 1
75 68 52
43 83 26
1 33 75
58 40 81
26 4 20
67 77 45
58 74 60
41 65 29
39 55 41
63 76 1
27 83 33
7 62 74
7 5 43
53 27 40
10 40 17
1 83 9
58 35 49
71 75 46
70 53 87
57 37 38
78 73 38
16 64 82
80 29 3
5 66 66
25 73 12
76 28 23
89 43 33
44 60 19
71 64 56
2 39 51
1 14 25
28 91 19
45 14 68
2 50 36
41 48 28
81 18 31
51 15 78
62 45 55
20 57 11
60 82 17
71 15 41
56 51 2
89 37 3
14 74 75
7 73 20
42 8 7
63 10 48
57 20 14
72 11 44
84 68 85
20 75 19
28 47 22
72 82 13
15 49 49
56 10 8
67 11 62
59 85 50
57 49 43
22 47 15
79 37 78
72 64 46
54 43 86
80 72 50
72 16 46
44 74 13
18 49 42
50 73 42
63 82 29
47 84 73
78 15 80
89 72 89
65 66 2
80 3 46
21 48 67
22 60 64
72 40 85
9 60 13
5 5 44
27 49 8
58 83 18
88 34 65
20 70 40
90 42 52
11 12 33
62 38 87
74 11 61
37 15 36
22 35 49
82 4 62
53 16 55
17 6 62
43 34 29
57 57 33
54 9 17
83 18 77
83 88 75
80 16 66
49 87 16
79 13 3
42 34 2
78 33 65
87 32 41
53 58 34
91 77 70
36 15 56
84 49 51
78 76 17
36 14 30
59 33 40
53 8 50
86 80 51
57 80 88
62 79 63
83 91 85
72 86 42
81 67 12
75 33 2
59 64 2
67 7 51
45 22 14
28 67 3
16 86 6
59 46 76
42 91 76
90 90 40
75 68 50
7 57 44
59 34 80
30 14 11
22 70 74
25 12 15
32 21 45
87 26 87
53 20 37
63 54 23
88 11 5
1 87 34
77 6 1
7 87 75
7 79 67
36 68 68
2 54 40
40 25 4
20 72 8
90 40 50
34 7 21
89 76 40
4 88 35
31 7 65
18 9 13
86 42 38
84 22 50
42 82 65
15 21 90
20 5 89
23 13 20
65 17 56
81 48 31
89 44 72
86 23 85
28 65 20
23 89 2
8 37 18
20 3 62
63 56 44
33 52 12
8 62 58
85 36 5
84 10 18
14 43 48
21 6 40
67 14 28
45 2 87
74 74 67
72 8 85
64 4 79
27 52 45
63 27 12
12 62 54
91 58 69
69 82 75
64 9 9
62 76 61
42 57 17
51 3 8
35 43 9
47 29 54
41 89 42
50 34 72
89 87 78
89 19 40
88 11 50
40 27 17
83 70 62
62 14 45
1 91 55
3 62 89
87 24 15
29 89 88
37 55 50
43 41 88
25 88 13
63 59 10
82 28 13
30 81 32
36 7 49
82 68 30
65 19 23
70 65 48
77 82 15
55 50 39
40 36 10
64 89 80
23 34 53
19 50 3
51 28 42
52 65 41
32 42 47
31 32 12
1 10 63
55 43 1
34 8 80
50 40 83
39 5 82
28 13 31
5 54 26
30 10 73
11 22 42
12 28 79
21 91 60
10 20 46
54 36 46
79 28 69
12 23 16
71 57 90
73 1 61
70 86 55
12 82 71
85 3 19
54 64 8
11 31 72
57 38 68
58 25 69
63 12 54
65 17 21
2 76 24
11 80 79
89 39 18
59 5 41
3 89 52
17 57 76
33 1 36
6 17 75
66 87 18
56 54 32
70 18 16
81 27 2
28 50 6
81 64 45
34 86 22
80 60 8
13 70 36
2 48 44
4 67 20
19 63 25
48 2 68
28 80 24
44 17 11
43 85 29
81 56 21
85 48 70
12 74 70
59 79 24
30 81 27
38 37 40
26 7 47
61 48 79
49 15 11
18 34 5
88 68 10
10 15 59
70 38 74
77 6 41
47 44 47
57 76 49
40 86 44
31 6 20
62 45 35
69 35 85
21 47 77
87 5 8
20 35 10
16 46 9
68 28 67
17 44 54
63 49 47
10 39 16
11 73 39
46 7 85
25 40 88
9 77 72
57 50 66
43 20 20
78 71 77
18 38 44
33 12 22
6 40 27
72 65 53
57 88 32
8 3 7
82 23 83
43 63 87
37 21 48
60 61 44
32 83 24
31 76 67
9 30 80
4 5 40
47 55 34
49 64 5
74 66 34
45 25 63
23 1 79
75 43 7
82 72 15
34 37 6
49 26 32
14 1 66
23 4 48
3 21 82
85 57 65
12 67 24
11 69 14
69 64 21
66 26 42
55 10 50
67 45 80
16 69 84
41 89 75
45 46 82
60 2 78
44 71 2
34 87 62
44 17 25
60 12 81
81 23 51
90 77 85
49 86 57
80 33 15
41 15 68
73 87 42
86 65 58
67 37 77
34 13 65
32 30 76
11 53 13
73 42 53
86 11 46
53 34 34
65 90 49
41 61 61
22 67 72
64 18 50
42 17 10
47 63 37
61 84 53
4 3 83
24 6 70
36 24 80
19 77 90
12 49 1
20 35 59
35 3 36
60 26 70
25 15 34
34 69 54
53 73 23
26 13 24
79 75 35
35 44 73
57 44 14
13 20 19
75 48 6
8 30 14
15 90 28
58 11 12
34 87 73
25 77 42
5 78 33
31 15 35
51 10 7
41 88 51
25 11 3
31 20 5
64 33 54
88 19 53
83 23 42
86 78 8
75 53 3
63 77 76
15 54 88
45 45 89
75 41 82
41 49 12
18 85 64
87 87 85
57 5 11
60 48 47
67 79 23
37 86 26
34 27 55
10 9 41
40 45 48
55 8 3
82 70 28
47 63 41
43 42 30
32 50 16
2 74 5
76 4 34
31 60 39
55 3 45
38 76 88
53 27 61
62 68 36
83 44 81
51 29 41
60 71 84
81 19 38
1 59 75
55 19 16
81 4 41
8 32 31
76 25 21
89 2 27
75 64 77
43 49 10
11 19 26
5 85 27
12 77 57
65 50 3
79 78 33
68 36 25
40 88 70
59 63 69
72 87 26
57 19 6
90 48 44
87 48 63
65 27 45
60 90 60
38 27 86
86 34 57
81 38 13
84 47 35
91 85 6
38 73 63
54 26 29
4 41 14
3 53 78
19 59 22
91 79 75
49 15 3
56 23 35
38 39 72
74 40 56
80 27 87
55 59 13
62 35 30
84 34 70
74 44 61
89 77 60
1 90 80
88 17 23
54 5 28
15 18 71
34 53 81
80 69 15
76 27 76
79 66 10
21 53 24
3 1 73
80 33 1
6 6 29
81 8 80
68 7 34
3 30 90
73 35 4
87 28 34
72 76 36
9 31 4
19 77 90
90 75 64
68 6 45
77 5 64
51 78 36
24 75 32
75 83 68
13 36 64
83 73 13
9 49 74
14 30 28
51 56 6
68 3 82
5 1 66
6 1 10
37 16 25
22 5 73
76 85 16
9 66 28
67 54 83
7 2 35
15 15 90
64 87 14
79 6 42
18 75 44
58 32 54
46 33 72
75 2 33
14 49 18
15 23 61
29 19 49
79 21 27
78 6 42
25 70 55
44 71 20
44 49 76
43 89 71
44 83 60
9 47 54
47 64 38
79 80 87
75 67 84
45 36 19
63 60 21
3 53 34
74 25 65
40 60 72
21 51 18
80 66 19
59 1 85
19 74 73
85 79 24
19 42 28
33 89 9
66 3 48
25 12 34
72 21 55
20 24 35
50 67 55
86 26 64
12 61 57
10 60 90
42 34 29
54 61 86
16 8 87
74 15 35
62 30 91
1 59 13
84 91 28
74 31 55
69 45 79
61 54 35
90 68 19
79 59 40
51 85 49
60 26 45
51 7 52
41 21 48
43 27 34
12 52 86
54 66 42
6 89 71
11 10 31
46 36 3
26 58 46
63 39 49
80 28 72
40 26 47
8 53 75
81 68 63
74 47 73
63 49 82
56 18 82
32 12 87
18 84 32
11 39 89
50 26 38
34 37 21
32 36 36
6 73 47
62 35 12
91 77 37
43 85 52
72 86 38
27 26 64
88 54 41
36 48 83
34 88 51
8 81 69
39 51 30
39 80 48
41 11 66
78 11 32
54 63 91
83 32 71
63 25 87
84 82 25
84 12 72
86 76 34
43 38 13
51 64 43
86 53 3
58 18 82
56 13 5
70 45 31
62 45 73
12 8 36
40 58 69
3 43 73
63 7 65
90 24 31
21 12 8
16 34 77
74 62 40
31 45 39
9 89 79
50 54 56
68 5 61
6 19 45
3 19 58
20 91 79
80 90 8
39 28 60
85 46 9
67 22 90
73 88 83
55 87 45
25 48 71
61 13 22
40 18 8
34 46 84
71 86 83
14 54 74
44 13 17
19 69 80
33 68 47
60 90 71
17 89 26
70 20 77
87 6 71
58 20 17
39 69 60
65 75 32
19 37 60
75 26 72
47 82 84
1 41 3
15 70 20
64 64 10
72 89 81
7 81 27
69 45 19
75 89 18
9 9 67
24 35 81
74 1 4
35 25 49
70 42 37
31 18 40
37 34 35
26 17 70
86 59 36
58 54 73
63 77 41
67 49 84
88 82 40
44 10 75
12 66 63
13 81 9
45 49 82
15 23 88
58 35 59
31 76 42
11 81 40
17 84 30
19 75 20
46 8 16
69 79 29
65 49 86
7 26 40
89 17 11
54 33 41
67 60 4
11 85 21
2 17 76
53 42 85
80 33 83
76 53 3
37 84 63
82 85 48
78 6 55
63 48 29
42 66 88
50 59 2
44 57 6
67 22 58
59 61 68
68 59 32
87 49 42
44 37 52
91 46 74
73 36 19
37 36 28
71 65 58
85 71 38
21 3 71
59 71 23
2 31 27
71 66 64
69 41 39
13 14 83
68 43 57
70 30 59
25 52 62
9 46 46
72 37 46
17 70 3
45 65 13
66 53 62
25 14 5
81 60 4
85 76 87
16 88 70
19 28 58
39 64 28
85 3 11
36 67 57
26 17 73
17 38 3
28 71 82
75 3 47
25 20 82
21 73 47
66 64 16
15 74 23
24 12 63
39 14 18
70 74 11
9 43 79
73 73 67
40 24 36
20 78 47
2 29 21
16 8 38
18 42 2
87 83 52
74 8 44
36 49 52
3 27 89
30 54 2
34 9 66
52 54 35
21 43 40
1 70 75
28 66 25
79 44 69
15 70 5
12 44 56
80 72 15
5 29 6
19 84 79
12 6 69
12 68 74
50 72 62
2 40 83
7 25 86
32 82 10
23 84 24
38 55 84
71 18 23
17 55 10
25 31 31
12 37 40
77 3 37
57 6 1
66 78 63
50 28 58
87 67 65
54 49 79
39 5 44
82 79 12
4 52 49
14 70 85
47 19 75
37 49 33
61 61 43
63 42 23
50 35 67
77 12 45
1 39 49
19 75 5
34 12 2
58 21 30
78 5 63
87 36 62
71 44 54
52 30 11
63 7 58
62 39 87
79 1 83
7 72 75
71 75 88
84 69 3
3 28 41
88 84 53
20 37 72
6 81 17
28 56 50
28 29 28
3 60 63
43 68 25
55 14 65
52 38 44
31 85 11
30 74 34
64 51 47
72 19 6
61 81 54
24 57 23
88 44 39
72 67 53
43 41 81
54 57 48
79 41 21
53 73 56
33 34 14
72 3 51
27 27 90
53 51 47
30 9 84
52 88 3
73 11 20
80 88 77
53 4 50
13 47 67
61 74 44
16 56 86
43 78 70
26 51 10
2 39 9
11 71 24
46 42 8
79 71 80
30 39 49
16 41 74
24 15 42
67 65 70
61 42 63
36 91 64
91 85 5
70 11 88
50 29 40
50 12 16
88 50 7
80 90 82
27 20 44
64 88 49
22 15 43
79 42 21
7 15 6
71 91 86
36 57 43
58 18 69
83 89 48
31 39 53
78 65 41
28 88 78
73 72 80
63 83 17
81 8 72
83 90 41
47 62 91
15 73 62
24 3 40
90 29 48
63 61 79
66 32 50
31 28 12
46 44 52
51 81 62
78 20 86
31 62 81
37 30 73
86 68 62
20 36 22
52 33 75
69 65 58
20 71 62
40 66 11
20 31 28
35 43 79
88 20 67
73 63 6
44 16 53
5 89 2
33 17 21
87 54 60
4 11 24
21 86 14
36 57 73
9 23 58
22 4 4
79 43 28
84 6 12
17 86 25
24 43 91
4 28 35
79 20 46
45 39 8
11 85 17
9 71 78
55 45 28
16 31 34
58 81 70
7 84 50
68 28 60
82 71 90
7 16 75
22 6 79
66 56 31
10 80 36
11 15 46
53 82 16
90 62 87
69 26 50
19 74 25
45 75 79
70 57 89
40 78 61
77 59 28
10 9 23
71 3 7
28 65 74
61 89 60
78 25 50
83 24 71
84 34 70
57 71 72
57 7 46
79 60 80
41 69 68
29 23 62
91 53 58
30 27 57
31 39 8
25 25 24
80 85 6
7 11 80
73 76 52
29 5 3
90 31 36
38 4 25
60 71 42
57 25 33
66 1 29
17 77 55
75 18 61
35 18 15
1 41 66
7 60 24
5 13 44
33 53 23
29 30 53
18 36 24
69 26 1
1 79 29
7 44 87
45 88 41
21 20 7
81 12 47
80 29 4
83 27 64
46 59 6
20 19 15
61 34 24
53 74 46
65 37 32
18 58 29
90 9 70
9 18 72
31 1 82
1 29 2
76 72 85
55 41 23
62 47 49
86 69 76
3 45 84
13 18 22
71 35 5
30 32 55
22 90 41
46 9 34
77 57 86
6 56 83
10 44 81
14 39 25
59 41 69
64 46 20
57 80 79
18 66 12
26 83 60
60 89 5
42 55 33
42 11 31
52 60 79
28 20 18
70 35 89
53 58 22
14 36 75
3 20 69
3 87 26
72 90 75
56 42 8
7 80 7
26 3 73
8 87 73
24 63 26
42 36 48
91 69 91
19 34 23
75 10 63
20 18 13
60 3 53
26 1 29
25 47 54
69 16 86
21 15 84
16 51 55
13 35 73
23 1 52
40 60 50
23 19 46
20 33 36
10 40 90
47 91 60
8 64 34
63 87 89
3 86 42
17 85 34
87 48 4
54 43 31
27 64 36
41 83 42
84 59 70
31 26 77
51 4 28
25 1 65
2 80 33
3 25 4
48 84 19
31 42 88
85 63 44
55 54 59
91 34 25
48 9 25
15 64 56
33 9 45
88 17 18
64 33 90
23 91 25
25 67 10
65 20 91
32 60 3
44 86 18
71 7 32
36 21 77
11 28 27
34 61 14
23 51 21
13 12 63
8 79 10
17 80 47
63 52 45
76 66 67
45 27 10
37 16 34
78 81 45
81 41 36
2 58 18
70 35 36
88 22 86
21 19 88
90 84 23
37 65 87
52 73 31
31 47 26
36 23 57
41 36 45
58 65 89
51 40 20
72 59 21
91 38 12
64 44 27
60 41 9
1 41 86
67 7 56
30 82 81
61 50 22
75 10 25
19 5 26
85 64 80
7 35 14
52 46 60
17 23 89
35 82 76
37 52 56
73 54 28
1 1 89
81 85 42
38 35 75
82 11 40
13 55 29
12 79 35
12 21 5
74 6 31
84 79 17
2 51 23
50 48 13
55 86 55
52 20 70
15 52 22
59 7 49
41 17 65
12 74 57
4 31 22
72 91 90
44 38 22
56 30 3
10 55 12
2 77 36
40 35 64
13 87 65
41 79 72
60 69 70
63 36 24
11 34 83
2 76 84
68 77 42
27 8 66
90 46 48
5 88 60
83 9 20
26 1 13
91 91 25
63 29 3
2 9 14
19 42 51
39 8 13
61 13 80
22 26 65
28 24 37
38 79 61
45 79 70
33 73 33
5 70 89
78 53 21
37 20 16
17 23 72
52 91 18
47 82 24
31 32 34
24 18 73
53 46 33
71 59 32
11 17 83
32 6 58
81 27 83
22 32 64
37 66 78
4 71 55
22 54 85
21 71 43
45 9 41
91 20 86
50 3 8
48 88 45
85 21 22
16 28 50
61 38 62
6 49 52
7 85 62
18 57 71
10 74 35
75 69 64
71 20 13
51 50 37
33 16 78
52 84 82
60 84 19
56 67 84
18 7 75
44 12 64
11 18 79
63 88 84
83 6 35
12 28 58
70 89 55
53 58 79
79 67 38
56 23 28
67 39 57
39 34 52
56 86 21
34 74 58
18 49 28
25 55 36
23 59 33
56 70 16
35 72 9
33 72 68
66 37 78
63 46 55
14 31 39
45 71 28
40 13 24
65 22 5
16 68 21
11 84 52
55 32 43
27 66 11
87 83 60
6 40 19
62 3 24
14 25 14
21 85 55
8 7 69
30 73 87
73 85 27
24 7 42
20 48 15
58 88 17
24 20 59
80 28 35
90 87 24
68 30 2
13 91 35
22 26 44
25 20 39
62 40 19
9 61 12
40 9 81
59 48 31
51 28 22
58 20 54
36 80 9
49 43 33
19 15 15
8 78 4
21 29 43
10 37 59
57 84 49
42 2 30
40 90 30
10 5 12
12 72 63
33 15 86
5 66 30
32 58 42
56 40 82
2 86 82
82 72 90
51 29 26
10 64 21
33 79 74
57 71 45
44 9 80
49 83 82
74 33 39
30 91 9
32 31 65
61 52 6
47 88 80
57 28 65
82 16 69
49 33 13
48 37 23
10 88 31
84 23 77
38 72 25
16 64 82
11 16 58
53 66 78
1 26 6
3 1 45
38 66 36
63 56 11
86 73 54
47 47 24
17 91 42
52 35 74
29 22 15
23 25 53
54 12 11
1 5 88
41 11 33
35 86 65
47 65 21
32 63 25
2 30 33
53 91 74
57 80 43
89 78 66
14 23 15
79 46 82
41 37 88
56 56 30
46 5 72
11 25 81
47 76 76
81 68 41
53 53 34
76 7 60
87 68 39
30 6 44
6 53 55
90 48 87
25 85 8
79 32 4
61 6 48
74 18 6
58 47 22
62 70 74
26 29 50
52 1 72
90 39 60
12 44 26
54 32 43
77 18 22
10 30 7
88 49 31
65 35 34
12 83 27
58 19 66
84 28 28
82 18 27
7 40 88
61 89 59
8 21 11
8 56 85
14 3 39
19 63 61
51 64 33
54 54 22
86 69 23
2 27 68
56 38 49
20 46 80
35 19 72
80 86 34
24 7 41
85 84 36
41 87 69
34 88 24
36 76 34
15 25 81
5 79 79
1 46 55
33 27 1
76 11 75
32 62 22
85 9 9
80 22 45
29 25 17
55 62 26
50 23 45
72 89 32
10 42 56
79 12 24
40 15 54
5 74 13
62 27 12
1 69 13
29 91 9
32 15 47
22 58 87
45 58 13
59 47 18
75 89 59
51 83 24
28 55 19
1 55 18
2 29 43
4 44 32
88 82 65
81 33 83
70 53 32
23 81 47
16 4 44
46 58 75
25 67 40
69 75 7
52 89 16
36 66 1
6 86 78
8 77 57
56 67 91
68 59 89
29 72 40
70 10 12
25 80 35
63 63 3
62 60 31
55 29 55
83 31 74
29 13 50
40 85 1
10 88 62
68 44 74
39 61 66
24 89 20
20 54 45
67 43 79
17 67 62
31 22 53
42 86 26
87 88 55
87 31 66
81 3 49
70 42 7
70 20 40
70 21 84
75 72 29
63 4 43
90 24 73
73 46 25
77 46 84
49 53 17
35 53 55
77 45 57
4 43 65
80 28 46
66 84 76
83 49 90
3 58 13
13 23 86
7 24 38
64 66 80
56 58 30
69 26 32
60 43 83
77 78 47
67 75 4
14 61 51
28 51 62
50 57 16
20 75 65
31 55 15
60 21 66
54 36 76
4 78 33
7 28 33
33 42 89
24 24 36
20 40 26
18 63 28
56 79 51
33 91 72
19 82 68
47 21 2
64 83 74
71 26 14
40 66 26
38 70 7
60 5 52
35 70 9
26 80 10
73 47 66
46 42 3
30 25 39
42 21 46
2 18 16
14 54 67
10 50 55
32 69 24
21 38 84
26 23 67
32 83 51
67 14 41
4 72 25
86 20 51
49 58 44
68 43 12
9 48 22
13 65 42
82 45 84
90 33 57
67 16 75
4 34 80
90 41 19
39 69 76
10 88 81
21 22 39
54 55 75
25 81 42
6 71 42
40 54 15
79 87 23
18 13 72
66 19 79
82 32 12
79 61 85
64 65 3
50 56 86
15 30 48
85 75 71
38 59 33
35 7 50
75 57 15
28 28 33
83 82 89
67 10 88
41 41 5
50 80 51
73 54 83
23 37 60
53 62 83
31 39 70
68 49 35
39 30 66
35 38 63
44 83 77
9 33 18
60 46 51
2 25 44
3 49 15
3 30 48
6 27 22
53 2 11
75 75 11
43 27 31
36 71 61
15 52 80
40 87 49
41 3 25
59 82 15
11 27 4
46 34 38
59 85 71
37 83 83
26 29 2
52 43 58
75 14 17
37 7 47
10 59 82
26 37 47
59 91 84
36 24 19
2 66 63
26 80 51
82 88 21
27 4 78
24 15 66
83 57 76
86 5 87
37 74 56
32 34 71
2 26 33
67 70 70
24 75 63
50 38 54
86 21 91
21 15 18
70 59 15
72 11 66
50 19 35
30 21 78
78 9 79
11 4 6
50 59 65
47 1 44
36 83 15
50 31 36
40 18 4
45 12 86
89 69 45
67 42 84
71 19 82
74 55 19
6 48 14
90 60 14
73 67 89
17 55 2
4 80 45
45 53 59
31 88 75
86 7 35
41 6 54
68 37 67
22 82 33
20 90 87
83 64 54
51 59 12
61 16 50
3 41 62
76 68 6
26 28 59
69 50 48
13 35 55
21 29 40
17 44 44
78 87 17
52 55 84
58 51 53
19 27 73
47 63 33
21 73 60
35 75 49
90 42 5
90 61 30
31 33 52
63 47 67
64 49 10
14 75 30
22 59 20
53 87 32
49 88 15
52 88 54
14 88 60
79 50 39
24 33 60
91 17 12
23 53 83
31 85 83
22 50 91
71 9 8
59 54 12
28 62 62
17 13 51
34 1 57
72 72 68
68 91 79
5 80 89
59 6 24
56 55 62
14 27 86
81 68 62
81 6 64
72 40 76
5 15 27
32 40 70
11 63 62
4 64 73
35 27 44
53 21 77
48 73 32
60 82 71
38 57 85
90 39 63
84 23 60
70 5 71
33 88 38
88 51 43
58 43 10
81 55 50
72 37 28
68 29 26
62 88 75
66 20 61
80 61 27
37 67 11
4 54 52
31 10 67
88 90 50
32 7 50
41 38 12
20 31 33
27 33 40
23 38 74
39 62 52
91 73 78
7 42 61
47 18 30
37 42 31
60 11 21
4 77 90
82 52 50
85 20 72
76 79 87
15 60 65
60 15 79
50 15 36
46 28 88
69 85 30
70 82 36
3 84 17
74 45 89
80 64 42
40 25 53
63 80 6
73 65 49
48 75 13
15 42 40
31 52 14
40 43 69
88 56 51
74 9 19
9 54 37
81 79 66
46 8 39
62 32 37
14 62 12
14 86 87
66 71 23
62 87 27
60 72 32
48 65 38
82 11 26
63 69 89
55 86 48
16 13 61
73 21 19
44 45 48
24 37 38
47 12 72
59 63 90
40 8 27
30 80 62
8 81 36
31 40 74
2 83 69
1 48 28
12 47 86
88 10 18
63 77 81
86 70 16
37 50 5
35 78 91
24 34 36
83 82 21
41 3 17
5 37 1
27 23 74
46 29 83
35 55 11
81 11 75
45 62 28
57 24 49
86 15 91
37 65 90
64 21 79
90 55 14
9 86 63
9 17 33
77 24 24
51 23 37
65 13 14
6 76 71
59 20 91
76 37 8
35 49 46
1 17 85
22 35 40
62 25 91
7 41 83
8 6 41
37 64 66
89 41 20
16 23 54
62 41 78
3 52 13
54 63 58
69 30 54
31 74 61
49 50 15
52 83 63
78 49 43
16 57 56
10 1 73
88 65 88
30 51 53
80 2 24
24 65 25
57 59 1
1 27 23
35 3 64
53 63 91
44 14 8
15 90 65
34 89 24
15 4 90
44 36 5
55 38 51
88 26 40
63 29 82
48 26 25
61 71 18
37 80 84
48 16 82
2 44 72
86 11 68
30 70 39
38 17 8
2 59 57
67 62 85
73 69 73
40 83 10
6 4 19
11 60 29
86 8 40
56 9 68
57 9 41
17 56 19
34 49 85
57 89 33
77 16 37
79 81 21
57 76 83
21 88 28
52 90 79
36 66 32
25 22 53
15 7 12
6 50 67
23 29 23
6 36 35
9 50 77
62 15 49
54 53 52
79 91 26
89 64 79
64 66 40
40 3 85
78 61 56
40 53 6
48 16 17
80 6 48
71 42 87
81 6 28
26 50 64
31 4 46
88 34 85
85 74 69
54 32 52
48 49 68
82 34 34
1 12 49
61 89 28
82 87 58
62 15 20
22 6 53
81 12 11
19 44 19
48 57 42
7 33 51
90 36 26
91 8 1
60 9 65
36 5 24
87 3 63
16 42 73
55 74 73
53 37 56
37 29 86
16 68 5
24 36 88
19 58 70
17 90 46
84 69 75
24 86 66
85 88 35
81 61 20
31 87 49
13 5 78
73 51 30
85 34 25
24 49 43
20 90 18
12 40 33
24 17 86
82 63 71
62 85 27
74 47 89
50 30 47
74 3 85
79 61 53
86 42 43
69 88 79
40 30 7
31 80 38
53 31 67
10 47 21
29 40 45
30 55 53
24 58 84
41 60 85
44 43 50
48 39 23
3 1 7
79 82 71
1 34 55
44 8 62
59 30 56
13 20 19
37 10 53
24 4 23
53 17 24
57 90 64
5 41 2
52 66 63
75 89 50
71 22 40
27 56 91
42 13 65
87 69 20
83 43 7
2 31 16
47 79 87
67 32 4
88 42 22
65 7 90
46 43 52
31 25 30
13 16 18
36 24 24
88 31 13
18 39 62
24 39 37
48 71 52
21 59 8
21 24 51
90 7 30
28 34 84
88 46 87
12 87 8
14 84 3
23 19 84
22 54 40
8 31 87
25 46 61
4 45 44
71 3 65
73 13 56
17 11 20
58 89 26
88 60 76
19 86 43
22 68 53
63 60 45
42 9 24
29 83 71
47 66 31
38 70 9
15 12 23
35 79 25
10 69 15
70 47 43
44 73 71
13 53 1
17 16 26
86 10 25
69 1 19
24 37 64
31 31 2
90 47 3
22 87 11
21 78 44
64 62 58
16 9 36
90 5 40
73 41 46
91 85 49
45 16 22
14 45 8
61 57 88
9 22 49
86 7 60
72 10 75
77 31 78
82 62 23
24 40 88
77 60 51
29 73 6
32 60 30
61 17 48
48 8 65
13 8 15
22 56 82
51 50 47
63 38 55
65 11 12
88 12 19
13 53 60
36 34 89
60 61 77
36 64 53
23 39 7
5 7 88
7 46 22
23 81 77
88 70 52
10 57 84
63 9 75
67 13 6
82 39 4
50 5 2
44 89 48
52 24 2
64 36 74
14 62 6
72 58 22
80 80 8
69 37 87
13 15 46
30 6 36
61 73 50
58 19 65
86 72 51
5 73 43
88 24 67
45 10 5
39 2 40
70 6 30
15 10 58
20 62 32
72 70 23
68 19 5
6 60 91
19 10 19
8 61 12
86 29 54
83 28 51
14 22 33
86 80 53
35 16 36
86 43 88
70 32 10
41 4 53
28 68 71
87 53 85
38 32 8
63 10 35
86 76 20
91 64 41
41 84 19
46 86 44
38 66 46
23 19 85
34 35 4
56 1 9
13 27 68
38 76 61
36 20 63
21 17 63
88 6 78
64 44 12
47 10 7
43 60 86
42 23 25
5 7 34
30 41 20
60 48 57
21 54 85
64 12 46
60 85 34
51 82 51
51 42 20
35 15 43
22 36 25
82 44 33
51 33 87
80 86 48
30 25 55
24 48 76
7 61 29
84 32 83
51 90 57
15 76 36
40 87 18
64 19 88
20 44 35
35 49 16
83 57 24
86 83 32
61 38 34
11 53 70
84 4 8
50 85 7
50 69 34
53 45 1
62 84 85
76 72 79
2 16 62
42 55 61
14 3 47
81 62 52
61 32 43
32 56 65
46 1 56
90 13 57
58 11 29
24 55 90
75 9 77
42 78 18
86 55 55
71 60 66
28 1 4
75 14 90
34 54 76
79 54 79
28 7 19
74 72 38
7 56 28
88 53 70
90 55 91
60 81 71
1 28 79
53 29 15
43 77 8
24 5 75
10 51 82
50 7 8
80 78 84
23 77 2
8 39 3
7 70 48
19 24 51
35 40 74
4 38 73
70 22 14
79 4 34
36 20 40
59 34 75
69 32 46
6 25 81
57 66 39
70 60 43
88 84 1
64 24 9
84 33 18
68 38 81
74 56 73
36 8 84
58 59 90
13 58 41
31 48 77
89 68 63
84 79 15
68 22 71
78 72 5
42 66 69
28 9 85
90 54 48
3 76 11
27 29 27
59 1 30
34 91 48
41 9 83
83 14 10
3 87 60
89 68 11
35 66 50
42 51 67
89 88 5
25 50 50
76 81 11
89 23 2
50 52 82
38 66 30
90 13 71
76 6 36
52 41 38
7 25 36
54 31 18
68 59 58
21 87 40
89 90 33
56 24 89
38 34 43
48 87 69
8 28 34
81 43 12
68 56 64
50 14 89
75 85 32
22 52 2
16 21 22
87 14 66
69 78 74
27 67 10
30 30 4
74 85 59
51 54 28
86 26 18
34 20 22
81 87 9
22 60 61
78 85 70
63 19 68
46 14 80
22 66 88
25 3 31
28 82 61
36 60 63
28 4 85
3 32 34
90 75 57
47 80 42
38 70 89
88 87 63
44 76 3
88 18 61
61 61 78
80 36 36
74 91 23
70 24 43
66 55 83
51 44 75
37 40 27
26 87 1
83 18 82
88 6 82
82 4 27
29 84 84
61 23 90
2 47 73
82 7 3
27 46 91
9 88 37
32 59 60
10 45 44
80 22 30
11 90 7
66 47 49
78 83 23
1 61 91
51 54 58
82 87 83
15 89 4
20 45 88
51 25 45
34 68 85
9 63 23
76 45 39
65 69 13
7 50 63
21 17 23
84 71 69
19 38 88
76 60 88
29 26 58
73 10 83
21 58 52
44 46 76
65 61 55
34 69 42
62 84 78
88 4 87
81 68 72
49 52 61
38 66 90
28 75 8
5 85 8
90 2 3
68 11 52
77 49 24
4 5 67
67 68 70
43 62 21
59 33 28
48 5 84
6 54 77
73 59 54
5 20 84
63 38 1
18 5 91
70 64 70
85 70 51
80 32 21
44 40 80
11 25 39
76 28 89
14 91 15
49 77 26
48 24 45
39 28 71
8 33 53
48 82 55
65 57 67
9 23 34
88 58 61
84 89 18
69 39 51
67 60 60
39 60 69
32 61 79
61 57 19
39 89 15
37 13 31
69 19 52
13 56 5
81 31 16
37 81 49
26 61 22
66 67 70
52 53 71
23 20 75
32 29 45
52 36 17
17 1 82
30 44 2
79 57 45
56 48 36
36 55 43
5 47 62
70 88 62
29 73 58
35 4 27
53 3 42
23 62 64
33 71 82
32 23 45
24 46 71
6 47 79
49 32 42
23 89 51
30 85 63
61 20 6
4 11 5
87 57 44
23 82 54
38 90 58
22 53 55
71 84 51
50 34 32
23 26 57
49 20 73
26 65 46
43 26 49
64 36 46
14 5 28
64 53 57
75 74 85
51 3 53
24 4 56
51 24 55
5 20 34
76 39 52
84 70 23
65 53 16
65 51 1
78 38 66
31 15 67
38 78 66
20 83 71
26 52 36
70 8 46
83 5 62
6 63 28
66 72 42
68 50 22
61 55 7
55 41 75
85 86 14
12 11 40
5 38 64
9 83 33
1 24 29
48 18 64
31 69 86
37 80 64
7 28 86
2 56 91
76 8 14
10 25 19
87 72 17
79 79 23
90 14 36
55 35 81
14 87 55
61 13 30
76 43 85
16 41 2
68 77 19
9 88 23
54 24 34
21 29 41
37 29 31
69 61 68
79 75 11
69 53 15
31 88 14
32 56 18
74 39 78
30 14 32
4 45 35
86 47 51
82 33 77
65 42 16
63 20 56
33 67 20
21 31 32
31 29 48
15 16 18
32 43 89
31 71 47
83 55 11
7 6 21
25 22 18
89 24 43
1 32 63
84 19 24
83 20 24
9 30 65
38 76 89
33 37 40
63 34 32
76 68 17
70 7 24
22 64 1
24 5 62
59 58 26
39 70 70
9 4 60
1 62 53
50 64 48
74 1 52
6 63 12
71 84 23
81 84 43
18 59 58
90 51 91
40 80 67
42 59 39
1 85 6
38 51 67
79 39 5
71 55 2
12 11 23
74 19 50
70 73 53
18 15 80
9 18 24
82 61 74
13 9 59
54 57 66
79 6 13
89 1 40
51 11 91
4 30 16
55 74 13
71 19 67
3 73 84
6 88 74
10 78 31
11 77 87
86 89 61
46 91 26
45 43 53
76 85 15
55 29 63
28 58 41
30 81 31
81 89 86
15 15 91
71 7 12
15 41 84
86 11 51
33 27 82
16 46 61
65 66 47
42 49 30
20 80 65
54 10 22
56 87 3
87 16 23
17 72 32
4 63 66
89 68 60
59 12 1
11 39 31
66 8 32
31 24 22
14 68 54
68 22 23
26 8 76
15 74 22
8 46 75
35 62 54
79 90 85
76 44 9
11 10 47
12 52 56
76 90 8
10 50 21
90 87 78
16 66 10
64 30 73
4 61 87
84 46 61
78 20 5
5 86 18
77 19 1
48 15 56
30 51 48
74 12 60
50 41 64
41 35 52
57 11 37
3 17 86
22 41 82
66 16 1
61 80 32
66 33 48
52 56 6
76 62 35
35 22 70
64 70 80
41 86 21
87 36 75
84 45 84
55 71 65
73 33 51
69 6 37
85 78 64
68 27 23
5 76 23
22 57 65
60 32 7
21 84 76
49 89 82
58 40 1
35 55 53
20 85 38
34 2 62
5 61 47
55 66 29
62 25 67
66 43 87
37 72 47
89 7 50
73 68 46
82 7 56
57 66 33
59 27 90
58 78 41
73 11 62
20 31 67
44 18 19
70 6 86
31 44 28
74 65 2
61 12 73
27 41 24
38 2 45
64 45 79
68 40 20
71 22 33
39 28 84
78 46 23
60 56 84
90 46 31
1 71 16
66 2 61
31 20 55
64 86 11
47 48 33
43 58 16
28 33 44
50 79 35
62 22 1
70 91 59
8 62 43
33 15 50
18 14 10
68 35 31
48 80 56
26 30 88
87 1 6
16 63 13
51 59 60
84 24 76
25 47 49
56 14 53
34 88 28
46 66 8
76 77 68
74 21 31
12 67 60
36 76 14
5 73 22
74 37 49
23 50 59
91 4 45
72 88 71
69 23 25
25 79 11
80 57 53
25 47 81
4 68 65
14 31 87
80 36 85
29 65 63
65 80 40
34 65 11
69 14 36
57 60 48
90 15 84
34 7 29
21 53 81
44 5 30
1 75 2
71 90 42
34 41 91
13 90 54
8 83 79
19 5 47
87 71 6
31 58 63
65 12 68
31 8 44
41 76 12
23 48 51
34 90 85
77 30 76
18 66 62
71 4 57
75 22 6
47 35 88
2 69 77
45 56 13
17 12 30
52 88 62
41 84 11
13 78 50
47 9 22
14 40 67
78 80 51
66 2 78
46 12 32
7 51 19
75 21 47
7 39 84
7 52 57
81 81 90
15 60 3
32 84 52
48 43 51
28 41 6
53 83 42
88 78 40
9 80 25
17 30 84
35 73 62
1 59 78
5 44 4
49 12 64
12 11 53
39 69 72
34 75 55
35 8 58
52 25 12
55 10 53
19 28 81
31 4 71
88 2 15
88 66 61
4 63 71
77 58 64
37 65 41
24 38 72
61 62 10
83 62 33
54 32 59
72 58 70
21 56 6
35 76 40
17 26 40
73 48 34
64 62 75
81 6 5
31 5 48
73 70 50
55 39 27
57 24 35
58 38 43
15 75 10
26 20 60
57 42 40
19 89 14
55 17 24
62 58 43
81 24 21
28 74 28
84 88 61
10 44 36
28 15 91
58 17 62
9 84 63
34 5 11
88 88 52
45 48 45
90 70 84
48 55 82
39 58 16
30 59 2
80 8 55
11 6 66
27 21 5
91 83 5
6 62 44
10 43 33
62 78 44
90 57 30
44 72 20
3 19 56
7 13 42
81 44 44
54 48 37
28 37 50
60 13 24
36 89 88
75 72 48
45 75 45
22 61 33
2 51 70
29 50 27
51 14 60
58 54 27
55 48 16
46 74 2
42 67 45
30 72 55
62 79 79
17 3 18
63 69 75
5 15 50
39 51 61
2 21 72
21 10 46
11 72 48
91 88 23
82 59 36
1 39 65
61 23 74
79 26 68
68 58 42
2 44 55
84 20 15
40 65 21
39 57 70
52 15 81
22 9 18
69 39 70
9 39 47
86 27 16
33 91 1
40 54 91
80 38 7
6 53 58
47 75 26
10 68 73
24 8 42
62 15 10
77 49 31
16 33 48
24 83 57
25 12 74
6 28 7
17 69 16
90 62 40
37 51 34
19 39 14
90 14 71
59 7 21
91 39 14
69 12 42
48 15 49
63 76 66
85 8 48
31 51 73
55 32 57
17 65 27
42 5 74
40 29 45
45 32 2
61 22 40
55 83 89
37 38 80
81 36 3
19 49 88
7 84 73
62 50 30
14 89 54
24 46 65
72 82 78
44 75 6
80 7 52
7 56 65
72 56 18
9 51 39
4 80 40
90 23 22
30 35 76
6 60 70
90 77 41
52 23 83
79 14 58
89 32 61
28 72 20
50 21 6
50 85 80
13 61 52
83 89 50
39 22 89
53 54 69
63 26 43
19 50 72
58 89 23
70 20 76
36 29 79
78 30 73
12 51 17
9 19 3
37 69 90
13 34 61
9 72 67
25 66 36
54 26 86
76 15 88
70 42 29
6 50 89
17 7 22
3 18 23
19 37 75
63 84 62
9 86 56
50 63 35
17 50 12
4 2 17
10 48 47
1 50 8
36 18 50
37 74 50
34 14 47
37 18 85
8 11 44
53 89 54
65 45 34
64 42 13
29 87 76
22 64 49
33 45 84
60 78 9
40 83 47
15 20 86
32 74 87
45 9 50
50 10 28
30 35 89
18 71 58
32 77 86
35 78 7
46 79 40
53 79 36
60 34 63
62 26 21
65 76 62
70 47 51
27 53 9
44 56 29
67 2 39
48 35 65
61 7 71
66 6 73
65 35 11
19 60 49
41 30 87
40 31 8
42 2 36
39 1 73
73 37 20
37 2 83
44 2 13
76 54 14
33 4 35
65 49 29
62 6 56
20 64 4
75 56 66
23 16 50
79 46 21
24 72 22
19 54 12
31 46 15
21 30 34
19 77 62
82 1 44
33 79 5
65 86 41
16 88 69
32 47 42
18 85 39
7 7 54
6 65 3
77 25 32
33 5 55
46 79 10
70 67 70
40 77 35
52 17 5
20 74 41
60 83 15
57 48 54
30 76 51
68 87 25
9 29 33
42 48 2
42 55 44
55 54 50
13 7 39
67 58 88
72 79 51
68 76 45
9 51 26
58 58 2
72 64 48
34 23 3
3 43 1
48 4 22
51 89 59
13 8 91
28 60 88
32 54 65
70 67 28
32 34 35
71 37 76
18 61 33
73 12 51
33 4 15
11 60 28
77 58 51
67 3 68
37 58 48
49 68 39
63 61 35
88 6 12
23 73 75
82 38 72
33 82 50
73 57 72
74 12 14
24 11 16
69 8 70
1 57 86
17 28 12
83 45 50
29 27 46
70 82 7
20 14 50
57 54 78
64 83 46
33 2 81
63 71 36
44 41 29
53 2 73
38 52 13
85 16 9
81 16 46
35 12 11
57 17 71
91 48 52
80 20 59
29 56 43
52 71 65
60 27 73
76 39 11
6 75 28
65 43 42
65 1 66
38 70 43
81 88 46
80 59 83
30 29 33
36 62 54
23 31 27
22 41 41
66 24 50
8 91 41
48 70 82
73 17 17
24 72 35
56 60 2
5 58 50
52 77 47
87 24 58
74 34 57
31 26 41
1 28 44
40 71 46
29 34 12
87 31 36
75 90 8
22 53 24
34 74 39
26 15 21
40 16 70
28 75 33
26 1 15
46 87 1
7 90 37
76 39 10
85 41 18
42 50 84
3 84 19
21 32 45
73 80 54
42 41 62
70 28 7
36 3 17
59 65 40
31 37 42
60 51 36
6 30 32
62 28 88
70 23 11
11 45 24
49 14 1
31 52 25
35 65 67
14 76 82
45 17 90
65 20 47
85 71 40
79 73 81
15 90 3
5 56 82
68 57 1
58 5 14
75 5 55
20 14 74
18 16 1
42 81 55
90 41 10
5 24 49
54 90 53
54 9 42
1 25 33
15 89 28
47 87 58
44 46 55
57 88 85
51 4 70
77 62 14
78 44 63
16 70 35
38 89 75
25 82 31
70 80 54
87 84 53
65 46 1
35 58 86
28 52 31
55 9 58
71 54 68
62 56 2
42 24 24
63 74 18
56 48 72
3 29 38
65 72 7
84 58 89
26 9 82
14 54 11
81 73 63
82 8 18
88 3 41
20 39 28
89 83 36
77 40 52
43 84 38
11 28 79
29 82 27
7 86 22
90 58 42
31 6 21
7 26 51
84 27 10
58 62 70
62 28 1
67 46 21
77 48 82
54 28 74
13 41 90
63 76 24
69 88 48
26 60 30
82 5 88
89 28 27
40 56 43
88 48 15
3 9 13
38 23 41
27 85 11
25 76 48
89 76 90
39 84 32
31 20 2
7 74 90
20 44 83
70 31 11
2 88 27
82 60 33
46 60 68
14 54 85
3 84 65
18 89 21
47 54 3
45 60 32
54 85 8
22 79 6
22 83 30
21 42 11
20 74 72
65 5 43
45 48 37
21 86 49
61 74 64
8 76 14
12 89 37
29 39 11
80 28 80
65 75 5
46 69 35
60 24 42
49 84 6
32 89 36
91 27 24
39 31 40
21 35 41
2 18 8
5 14 29
6 54 66
14 16 69
83 60 21
65 74 25
19 36 6
58 55 44
75 46 70
76 51 6
1 32 40
74 57 66
7 85 17
63 10 71
53 66 14
45 62 86
71 49 31
17 75 26
18 16 4
88 63 62
80 22 24
36 35 54
84 90 39
76 39 84
14 2 66
75 79 41
77 30 2
4 22 10
31 66 76
56 27 56
74 31 63
44 30 63
46 76 88
9 82 30
30 2 53
66 27 45
84 88 63
56 86 17
91 8 69
25 85 24
44 12 49
64 71 64
5 31 58
31 43 2
40 7 26
13 76 59
17 51 19
74 72 16
49 21 75
21 65 33
12 55 12
19 49 16
43 87 4
65 27 45
54 13 43
21 23 79
3 6 84
48 74 53
28 43 88
31 29 50
34 22 36
7 64 27
75 6 34
45 1 66
47 12 37
66 7 32
13 23 75
20 55 53
15 63 70
43 83 76
75 65 70
43 84 19
47 66 90
4 22 22
69 8 9
26 38 47
89 46 25
38 43 52
65 66 60
34 72 37
26 8 17
86 44 15
50 29 68
70 65 18
27 61 62
46 66 72
66 65 87
34 87 85
45 15 28
76 15 42
16 64 47
10 10 91
24 7 74
76 44 12
4 2 67
85 90 7
46 81 86
34 78 78
70 43 53
2 54 2
27 20 37
33 20 71
24 37 13
49 45 73
18 91 72
39 75 67
24 52 62
45 13 49
42 26 73
69 79 15
85 55 5
77 64 17
46 34 28
51 56 72
86 71 9
90 11 7
69 29 25
35 2 40
71 48 21
91 16 45
3 68 40
47 63 77
72 41 24
84 17 60
14 84 84
60 71 26
74 84 52
49 58 52
57 52 89
29 62 69
8 15 3
27 55 87
76 1 76
75 11 39
40 50 2
76 61 22
7 42 54
49 39 17
30 71 14
60 84 73
30 16 37
1 36 31
49 40 84
23 78 6
53 43 18
76 69 84
49 53 29
70 66 6
78 59 6
66 28 25
38 9 53
77 35 26
12 65 11
24 76 31
42 8 64
33 56 8
45 81 88
89 64 18
76 42 90
78 52 24
57 12 69
74 27 78
58 72 65
59 42 27
45 9 82
29 38 48
12 67 85
17 70 44
69 57 67
51 31 45
46 61 6
55 54 85
44 33 2
72 64 77
32 31 17
10 56 85
60 78 19
89 45 80
11 37 68
89 29 30
25 37 30
70 40 82
34 37 2
42 61 33
13 22 36
91 8 40
13 71 61
83 72 52
7 53 14
31 76 54
37 85 43
68 69 90
87 67 8
57 64 74
9 86 40
6 52 19
65 83 38
73 69 46
47 3 24
52 1 64
64 60 15
8 49 31
74 47 28
31 10 89
3 85 54
8 67 17
81 49 17
71 78 21
85 3 4
72 91 40
3 71 16
72 91 44
67 1 87
10 52 1
58 25 80
49 21 54
5 45 12
63 14 21
51 47 86
53 39 61
55 22 29
85 61 56
35 66 31
39 54 4
88 31 27
44 74 65
39 2 55
30 65 19
27 26 68
26 49 69
35 13 88
6 36 54
21 32 58
59 6 52
86 7 77
10 18 64
40 63 7
68 13 89
36 91 14
4 38 6
91 59 88
61 32 49
2 43 70
21 43 53
10 91 82
34 58 24
27 52 54
19 65 14
27 71 7
84 62 60
5 89 80
37 27 37
52 34 64
91 88 38
76 31 17
18 5 33
28 68 37
52 35 75
49 28 30
9 27 2
32 76 29
69 61 77
26 76 24
60 57 80
80 10 39
17 84 38
87 35 11
78 82 76
2 73 51
62 77 89
53 30 36
30 81 57
79 17 60
40 28 81
42 54 44
18 28 41
39 2 13
84 37 78
79 53 88
68 82 86
33 46 75
47 2 78
42 51 36
50 8 20
41 48 16
83 6 66
21 89 78
36 67 71
59 44 45
35 1 52
16 82 18
52 52 24
89 56 78
67 87 76
84 7 23
58 74 52
34 10 31
26 64 45
89 34 13
37 43 89
27 7 83
2 58 3
73 27 78
76 7 64
77 44 57
36 41 23
2 75 32
1 76 50
7 57 83
39 84 8
46 7 16
47 38 42
49 44 51
54 78 63
56 55 60
54 64 38
48 89 5
20 70 20
74 20 46
3 80 23
31 53 85
69 8 32
72 1 16
81 22 22
12 91 87
86 11 59
75 11 80
32 63 50
89 86 12
59 26 16
34 52 73
84 12 34
26 11 8
32 58 33
33 21 87
45 52 33
28 33 30
44 88 88
58 37 51
6 26 80
22 46 56
26 10 73
50 20 63
66 32 26
36 13 26
54 66 61
51 50 41
87 22 85
64 32 37
3 27 21
91 78 58
26 42 59
82 16 49
85 20 59
76 74 56
62 87 17
82 66 64
73 48 32
42 30 89
50 15 54
12 28 23
70 7 82
62 44 27
12 31 65
28 59 71
45 31 66
73 23 33
40 43 22
74 25 59
14 31 76
87 44 52
44 2 34
9 90 90
16 81 24
80 57 89
75 70 73
2 33 69
29 85 18
18 42 19
39 81 7
5 2 42
72 9 37
75 4 84
84 15 18
62 15 48
44 16 64
14 36 48
66 10 79
39 70 53
18 9 44
48 12 85
42 91 4
26 22 69
79 24 5
70 31 57
61 49 86
78 83 43
37 25 44
11 55 9
45 55 2
20 54 54
68 38 77
30 37 22
66 53 38
90 51 77
6 74 6
21 60 30
69 75 21
38 33 90
47 42 18
68 34 73
89 51 45
47 51 5
24 39 25
27 7 76
51 77 26
64 71 88
79 21 52
54 19 11
74 89 56
4 68 70
86 16 16
45 6 86
11 90 61
20 40 34
3 63 11
68 45 6
58 82 60
6 87 22
15 62 34
31 84 6
6 52 26
15 2 60
45 82 53
51 20 67
41 4 11
61 26 52
26 34 48
68 83 65
25 83 82
35 14 58
20 22 20
30 42 23
81 85 30
3 21 46
72 37 15
9 76 14
17 15 41
34 74 42
28 14 52
9 50 62
10 41 64
80 71 22
68 61 65
73 28 63
26 17 41
13 60 38
25 62 13
27 34 43
5 90 60
14 82 53
50 49 57
13 2 68
82 73 24
55 9 63
2 14 70
12 61 46
45 29 59
67 61 28
88 42 35
52 51 87
33 51 45
51 17 6
81 78 58
17 2 42
11 39 1
59 28 29
7 23 91
10 41 62
76 6 63
21 87 7
26 76 33
31 38 7
74 34 53
16 48 22
45 18 74
76 7 66
32 66 28
73 7 63
20 31 50
36 35 34
62 60 76
53 5 59
63 37 88
69 13 7
20 72 28
75 15 62
17 81 77
68 53 43
34 48 58
90 20 33
73 1 20
27 60 77
21 39 14
32 21 53
80 65 60
76 59 69
33 4 3
22 30 28
81 60 12
47 78 15
26 30 75
54 26 54
60 64 84
40 42 47
29 76 80
30 66 23
34 63 20
55 66 26
25 89 61
65 55 28
9 33 23
65 65 64
89 70 32
86 37 30
20 38 71
83 16 16
14 15 48
29 58 33
25 17 26
66 26 61
64 48 80
72 50 91
91 9 69
85 17 7
37 48 48
33 1 78
38 1 30
28 56 73
55 65 70
38 2 36
24 2 46
67 77 56
57 47 13
80 37 25
46 11 14
7 83 47
3 63 28
91 58 10
80 61 27
91 57 30
44 20 1
56 73 53
71 67 24
31 7 16
62 71 68
3 13 63
78 16 39
3 81 9
2 91 73
73 83 83
68 89 79
51 18 31
60 8 67
33 82 22
21 74 48
64 4 66
56 69 67
23 54 48
9 32 39
55 18 42
88 8 86
7 54 1
25 52 60
19 76 56
42 46 52
75 56 87
45 62 67
87 53 84
8 48 77
64 11 4
33 5 75
66 55 32
82 60 33
75 7 1
7 88 16
3 32 81
63 36 47
86 21 65
16 37 32
22 81 81
43 64 73
5 7 45
28 25 1
63 71 91
7 78 79
32 88 6
35 12 7
34 68 79
91 27 65
80 49 31
71 58 37
58 82 75
14 50 59
60 4 23
35 13 69
54 8 20
31 62 21
76 45 37
47 13 82
81 37 88
76 83 62
18 67 82
82 89 81
45 73 63
6 33 5
32 56 85
32 84 71
59 21 52
61 81 46
83 86 2
23 46 81
47 84 74
30 6 69
87 64 91
50 20 40
82 76 64
60 27 63
45 88 85
75 54 3
51 85 78
77 39 43
79 24 57
17 66 35
13 76 38
30 71 51
53 4 62
19 45 1
31 67 88
78 41 27
13 22 10
59 75 36
84 69 3
74 43 81
43 59 7
54 27 91
85 31 15
40 41 51
86 53 10
60 28 53
5 76 90
68 24 89
24 91 12
38 1 5
61 16 51
83 68 28
13 69 16
27 36 48
38 51 45
22 1 64
6 49 7
26 30 49
35 84 24
15 79 8
34 24 65
89 60 32
38 35 5
74 8 14
27 40 91
27 69 91
19 56 1
75 29 69
71 43 56
34 64 70
15 58 63
42 65 47
37 56 29
39 89 8
78 41 61
58 51 59
85 85 43
18 58 43
35 73 2
87 6 67
82 53 46
28 21 74
41 64 32
72 10 21
21 37 39
48 3 22
4 38 44
15 75 75
78 64 7
64 38 28
22 22 27
90 5 33
20 17 4
27 15 75
8 6 18
45 44 60
41 52 42
81 81 33
52 82 33
49 73 16
39 49 20
63 6 51
87 6 58
18 8 72
50 31 60
78 77 2
30 60 52
58 66 49
4 42 47
54 81 10
67 88 60
63 91 30
17 15 70
72 21 55
32 27 44
58 6 12
11 13 47
12 46 82
62 55 90
15 85 43
43 6 55
89 76 89
74 60 55
53 72 62
31 25 69
67 89 39
84 36 77
43 8 47
40 63 73
76 83 28
5 66 66
47 86 46
20 88 75
19 22 37
35 61 74
8 42 40
53 64 6
14 36 80
21 86 18
36 18 40
19 38 20
7 90 34
61 83 64
79 42 20
21 28 58
81 57 17
55 6 88
69 76 37
64 29 54
24 63 69
53 29 64
54 30 46
1 1 56
25 14 35
48 90 45
26 70 48
39 4 50
58 51 42
83 24 37
28 29 70
44 78 66
3 73 79
19 6 73
58 64 28
42 70 72
5 34 59
10 73 2
74 8 13
12 15 54
52 28 63
60 8 13
3 5 24
20 66 6
20 11 23
3 62 1
91 78 62
24 67 4
74 50 84
14 40 81
49 51 85
76 24 71
46 86 62
35 61 36
32 72 30
57 30 25
10 48 68
16 34 6
80 54 46
17 28 89
55 31 13
16 26 41
55 8 81
28 42 81
46 82 85
69 79 23
31 85 84
67 27 24
54 15 38
22 83 36
90 23 6
78 54 70
31 39 64
55 10 73
17 79 1
58 6 25
73 10 1
57 24 79
27 10 57
76 38 4
47 28 45
15 51 84
82 24 50
62 89 82
76 20 2
32 1 66
1 66 34
91 79 84
87 26 84
56 56 79
8 20 18
74 53 79
11 60 9
29 54 46
1 72 13
73 17 15
41 89 67
6 2 85
68 61 73
56 82 1
18 5 21
79 17 85
59 10 23
39 13 66
88 12 41
54 75 17
32 5 83
34 14 45
32 23 58
19 47 28
70 80 79
60 66 3
54 49 43
10 41 31
14 69 48
45 4 56
66 39 30
65 20 56
36 44 44
52 26 10
18 77 4
76 25 74
9 17 20
88 20 64
35 81 4
13 12 70
63 31 13
48 8 17
24 42 25
34 41 89
30 59 78
11 70 67
49 84 25
81 12 27
17 81 63
2 56 32
88 74 48
79 19 62
67 73 7
20 6 40
85 22 16
68 74 4
56 13 14
44 63 44
67 1 74
62 76 13
10 48 67
42 55 20
69 73 1
4 37 29
42 24 85
81 30 78
54 3 11
85 83 46
9 8 56
58 46 82
67 78 10
90 83 79
11 13 76
91 63 26
4 75 7
36 38 16
45 28 74
65 42 34
9 68 34
26 45 49
1 62 23
57 60 50
50 37 13
65 76 35
88 47 55
6 8 70
12 47 49
19 30 10
79 89 82
22 74 72
86 71 24
71 65 56
63 8 75
15 5 6
55 35 65
36 67 9
2 58 41
86 86 28
25 4 30
81 59 3
7 78 17
68 34 52
20 16 9
82 49 30
91 3 19
17 49 20
69 43 70
35 38 27
17 37 9
60 68 79
62 81 43
31 9 72
60 40 7
66 55 34
85 50 67
87 62 34
52 57 25
64 37 52
83 7 21
56 89 58
42 3 15
81 26 53
81 83 48
51 80 55
34 12 55
79 63 59
44 45 20
84 34 77
12 71 18
90 25 18
20 29 63
50 55 64
11 88 71
72 64 64
69 28 62
24 17 90
44 88 63
18 39 79
58 33 89
14 42 79
37 53 58
40 5 20
85 13 70
66 31 20
42 37 8
33 7 78
72 43 61
53 78 9
33 42 67
31 85 24
81 28 36
72 72 55
27 43 89
53 22 57
66 91 25
7 61 71
76 50 24
12 86 35
33 67 53
86 23 22
81 69 24
18 58 58
30 78 1
84 89 24
21 17 7
57 87 34
82 13 73
34 31 39
80 23 47
50 45 12
87 39 27
14 66 19
49 45 65
29 75 47
87 3 80
85 85 62
87 21 84
25 2 19
6 66 44
17 12 63
37 42 78
31 61 66
74 61 55
37 84 85
29 54 56
51 85 78
8 35 37
30 76 40
45 59 5
63 28 26
19 84 77
89 20 21
26 81 30
40 53 38
71 63 43
14 84 64
66 15 75
47 4 71
78 11 40
71 56 28
66 34 43
21 49 39
62 27 4
20 60 58
31 78 44
28 16 84
10 77 82
22 30 9
57 14 13
59 19 77
68 88 58
31 35 54
55 77 48
17 67 20
33 59 79
58 2 40
50 60 35
26 23 37
41 54 2
41 41 19
8 58 41
85 48 6
18 26 53
71 31 22
41 49 70
28 51 37
33 56 47
23 10 78
40 52 82
37 1 46
28 44 51
63 20 22
44 78 70
18 55 25
28 31 45
67 68 63
31 5 31
29 41 8
51 77 90
42 63 78
55 25 9
65 59 57
45 18 89
70 27 1
85 26 54
25 84 62
11 38 50
43 36 45
74 27 88
75 88 18
54 79 28
17 2 52
1 73 41
46 88 82
56 25 34
84 46 77
64 26 14
83 51 24
88 27 25
85 22 58
58 9 26
26 59 50
31 17 89
22 83 57
22 10 55
50 89 25
24 74 55
70 23 77
68 1 16
82 50 74
27 28 42
79 82 90
64 88 72
62 78 37
25 28 86
25 29 41
14 58 72
73 18 53
58 73 64
17 24 83
71 37 46
4 22 30
18 15 83
34 32 51
26 63 86
36 32 73
45 59 32
48 14 91
67 14 50
7 91 60
32 75 56
12 68 8
67 18 52
4 43 62
63 50 41
44 16 21
69 59 6
67 72 88
35 10 56
46 87 86
45 55 8
51 2 36
20 76 75
26 28 65
56 84 87
41 87 21
50 90 85
62 82 26
18 58 61
75 5 4
51 1 77
28 79 18
66 20 84
72 54 7
7 26 28
63 21 68
11 40 64
61 38 13
58 66 45
56 4 30
81 2 41
42 16 50
58 45 81
55 87 35
49 18 14
85 62 72
74 25 89
16 24 83
56 20 65
18 7 30
88 72 8
59 16 57
48 6 49
43 71 18
70 10 44
33 72 56
6 2 84
50 83 6
46 86 79
86 1 49
35 61 40
53 90 43
70 51 10
49 91 84
61 40 68
42 17 10
53 70 77
59 76 70
79 77 31
20 60 57
85 23 68
58 16 31
14 71 40
24 71 32
32 29 63
56 35 12
90 71 17
11 43 7
4 41 3
67 27 84
28 2 91
88 74 70
64 21 77
67 30 53
73 45 56
28 47 14
46 20 31
83 8 89
17 25 7
52 13 55
43 18 17
50 55 20
90 16 60
49 87 66
77 38 74
40 69 16
45 73 85
30 57 10
7 66 87
71 11 48
32 23 33
25 79 24
90 77 16
22 65 91
61 56 90
57 57 88
63 18 26
52 24 8
61 86 22
25 12 42
38 67 43
54 29 65
61 44 88
52 29 43
87 34 79
65 4 6
88 69 85
74 76 24
6 3 8
5 5 28
69 38 29
26 25 56
7 25 20
43 78 50
10 22 36
81 26 46
85 16 84
71 44 22
62 78 34
71 42 43
5 1 60
33 27 37
5 26 76
30 28 13
11 21 72
10 47 14
2 66 33
74 77 15
74 7 86
35 81 70
63 3 84
62 6 25
40 45 34
36 85 40
4 13 25
29 58 17
29 16 18
66 39 88
42 25 83
43 78 56
43 24 69
22 82 12
61 39 21
16 73 7
32 26 40
2 9 46
5 8 88
53 57 79
12 15 63
12 27 46
32 52 46
27 1 43
39 85 16
53 74 34
13 50 44
13 6 45
12 17 44
13 49 84
79 54 73
6 89 68
24 22 69
9 27 29
68 36 85
9 60 68
21 85 74
88 70 21
36 25 9
27 12 5
53 14 16
73 25 50
71 82 42
42 22 55
64 39 48
29 17 33
40 88 13
19 12 1
45 41 71
64 32 81
3 42 33
60 46 73
54 9 32
85 24 45
38 47 66
43 64 33
85 68 6
67 84 81
47 72 1
39 4 77
40 51 2
70 18 59
35 59 9
28 87 64
35 69 70
5 38 30
31 65 64
14 70 71
39 7 36
61 18 43
39 86 6
33 3 50
71 36 17
38 87 29
13 4 64
29 13 31
6 47 82
14 9 53
18 64 43
65 29 68
57 72 82
50 91 9
23 35 37
82 5 17
78 71 1
9 26 41
66 24 80
84 86 63
13 65 70
23 87 6
1 8 41
4 7 26
10 71 63
46 65 67
8 69 18
41 90 59
38 85 9
5 42 68
19 40 28
57 39 57
65 12 79
91 25 57
45 70 79
39 38 71
14 45 66
6 70 24
24 29 48
70 26 76
37 54 85
12 39 66
66 52 83
34 51 18
7 67 4
41 38 16
29 34 50
73 47 29
9 34 80
91 76 35
74 12 9
3 20 84
84 62 59
70 62 43
75 43 46
66 47 80
91 20 18
24 55 91
7 74 52
21 35 2
76 80 86
50 73 35
89 63 73
82 73 59
83 62 2
23 31 17
89 59 29
5 26 50
23 29 31
19 81 44
44 9 5
89 4 4
79 55 60
17 34 59
21 78 21
72 87 30
78 27 23
38 34 31
84 63 4
18 72 65
33 14 30
30 6 87
90 88 4
40 46 89
8 44 54
21 71 54
33 16 64
30 42 54
39 6 24
83 53 36
43 49 67
10 1 5
18 72 27
19 63 56
16 37 13
43 29 61
4 41 28
78 53 59
35 14 47
90 89 44
63 86 77
7 29 85
37 47 12
70 87 56
58 38 20
5 37 84
55 61 42
17 5 46
20 49 33
16 22 64
29 22 67
80 33 65
6 77 67
72 47 57
26 66 83
4 10 33
71 59 49
8 63 52
35 65 83
55 30 14
72 66 91
81 21 40
13 35 85
48 31 41
8 1 4
73 3 39
13 62 68
4 13 78
22 13 61
30 50 26
1 38 20
67 26 65
44 16 85
24 37 11
81 19 18
10 47 91
35 75 14
81 34 43
72 49 46
89 16 41
37 33 60
67 42 45
46 84 85
80 24 57
44 15 16
7 83 5
40 89 69
46 14 45
23 41 90
90 61 17
33 25 59
77 77 50
65 13 76
14 70 73
31 8 28
21 25 48
69 11 53
45 39 5
51 23 81
61 74 77
45 66 54
67 6 74
33 38 32
49 67 50
3 21 9
44 41 76
15 50 17
39 65 39
34 21 34
10 78 26
80 86 76
73 57 41
23 57 16
21 29 40
45 5 6
41 84 50
44 86 12
25 44 28
62 85 77
90 12 67
56 74 61
1 28 49
91 22 35
25 88 18
51 2 66
21 24 20
35 48 31
4 26 53
38 5 69
17 47 15
45 68 43
39 59 37
68 75 56
61 83 20
46 24 71
76 75 83
11 78 77
7 69 80
51 18 65
14 32 91
85 86 33
32 90 27
62 7 5
3 28 54
63 1 65
65 8 54
77 85 10
88 16 44
32 59 32
89 46 45
22 36 59
72 10 36
74 60 70
29 78 36
66 35 75
76 37 60
89 77 2
48 64 53
13 70 89
42 35 81
27 75 51
47 17 13
68 10 15
80 1 68
62 40 6
39 42 46
1 27 56
76 73 41
52 24 16
49 56 22
74 46 78
52 38 39
1 44 75
80 64 53
91 80 15
82 40 38
59 71 38
60 52 86
85 68 35
42 90 30
86 19 83
54 50 71
32 52 57
89 52 44
37 77 67
44 87 16
70 30 87
75 39 35
5 5 44
63 86 54
5 38 32
18 73 88
9 57 87
85 53 82
61 21 37
31 46 56
4 13 79
89 36 7
62 5 52
38 68 24
43 44 86
29 78 58
32 85 89
2 62 52
30 26 19
29 68 68
10 84 26
39 73 5
32 89 48
4 3 42
52 79 87
83 51 78
5 14 13
9 32 38
34 13 74
81 68 24
75 40 23
42 35 72
83 12 1
62 60 5
51 75 13
8 29 39
34 71 1
72 56 89
2 29 2
69 33 27
6 79 42
70 19 26
31 76 19
84 9 68
2 82 57
69 34 48
43 59 54
79 12 38
10 75 72
20 9 17
7 36 43
77 46 84
50 44 68
90 33 68
2 29 65
87 77 68
72 38 17
17 59 50
41 37 32
1 22 49
13 72 75
55 37 14
47 26 65
61 23 45
89 52 78
86 57 29
76 85 9
26 23 62
75 91 24
13 84 35
11 76 80
11 85 24
63 72 83
37 60 19
60 3 69
69 8 4
2 12 5
56 24 25
26 70 11
39 89 87
17 56 64
52 15 6
63 4 89
11 7 89
16 64 43
80 79 54
39 26 71
64 72 23
12 41 28
61 19 73
84 26 9
68 5 81
28 80 82
76 60 84
69 72 47
6 33 14
51 13 10
10 25 46
76 18 16
76 76 42
53 54 74
4 56 50
13 6 55
75 70 72
42 20 33
48 39 13
6 57 87
11 27 80
65 88 61
35 86 61
9 53 69
43 73 33
50 11 20
16 89 70
66 72 10
82 10 35
70 77 56
63 63 34
61 91 38
35 39 32
77 77 11
38 8 63
88 2 68
28 33 79
11 61 78
74 56 70
51 10 31
71 6 70
59 43 27
8 40 64
34 8 73
28 33 36
70 2 54
91 15 4
91 48 48
1 3 52
71 45 54
75 77 8
63 80 40
63 67 90
67 63 25
25 27 43
22 35 20
63 36 88
10 28 84
36 28 45
82 80 24
30 63 12
79 64 18
15 73 29
33 48 81
71 85 44
8 30 75
34 90 80
32 53 12
50 85 76
62 36 83
79 55 9
6 18 52
46 5 51
16 82 9
73 48 50
28 7 84
55 82 75
34 48 81
59 20 9
5 83 56
5 74 5
77 54 31
81 34 72
68 61 8
14 64 69
31 61 74
70 53 35
55 64 76
3 83 56
39 14 38
6 73 53
38 87 74
63 72 35
82 67 44
82 48 41
11 48 91
87 14 33
90 26 33
33 88 27
91 49 37
19 89 45
87 91 57
27 73 72
29 76 73
77 20 76
68 45 10
90 91 9
44 45 64
41 12 71
19 41 16
31 62 60
13 86 87
79 8 28
2 87 56
79 2 45
70 81 76
43 83 10
70 75 51
45 10 26
21 71 73
3 65 76
47 8 41
28 44 48
77 80 60
69 42 60
30 76 3
31 18 84
37 20 54
70 14 79
13 27 15
2 26 74
56 63 79
42 72 2
1 61 90
82 29 56
91 9 53
72 29 20
82 80 56
5 82 39
32 2 51
10 43 33
8 86 51
1 70 49
76 85 26
26 15 83
37 28 88
58 43 33
60 59 11
10 25 86
54 5 3
61 36 47
89 2 25
51 8 38
50 11 49
50 72 57
34 1 3
45 36 55
16 76 70
48 2 41
67 5 35
50 63 25
14 57 65
5 80 91
46 7 83
6 62 85
68 44 32
31 50 35
58 76 73
19 15 7
64 68 44
25 28 77
16 37 85
76 53 24
7 14 72
6 5 20
7 15 12
74 62 60
21 56 2
63 29 67
79 76 46
42 42 64
47 91 2
13 43 65
76 61 18
59 2 47
29 87 22
20 75 47
83 13 16
3 84 45
80 38 66
6 88 58
37 57 65
72 68 85
73 83 62
43 73 79
60 36 11
45 88 70
81 80 73
37 76 90
64 66 49
28 38 3
59 85 44
89 40 73
34 35 50
85 56 16
31 24 21
73 30 33
88 36 58
26 23 49
55 17 29
32 23 59
5 89 75
8 80 38
81 48 56
17 69 33
56 26 27
73 84 36
55 6 48
17 3 63
91 4 3
43 89 37
57 27 39
53 18 67
9 50 72
5 22 83
60 49 41
40 82 4
21 42 32
91 88 36
68 13 38
19 37 40
42 89 76
80 51 73
54 89 59
25 91 70
1 61 33
59 8 67
38 71 81
65 31 2
51 45 19
82 57 53
8 65 62
83 80 91
19 43 47
74 10 12
44 69 46
4 63 35
67 88 67
72 53 32
42 86 28
47 16 5
10 11 82
81 55 42
42 30 26
62 54 11
10 27 73
48 12 63
18 9 40
3 38 16
4 17 4
83 85 38
3 33 20
18 24 62
31 31 36
6 55 21
49 88 53
67 9 76
63 44 71
71 5 84
23 54 35
43 90 21
72 63 56
44 75 58
19 42 34
50 18 17
15 86 89
25 78 48
49 80 64
13 21 68
45 56 34
91 54 20
14 29 73
10 1 12
1 4 16
90 59 2
66 72 55
67 67 83
42 87 38
84 84 18
12 86 62
65 8 75
56 69 49
2 72 24
24 90 43
38 84 41
2 38 64
56 45 43
19 89 82
57 21 54
70 87 7
60 52 9
79 52 77
35 57 79
74 73 73
40 74 19
57 25 41
60 73 3
21 86 53
52 58 80
47 59 34
52 80 28
6 33 32
25 50 6
43 13 38
68 9 22
10 23 13
14 91 39
49 27 87
70 23 6
19 14 30
23 22 68
79 76 22
75 50 45
36 15 48
29 4 30
80 79 11
21 62 19
24 64 6
77 57 6
4 56 25
6 34 26
18 61 72
44 28 54
15 55 53
24 23 39
66 61 48
70 19 37
51 60 6
31 35 59
22 16 81
7 44 90
50 56 60
74 36 43
7 9 82
73 1 14
50 88 40
51 54 49
19 10 5
42 39 51
68 39 53
65 45 34
83 70 77
28 72 75
66 78 57
40 6 63
81 80 2
17 31 37
87 57 83
11 52 24
87 2 63
49 23 9
1 23 70
86 52 14
84 75 7
91 60 29
85 78 87
76 78 62
62 52 89
76 1 72
18 85 8
50 35 44
91 61 81
71 1 2
22 62 54
49 75 65
10 69 73
27 64 38
84 67 88
84 24 61
86 54 2
80 12 4
89 16 44
47 71 53
35 54 26
2 1 67
41 12 14
43 12 66
76 63 69
20 88 90
91 61 69
63 13 56
54 35 75
38 58 31
89 28 82
37 1 22
51 78 59
76 67 71
86 68 77
58 38 17
3 33 24
78 22 13
78 86 63
88 84 21
6 72 51
11 16 66
36 21 28
11 53 16
23 59 33
58 12 83
81 68 57
44 49 1
48 75 91
28 57 58
48 69 1
12 58 87
23 18 57
76 29 48
53 24 25
14 37 84
74 50 66
7 29 13
34 18 44
59 9 82
88 4 13
17 41 17
33 84 45
62 89 72
57 64 55
32 63 33
73 61 32
20 36 90
82 85 41
25 51 9
91 73 18
19 36 40
3 36 11
54 27 13
59 53 48
55 16 1
47 54 19
23 85 35
68 57 62
85 9 7
67 4 87
46 27 84
67 52 78
58 84 24
21 78 37
47 88 50
62 44 62
52 57 70
61 22 24
73 15 7
48 91 38
1 47 18
61 82 90
62 9 8
59 30 46
36 23 68
10 39 73
54 6 14
47 70 7
53 33 25
26 76 64
34 20 5
1 26 87
70 57 32
39 49 70
85 40 4
51 3 36
7 35 18
73 86 74
17 27 72
76 26 19
18 49 78
81 66 77
89 34 33
87 43 6
21 83 7
62 19 15
61 69 29
62 75 76
31 36 83
73 28 64
85 90 60
26 28 77
24 9 12
63 26 26
77 60 72
19 80 1
11 10 87
11 67 42
53 42 80
10 62 52
28 73 51
32 65 14
65 69 20
66 44 64
22 6 2
12 11 75
34 41 86
51 2 2
15 51 49
4 5 38
20 46 67
65 88 65
76 31 58
85 25 26
43 43 89
20 8 31
1 38 11
88 6 2
45 89 73
12 42 25
68 49 41
10 23 59
45 14 91
60 35 82
59 10 49
86 73 60
8 34 38
58 34 34
29 36 56
51 53 48
78 88 52
20 52 8
68 85 20
1 82 59
47 56 38
16 59 36
54 2 64
89 81 54
12 1 44
21 75 62
78 9 40
84 83 24
81 22 45
64 3 41
13 63 18
73 76 8
75 22 4
90 76 15
3 17 50
39 80 2
31 76 67
47 81 66
62 24 50
77 73 19
10 45 59
2 16 11
48 89 31
14 76 17
61 63 39
38 62 37
38 42 45
46 16 53
21 62 14
6 69 69
75 28 9
80 76 38
13 58 59
88 59 47
39 27 20
74 62 7
40 43 41
66 19 91
43 41 16
25 52 25
22 8 57
13 32 42
73 22 88
8 56 85
36 48 39
21 20 66
25 54 74
5 7 63
85 22 4
82 56 17
60 55 63
63 54 52
19 11 81
83 19 57
41 57 37
83 31 56
13 41 30
28 49 83
71 76 8
10 1 11
64 11 36
24 69 27
22 36 40
48 10 70
9 82 10
48 37 91
91 32 2
72 90 79
16 27 21
40 27 6
86 52 52
75 41 69
45 53 91
71 86 5
12 9 18
8 41 44
29 44 34
8 23 76
44 73 23
86 41 35
88 85 17
34 20 15
12 8 46
81 46 3
27 54 80
27 29 84
55 2 56
34 43 18
89 6 87
26 49 29
1 72 30
84 53 24
40 3 25
60 74 25
39 81 34
74 18 46
91 36 61
76 69 55
72 4 1
67 64 51
19 24 36
70 40 6
39 24 31
11 62 43
33 85 44
35 35 79
89 74 75
69 84 77
70 91 47
5 22 81
43 54 30
64 23 20
34 64 77
59 58 71
89 71 44
54 56 29
32 20 84
83 33 10
78 38 38
16 63 90
22 87 89
30 20 36
39 85 70
48 54 84
31 22 39
10 89 76
82 74 32
12 66 45
62 23 40
21 87 69
67 48 36
82 43 90
62 75 67
74 23 7
73 86 62
82 86 58
2 80 29
52 71 2
11 53 80
23 91 70
76 83 14
42 64 27
62 71 66
15 20 34
40 51 23
47 61 9
37 89 61
52 89 54
33 66 27
87 78 70
85 26 79
34 14 44
16 9 27
83 16 77
42 76 44
29 25 82
16 73 86
83 86 39
4 36 56
1 24 75
88 23 68
60 55 67
47 72 48
20 9 47
79 46 81
30 16 3
43 73 40
8 54 91
55 28 41
59 61 50
55 11 15
9 65 45
90 26 38
43 38 16
74 64 50
62 42 59
6 6 81
23 31 25
66 13 67
89 12 49
31 26 42
66 68 1
60 47 23
90 47 66
18 55 26
78 20 7
20 67 58
1 43 81
36 39 17
45 5 66
80 27 12
25 79 43
91 74 43
33 34 70
69 56 6
77 79 8
46 33 22
91 46 50
46 51 12
42 2 44
32 18 46
72 64 16
73 57 78
87 3 50
82 29 91
21 17 77
71 90 1
79 49 54
3 41 15
28 5 27
4 31 22
20 73 26
86 81 43
1 80 21
72 57 61
2 88 62
59 6 82
59 72 13
58 3 66
15 63 15
53 74 47
33 12 34
77 47 38
44 68 44
38 13 73
77 60 6
13 83 2
21 65 77
33 58 59
90 77 36
64 32 75
62 88 18
22 71 47
88 88 37
39 52 58
75 47 31
30 47 18
29 6 8
87 50 32
72 31 4
86 14 69
26 85 34
41 21 34
30 86 14
21 55 18
60 61 59
1 51 56
44 15 90
18 81 68
73 24 70
81 89 79
14 18 29
56 91 35
13 28 57
15 22 59
35 83 53
76 10 78
26 84 25
8 84 75
8 41 58
1 72 86
83 52 58
6 69 19
78 10 17
12 13 34
27 16 79
85 39 80
47 9 72
59 50 77
29 73 63
47 73 11
39 50 51
30 72 14
72 38 34
4 29 54
90 30 50
39 28 55
16 73 14
