1000
32 80 47
71 29 6
31 28 20
34 13 71
58 67 14
26 47 50
10 41 65
47 12 56
5 10 10
12 3 69
45 38 69
63 66 61
22 35 84
33 61 5
68 61 60
15 35 67
9 73 55
65 12 46
1 63 19
47 52 61
25 11 53
79 38 30
77 80 7
71 11 16
66 32 47
63 56 68
60 25 21
46 64 44
19 65 82
56 44 58
49 22 67
69 29 65
59 28 40
56 2 13
74 29 31
7 9 2
70 68 6
56 43 79
18 46 28
11 69 31
46 83 63
47 32 30
81 53 82
4 39 78
42 53 32
10 63 83
70 50 56
80 53 56
16 28 15
21 3 19
26 58 65
59 22 29
55 65 80
54 31 8
4 81 8
18 38 8
22 42 61
67 81 70
49 21 48
60 49 14
60 37 48
48 34 29
71 75 27
21 39 65
34 52 24
73 21 84
22 46 70
13 13 29
7 78 8
2 47 10
62 64 81
39 31 60
37 74 55
74 65 81
62 41 43
58 29 24
57 7 78
40 33 58
65 18 16
33 52 29
63 27 52
71 41 81
74 71 27
53 51 14
7 62 67
50 78 68
45 40 2
47 60 10
80 41 13
54 27 27
19 84 72
6 70 11
78 44 51
7 79 6
36 45 62
17 28 8
48 12 78
54 35 14
58 31 25
21 80 66
81 16 67
7 51 73
54 53 23
5 29 23
49 29 68
57 79 36
14 22 55
69 73 13
55 55 76
8 39 57
30 68 80
25 2 77
54 3 49
37 50 29
66 20 82
72 56 28
21 47 22
50 10 6
42 83 19
9 60 37
35 7 24
57 72 69
35 36 39
21 47 51
41 63 72
72 68 58
28 3 74
82 20 56
56 5 47
4 38 38
10 78 11
10 50 9
59 27 65
37 55 74
36 54 73
22 27 43
38 75 40
46 45 52
54 71 42
28 22 42
35 78 56
29 54 6
14 74 17
7 15 7
30 75 6
72 63 64
25 16 82
50 2 81
70 5 63
27 46 19
12 69 16
72 72 71
27 20 9
59 51 30
77 58 4
46 37 46
45 84 3
73 83 20
6 74 76
1 44 19
67 8 11
5 57 44
29 63 26
58 61 42
3 76 8
64 17 17
51 9 65
49 16 20
30 65 84
63 34 45
13 58 13
26 80 46
26 33 79
79 48 77
62 21 64
45 67 14
81 3 84
52 13 34
45 67 5
79 16 80
20 64 56
46 60 32
70 4 62
46 47 68
46 78 33
51 23 72
75 67 70
41 20 65
24 60 3
68 80 54
40 24 56
10 55 72
26 79 80
39 83 22
44 16 60
51 71 4
67 17 11
2 78 19
11 72 45
46 53 34
71 42 48
2 25 44
32 38 50
31 76 83
31 75 26
41 59 77
73 73 28
17 77 60
64 44 60
39 66 6
37 80 70
4 56 74
72 19 77
16 69 70
62 81 14
70 72 15
46 49 12
34 12 24
63 78 14
10 5 21
79 33 12
70 74 81
8 22 1
4 16 74
42 79 30
18 33 30
15 29 25
39 62 46
79 69 43
48 32 73
20 66 61
70 65 62
53 31 75
4 40 65
23 73 17
11 2 4
2 5 44
33 70 58
22 50 79
32 34 7
82 78 52
58 32 80
70 20 6
73 44 32
60 34 57
49 15 57
5 65 6
63 54 49
12 54 57
73 2 82
2 18 36
8 37 68
68 29 50
29 84 83
31 8 6
75 37 16
4 13 21
4 31 49
55 35 47
78 66 27
65 47 45
38 26 69
7 75 38
5 26 34
15 82 41
18 58 1
77 83 39
5 72 82
50 70 10
34 42 28
82 39 6
14 68 32
69 78 20
61 64 65
82 26 45
77 22 18
72 33 75
64 3 81
18 6 41
64 53 54
34 42 25
5 62 36
70 61 72
84 3 81
38 3 9
30 60 30
36 81 27
70 65 58
58 66 24
69 72 72
83 9 74
2 5 55
63 5 24
37 36 68
58 16 71
63 22 60
9 55 16
71 84 5
17 63 13
42 70 65
57 37 75
48 9 47
30 79 55
80 82 62
26 74 68
25 22 39
39 13 49
33 43 74
3 81 8
68 7 56
63 69 48
55 82 64
48 28 8
15 83 28
72 56 19
5 39 25
18 78 30
47 62 4
72 2 43
65 53 24
76 24 56
77 75 24
57 28 55
77 25 6
16 57 55
21 40 56
69 27 82
8 15 49
82 56 83
24 32 1
78 31 12
28 82 30
44 59 43
58 70 63
21 57 35
72 75 41
6 42 76
72 14 40
41 31 78
69 45 16
84 3 63
55 46 5
75 52 79
44 75 41
71 65 76
44 62 49
31 79 16
68 45 47
11 4 79
64 62 17
32 82 49
42 4 12
7 6 66
62 53 33
74 80 19
26 1 59
83 5 82
30 59 66
43 72 3
83 72 49
16 46 14
45 55 75
66 67 29
80 32 20
83 1 16
35 59 31
28 71 49
79 43 6
63 41 46
18 22 52
16 50 9
8 52 60
29 31 8
15 32 74
25 76 19
41 68 9
28 35 36
47 17 38
42 46 53
27 61 76
41 10 60
74 63 17
8 79 11
10 29 74
56 5 43
81 62 60
38 72 61
27 81 5
57 52 3
55 3 54
50 31 61
61 63 45
82 71 64
21 18 23
58 78 48
63 16 45
14 33 28
6 75 75
44 11 78
25 38 14
59 21 11
17 7 56
2 74 21
11 82 72
6 1 39
32 16 37
70 9 22
34 53 82
18 4 30
83 60 82
53 14 78
69 18 17
18 69 13
81 49 12
30 11 56
21 62 25
55 27 6
13 28 15
34 62 49
78 47 77
84 61 4
67 5 46
79 29 62
45 4 13
40 8 8
78 77 2
24 34 20
68 62 36
61 43 67
62 3 20
81 57 57
24 40 46
78 30 83
18 22 8
30 47 44
53 43 49
26 69 43
9 9 49
62 19 62
65 58 81
17 25 29
42 6 14
69 55 56
3 73 82
29 40 13
71 33 14
46 82 70
51 77 32
60 12 59
2 46 50
63 83 8
83 45 36
26 29 15
58 13 59
11 9 19
65 61 31
22 55 49
42 44 80
37 7 24
32 1 65
11 79 72
17 15 24
25 58 84
49 64 33
34 57 65
43 65 48
56 47 30
2 58 2
69 10 52
71 20 43
2 45 39
70 36 2
84 59 5
30 21 4
53 29 57
64 82 72
11 11 57
57 16 22
80 41 63
7 54 48
32 68 47
69 10 59
35 19 15
70 69 53
63 80 80
67 67 79
1 65 13
56 20 51
46 49 72
29 11 82
58 42 10
62 59 79
46 59 3
49 69 3
28 54 52
7 1 1
46 51 71
50 84 71
47 12 76
43 54 74
28 6 47
25 64 59
23 59 12
82 73 69
51 44 64
44 45 61
67 74 20
74 64 41
2 7 60
66 27 27
44 42 76
68 23 13
43 35 6
83 37 58
19 69 54
69 54 9
69 46 50
3 41 62
13 28 81
44 72 55
33 18 58
9 11 57
35 55 53
80 48 6
54 61 30
37 22 15
83 58 29
35 33 59
73 35 13
78 50 80
37 12 52
35 5 39
45 82 84
80 29 39
63 41 19
68 37 46
34 84 12
56 38 13
83 12 64
11 82 80
15 47 62
3 74 41
56 84 29
29 56 53
79 12 84
7 11 50
49 17 56
7 63 34
11 71 78
8 71 45
52 79 18
24 35 45
18 37 3
70 54 7
25 47 32
58 72 55
73 23 81
83 53 6
6 49 62
5 18 37
28 25 30
35 58 26
80 73 28
69 63 23
15 25 20
26 33 33
13 51 36
49 16 46
45 40 76
67 63 69
84 70 55
19 66 32
39 56 9
24 82 9
6 29 41
53 70 52
9 7 64
54 48 81
22 67 52
8 57 2
6 84 17
7 4 71
12 69 81
69 56 9
58 68 4
26 38 71
28 6 26
15 3 18
2 54 19
74 68 30
21 2 5
70 50 46
81 32 72
26 60 70
15 23 79
59 72 1
65 74 45
23 81 6
77 74 62
15 79 25
13 1 60
59 60 53
81 52 2
10 46 41
34 9 27
32 61 19
45 31 69
53 13 55
50 71 36
59 6 67
34 40 48
60 7 80
11 82 18
38 66 14
54 61 13
81 5 81
28 42 11
55 62 70
66 50 55
81 68 30
76 34 23
39 38 79
52 4 46
31 37 8
51 83 83
71 34 71
83 16 35
74 22 45
52 68 35
11 17 32
29 11 15
6 23 13
35 15 56
31 80 33
41 54 26
61 39 56
10 20 39
4 18 67
71 48 27
47 7 50
56 59 31
7 26 15
4 9 74
15 17 56
51 81 83
82 48 53
41 64 23
60 52 30
1 72 74
12 5 81
83 1 76
13 15 35
15 44 11
64 58 3
50 10 72
65 47 27
44 37 49
6 12 81
22 67 54
6 19 78
22 41 57
71 14 68
19 78 23
64 78 43
76 6 52
47 83 47
42 84 55
3 46 14
21 49 31
20 69 20
31 83 40
26 8 31
62 41 4
29 49 82
9 22 52
29 69 75
20 69 47
84 49 16
42 53 8
44 25 32
7 7 79
19 45 54
71 52 60
51 19 38
17 42 76
15 66 48
82 32 50
22 83 68
50 20 76
37 47 51
1 31 71
37 43 32
18 22 23
40 60 69
4 35 60
63 37 74
18 8 2
44 52 50
68 62 31
46 27 50
73 67 57
56 25 45
2 29 37
80 48 27
44 20 67
33 34 80
29 33 19
31 76 66
53 25 46
12 78 32
34 32 48
23 58 26
56 58 19
18 74 8
68 84 8
41 36 10
25 46 17
62 43 68
17 47 61
62 5 33
52 56 80
30 49 29
5 26 73
35 75 84
39 5 71
76 59 38
7 61 30
77 21 43
59 10 57
25 58 63
7 35 58
1 9 32
57 72 43
10 8 35
75 70 73
72 63 38
19 78 12
33 56 56
79 29 21
32 7 83
49 64 34
13 67 29
24 36 17
61 79 9
52 84 1
75 65 11
43 58 30
59 7 61
32 58 22
84 81 46
10 6 4
36 64 41
56 39 79
81 21 82
60 40 14
6 78 33
59 9 55
77 7 37
17 35 22
73 3 35
6 63 57
57 73 15
26 9 25
73 26 67
71 83 63
44 34 15
59 10 21
78 5 80
35 57 34
48 37 21
41 63 39
17 68 46
41 59 44
6 76 34
20 60 1
43 24 46
59 64 84
83 7 53
31 66 80
58 77 37
6 53 33
36 59 40
23 75 5
78 8 83
49 53 40
5 66 41
77 16 30
28 12 45
29 17 61
37 22 61
61 16 45
22 74 1
69 55 77
70 35 83
71 22 5
67 22 23
74 34 64
28 15 81
47 2 38
28 42 78
79 65 62
59 61 54
5 5 19
59 13 53
18 30 60
28 66 25
1 13 32
20 75 52
14 26 35
27 58 13
67 75 51
71 5 44
54 62 44
6 34 5
5 82 27
39 8 25
62 10 25
71 13 83
43 57 29
49 38 20
83 1 34
3 33 18
23 12 42
41 14 6
82 30 5
49 36 69
26 24 2
47 7 28
77 3 66
5 43 70
62 40 34
63 81 8
29 65 84
31 24 15
80 71 55
54 27 29
61 58 17
53 41 30
60 80 67
29 80 8
33 36 63
44 5 40
6 40 41
48 81 41
25 51 36
52 43 20
17 53 6
58 14 62
81 22 34
83 74 13
52 73 3
34 75 51
38 34 57
29 70 1
54 67 46
52 65 19
52 77 39
43 37 56
23 28 34
33 36 70
69 32 57
57 13 19
58 7 68
32 56 30
60 60 32
17 15 32
17 76 45
51 29 54
15 55 29
49 65 52
68 76 78
74 84 21
8 19 69
15 48 83
39 49 22
19 48 44
64 67 79
74 66 8
42 32 48
29 52 52
66 35 59
25 39 76
49 14 33
50 52 40
79 68 66
45 36 54
23 36 26
65 30 23
5 48 70
17 75 59
59 9 70
82 32 60
70 58 34
57 36 54
8 21 54
21 76 65
31 83 57
36 33 13
72 11 63
24 51 15
10 74 82
58 78 58
48 2 4
45 31 78
14 15 27
56 54 22
61 73 79
11 78 34
41 78 32
63 75 71
11 11 1
36 25 51
14 12 56
58 40 2
59 7 8
19 36 56
37 28 54
75 52 2
1 50 83
37 63 82
35 15 69
82 33 29
5 43 2
43 12 8
75 59 31
82 28 5
75 27 37
64 52 1
64 19 51
9 2 54
39 5 27
25 42 38
20 76 48
35 33 41
72 4 17
45 2 56
77 55 61
47 78 44
38 44 40
75 27 77
65 61 59
56 8 5
60 61 34
4 24 48
17 29 71
84 38 50
11 21 24
75 77 2
55 27 6
48 32 42
52 8 51
8 40 27
69 71 77
41 70 29
62 34 54
25 75 20
83 39 53
38 7 34
8 42 76
44 29 52
36 31 57
39 52 21
59 47 84
50 41 52
11 39 65
79 24 30
11 43 2
19 35 13
69 29 66
18 21 67
40 70 61
51 60 20
40 16 7
19 47 74
51 54 23
19 50 21
57 16 27
42 45 50
8 3 48
43 77 57
7 32 25
23 4 43
59 25 26
1 21 34
41 29 6
78 6 67
18 3 16
60 53 25
64 26 53
21 10 37
15 82 40
32 4 2
40 24 29
17 65 61
36 57 32
63 25 29
26 51 79
14 65 53
12 48 54
50 53 7
