1000
57 12 29
57 12 36
34 13 34
45 63 48
11 9 60
26 41 59
11 55 45
54 15 58
3 29 16
64 6 21
17 50 47
24 23 61
66 24 36
67 56 35
40 37 31
33 13 55
37 50 28
2 11 38
32 38 8
26 63 6
34 20 55
15 41 40
2 67 8
64 39 33
23 27 9
44 38 39
50 17 51
42 58 62
35 44 42
60 14 18
14 41 35
64 47 38
47 52 40
62 47 58
18 36 20
17 22 14
53 2 52
27 47 6
5 25 14
39 59 1
44 50 13
63 25 22
7 64 43
59 63 50
30 59 27
30 56 54
12 37 66
57 24 27
43 10 3
7 11 29
54 56 34
47 31 42
36 54 24
40 30 2
3 35 61
59 1 23
47 5 59
58 32 35
50 54 25
13 14 61
48 27 47
54 66 50
66 7 10
47 45 7
63 64 54
21 58 1
19 29 33
48 50 8
19 31 63
15 41 60
9 41 39
58 12 66
48 50 36
49 62 19
23 46 44
2 22 47
60 28 16
60 16 20
18 62 50
5 26 49
14 40 62
13 58 38
58 23 7
63 23 52
28 20 65
16 47 9
30 27 48
31 36 58
9 20 59
30 35 60
46 59 56
48 2 42
2 56 10
30 4 13
37 11 27
45 27 66
28 64 7
1 62 45
20 61 40
27 11 35
14 24 63
6 52 45
60 25 62
52 32 4
57 44 14
15 28 13
34 15 55
59 37 45
1 8 34
29 41 7
57 6 23
5 39 61
60 20 60
6 67 41
21 11 13
19 62 3
57 50 46
14 60 12
55 43 29
24 50 17
46 30 17
64 17 15
40 60 35
65 18 36
12 36 67
24 48 15
7 9 20
21 29 48
54 9 19
58 62 16
47 33 45
37 42 11
37 59 22
46 26 54
4 58 42
32 21 39
15 20 11
2 41 23
9 25 15
1 63 61
56 53 10
14 51 20
42 44 18
55 57 52
56 49 32
63 32 48
28 64 2
30 54 26
62 10 27
3 47 47
6 44 18
39 3 33
3 53 8
57 10 35
52 15 24
37 18 35
48 49 21
4 61 21
10 41 21
6 50 19
28 8 63
13 38 11
14 17 10
34 13 62
51 58 8
67 56 61
21 2 48
49 15 59
3 51 17
20 48 46
3 28 3
33 22 37
40 56 42
39 3 52
55 8 13
61 61 5
50 26 54
60 13 45
32 40 49
15 47 12
27 5 47
48 43 35
33 43 47
24 37 57
37 22 35
50 46 27
47 39 8
24 38 27
39 46 62
8 39 18
26 24 55
12 44 34
65 58 54
26 9 57
52 46 30
67 10 63
17 51 30
15 51 8
20 50 59
7 21 43
58 66 5
1 15 61
65 3 58
27 37 13
6 20 14
57 48 36
24 44 67
20 36 14
42 32 14
16 33 26
8 16 48
7 14 61
12 53 33
64 50 4
54 56 36
41 62 5
62 16 11
40 39 11
13 64 15
45 9 39
21 4 37
56 20 12
57 28 53
19 27 44
25 36 27
50 26 39
57 47 64
66 66 46
34 33 57
46 4 1
50 59 15
22 25 8
64 3 46
63 2 12
43 29 55
65 15 59
22 21 32
9 59 67
21 48 12
6 49 20
19 25 5
34 41 25
40 31 46
41 27 19
66 23 17
52 65 22
24 33 34
16 22 52
11 60 3
34 30 37
11 34 30
66 21 30
59 29 59
23 66 39
65 10 24
66 27 29
62 32 50
61 53 46
10 56 42
1 5 27
22 22 57
41 47 53
16 24 59
18 44 4
40 53 16
44 63 52
4 67 66
34 39 2
28 19 37
45 17 41
39 9 20
19 64 55
18 32 56
41 35 50
50 10 55
60 60 18
63 67 39
7 56 17
40 67 63
15 34 35
44 47 11
44 56 16
9 25 17
52 48 25
11 26 55
49 5 16
38 37 11
19 18 31
63 9 37
67 6 47
62 14 65
62 54 21
36 62 17
66 38 27
32 5 14
42 33 59
9 55 53
31 61 51
26 49 20
22 33 52
56 20 66
60 14 36
14 64 54
22 17 45
34 3 26
41 39 65
65 52 18
14 1 22
25 27 13
27 6 63
55 26 52
63 40 55
51 58 54
27 33 23
55 19 25
38 46 25
36 11 45
12 21 1
57 17 36
22 50 50
62 2 26
34 34 32
48 24 60
3 22 10
2 49 1
15 26 48
14 52 9
10 6 3
16 59 32
52 41 56
18 32 49
14 58 17
57 4 36
11 16 25
40 15 37
29 30 49
45 18 16
24 60 60
6 3 66
47 46 27
9 15 54
57 2 3
9 23 11
46 60 34
64 52 46
46 12 44
66 22 27
31 58 41
37 5 4
35 2 16
20 66 35
11 66 65
54 41 64
51 10 64
44 37 18
54 7 14
13 12 62
35 56 10
26 24 2
41 64 46
64 29 8
6 66 17
64 24 39
23 31 12
43 34 37
13 38 42
45 26 59
43 5 57
43 29 23
6 66 18
3 11 33
55 29 62
11 42 58
52 28 63
56 51 20
44 32 51
45 67 64
17 41 32
27 40 42
29 21 66
8 67 24
40 3 67
33 63 42
45 3 35
45 46 52
24 61 39
2 67 8
53 59 29
16 5 50
57 45 36
56 58 62
11 17 34
18 16 17
47 31 26
16 41 33
6 2 32
9 53 37
50 30 16
65 8 65
63 9 35
1 34 53
28 8 48
61 10 33
37 63 19
51 62 6
25 6 40
11 41 4
19 29 29
30 3 36
40 42 2
6 40 4
50 24 61
32 60 50
16 45 41
22 2 67
2 54 22
7 37 55
39 39 7
23 62 53
53 20 46
13 65 45
13 22 31
2 5 19
15 11 43
51 47 16
18 27 34
6 19 60
4 9 6
6 43 62
31 6 33
59 39 9
45 57 59
24 40 2
4 6 22
48 41 37
31 51 57
44 26 42
27 58 9
16 67 37
32 41 41
44 53 1
8 60 1
40 28 2
7 46 61
18 40 9
50 26 56
12 3 56
57 17 4
52 5 31
37 8 19
30 61 19
20 12 26
21 4 10
36 17 43
26 46 28
41 47 55
56 31 24
57 38 20
12 33 35
15 17 54
29 40 3
1 1 32
12 57 59
40 28 1
14 2 61
2 58 45
18 29 32
7 39 2
65 18 32
34 52 28
18 7 45
13 10 54
51 25 26
67 39 54
26 58 61
60 66 51
37 30 13
31 66 67
31 57 66
6 3 61
52 14 16
51 16 43
30 59 63
48 47 58
31 7 10
32 6 1
57 55 53
50 41 57
40 31 9
10 15 26
17 39 46
18 65 45
13 50 5
6 65 11
58 41 4
3 58 61
6 58 5
55 29 13
6 47 35
10 63 40
35 59 26
6 41 56
33 58 37
19 1 40
19 52 36
63 58 37
65 61 43
27 38 9
22 40 64
5 45 62
12 64 43
10 27 60
4 19 40
8 64 17
15 8 65
66 19 59
11 29 50
27 40 1
43 52 42
27 7 62
30 21 67
5 15 60
16 45 41
15 38 6
41 46 63
6 3 34
55 38 10
24 47 16
29 35 66
29 28 29
18 48 50
49 24 45
63 14 58
46 16 5
6 10 61
65 59 12
62 65 51
24 21 18
63 22 34
45 6 15
59 47 10
8 44 41
58 18 54
5 15 30
3 46 13
10 20 58
1 52 42
62 57 40
40 38 25
32 39 3
16 53 1
18 17 47
60 10 66
50 61 43
8 63 45
56 3 14
35 61 29
22 56 37
27 43 58
64 14 36
66 55 56
8 44 35
61 56 59
57 3 10
23 31 45
10 35 30
43 64 28
2 38 10
8 2 59
16 51 17
21 43 18
54 27 15
4 27 52
58 22 25
8 7 50
55 33 52
54 56 32
23 5 29
39 39 48
31 49 61
33 29 21
60 12 8
18 55 5
12 39 26
14 40 66
42 9 63
13 58 19
67 23 58
30 67 45
23 53 34
1 51 21
27 35 16
67 55 26
58 26 31
16 15 11
20 23 39
11 40 8
65 12 41
65 8 32
8 8 55
60 22 61
38 57 29
44 64 32
39 27 54
43 7 60
22 48 33
28 25 17
56 63 60
2 35 13
5 46 15
1 46 52
9 3 48
49 48 23
17 43 60
56 16 66
51 29 47
37 16 31
35 67 26
20 21 42
59 24 32
65 17 19
28 53 20
60 46 54
17 29 15
16 14 25
3 31 31
8 18 6
63 27 64
55 65 21
42 29 18
55 48 38
61 6 52
25 67 17
28 20 23
16 49 49
43 30 62
17 2 32
17 5 8
24 49 15
27 19 27
15 5 3
11 36 9
2 22 23
59 23 59
48 9 20
12 55 62
12 28 65
55 38 41
43 22 58
46 64 3
44 31 13
59 47 54
45 26 49
31 33 44
5 63 19
9 65 49
39 15 54
30 40 5
15 41 43
28 22 57
49 15 61
21 9 46
32 36 11
55 9 33
42 7 44
48 25 42
5 4 1
31 15 44
50 21 4
13 31 50
62 20 28
14 44 21
17 47 25
12 21 25
55 35 56
11 37 44
25 8 27
51 28 20
7 11 55
29 65 57
22 52 32
39 14 42
43 41 4
4 2 56
37 25 19
18 60 35
18 25 11
24 53 21
54 10 6
34 28 38
44 40 45
33 46 48
33 65 59
66 54 49
56 46 57
13 28 10
58 43 3
39 66 61
10 21 37
28 27 2
64 55 48
7 6 14
46 18 17
53 28 19
50 44 49
13 62 1
35 11 5
5 11 11
67 28 47
20 35 44
46 52 55
51 59 9
22 42 38
40 44 30
45 65 2
17 7 38
47 47 13
19 36 9
10 2 12
58 24 20
50 60 51
56 41 13
11 64 7
7 27 30
6 14 11
36 52 52
53 33 33
4 65 51
10 20 61
7 2 3
35 47 57
56 41 30
11 11 59
25 51 25
28 30 54
49 8 62
66 65 18
30 31 35
8 53 35
22 48 13
18 12 33
26 23 29
11 10 6
17 28 40
63 57 26
27 24 18
45 61 40
26 11 54
10 39 18
20 36 67
12 57 61
6 62 35
19 43 57
46 28 62
14 63 56
54 43 11
65 55 51
2 60 62
13 30 54
11 28 46
43 37 2
32 62 62
31 49 28
54 62 16
52 28 65
17 26 9
64 21 35
50 1 45
15 20 46
15 14 61
67 11 18
1 30 55
53 20 28
29 2 67
66 51 12
44 18 25
42 26 18
7 19 22
66 5 61
11 61 62
6 5 33
3 33 24
19 14 22
29 5 4
41 15 61
8 44 19
39 50 54
63 12 65
29 49 43
28 42 52
28 63 37
4 3 36
23 23 44
53 21 61
49 37 41
1 40 10
45 53 51
60 52 27
5 33 58
13 26 19
9 34 13
14 61 32
29 16 44
66 45 34
11 25 24
66 25 2
59 3 15
5 4 17
9 11 22
3 30 3
46 13 37
57 60 54
39 19 35
25 2 16
55 14 54
35 2 49
14 19 38
22 65 51
35 67 38
7 32 65
25 34 54
54 25 32
35 43 27
58 33 16
30 47 7
6 23 29
14 19 29
65 61 67
27 33 22
64 16 8
4 20 12
41 20 67
51 10 38
41 41 34
48 35 32
7 14 44
22 35 57
33 64 2
59 26 26
62 31 50
22 20 27
30 61 63
43 21 35
59 32 61
29 61 41
7 32 26
4 48 29
28 24 10
66 66 5
31 12 57
64 28 7
36 46 59
11 41 13
11 15 17
30 9 18
11 6 7
65 49 16
9 48 29
62 22 55
53 38 40
51 10 44
17 62 48
51 12 11
52 51 28
25 38 27
43 44 9
56 25 13
19 18 15
51 64 43
40 18 18
36 16 43
9 40 32
35 27 49
57 21 66
57 67 1
29 15 64
32 41 37
7 56 62
49 31 39
2 67 59
36 67 13
4 5 4
55 49 14
55 6 47
20 11 10
40 20 67
55 36 57
9 1 51
54 66 38
26 16 14
34 27 6
14 50 61
16 58 17
7 61 54
7 4 40
55 47 35
56 49 66
4 36 23
53 48 10
2 66 2
23 9 62
58 8 53
62 36 4
32 7 64
43 34 53
32 38 36
7 5 16
66 50 49
28 25 14
26 57 13
42 36 8
44 37 5
8 65 1
49 21 22
6 64 48
64 54 41
8 59 30
12 62 30
3 42 49
60 4 42
48 13 40
20 41 66
33 7 51
45 25 14
58 31 4
19 3 14
36 55 67
13 49 10
60 23 53
37 46 53
61 26 64
30 19 48
55 57 61
45 30 10
17 57 35
58 36 51
8 22 14
31 66 53
60 51 24
56 29 24
10 6 65
48 15 35
52 16 33
27 28 10
17 26 58
19 54 31
18 34 52
59 67 54
37 37 64
4 26 25
66 48 11
2 24 45
37 6 47
66 44 53
27 52 42
50 62 29
28 10 30
61 17 8
36 45 54
49 60 58
42 33 35
7 21 62
57 18 31
50 64 62
37 52 2
39 11 3
52 45 26
37 26 64
9 26 55
13 4 46
18 59 24
44 17 60
22 39 22
43 67 32
63 20 36
22 4 42
29 2 2
49 50 30
17 44 33
67 12 51
53 16 67
65 62 38
23 67 12
47 63 33
38 30 44
3 36 16
16 10 4
9 51 19
64 9 16
33 54 62
31 50 34
63 1 29
43 67 61
36 38 4
48 37 45
42 51 7
12 30 25
35 41 40
22 58 25
20 29 45
