100
23 14 9
26 20 31
31 17 34
33 4 14
6 6 4
24 31 3
31 3 9
34 30 3
9 26 8
32 28 27
22 5 2
29 23 14
25 35 33
28 22 33
22 23 20
17 18 9
29 5 5
34 35 35
2 19 22
3 6 27
22 4 27
14 33 23
4 1 4
2 35 4
27 26 27
14 6 20
29 25 24
4 18 15
8 7 6
21 26 33
1 7 26
20 21 12
13 32 23
20 26 29
33 9 1
11 7 3
33 30 8
20 21 7
9 10 34
3 10 33
10 5 27
3 7 4
24 7 21
31 24 14
15 3 11
7 7 9
32 33 33
26 11 6
31 1 13
2 24 18
33 18 9
31 17 4
1 13 11
21 9 34
21 10 29
3 29 27
25 18 20
1 4 18
15 10 4
35 26 31
28 9 28
6 28 8
2 32 31
24 20 25
22 32 34
22 30 27
11 34 10
9 1 27
12 9 3
12 5 28
11 24 32
11 2 32
20 21 21
5 11 23
33 13 34
22 19 23
20 3 2
32 17 31
26 5 15
27 12 23
32 30 33
17 9 7
12 15 8
34 32 26
4 23 29
26 20 2
3 32 21
23 33 33
9 9 22
26 14 18
19 7 3
29 6 22
33 3 17
8 15 2
7 35 19
2 19 15
28 17 34
1 5 16
35 13 2
3 6 3
