100
8 39 39
4 9 6
37 2 29
17 8 15
31 31 10
2 21 25
27 18 12
14 7 11
13 41 39
43 29 31
15 39 26
31 35 38
28 37 2
18 19 32
33 40 39
42 33 45
12 45 7
5 20 46
38 23 42
24 34 21
37 31 25
6 38 39
24 39 11
43 38 23
27 3 43
34 3 38
13 32 9
7 15 3
9 20 44
22 13 33
27 39 32
5 38 11
20 18 32
25 17 22
36 6 1
37 36 12
1 32 15
39 18 35
41 37 42
24 12 23
43 27 46
25 29 28
20 14 12
12 14 37
6 34 14
7 36 1
33 29 25
7 19 3
9 11 44
6 26 30
7 10 36
42 39 39
36 33 17
6 23 4
7 18 36
41 13 45
34 13 13
24 20 42
39 40 5
33 31 5
14 29 4
28 39 42
28 35 41
7 10 3
42 18 25
12 5 18
4 33 33
2 25 17
11 9 19
4 32 26
33 46 42
19 22 23
3 15 8
10 45 25
22 27 46
16 25 13
33 20 26
28 8 21
38 8 23
13 20 3
15 30 22
21 39 41
4 11 5
44 27 46
40 32 39
43 8 30
34 3 10
45 28 26
22 36 5
4 21 29
44 44 17
45 15 29
8 20 27
9 24 19
28 21 30
23 22 39
15 19 46
8 31 26
18 1 37
22 12 41
