10000
13 33 57
49 10 46
25 20 52
56 8 33
69 39 41
9 42 68
46 80 8
28 28 39
34 41 24
52 65 71
29 5 58
31 71 60
1 69 26
40 80 40
82 14 23
11 12 67
12 30 66
43 76 17
8 15 19
73 19 47
32 2 27
44 64 73
76 21 33
31 64 1
78 78 40
8 81 37
27 81 30
71 63 63
5 54 20
77 23 3
53 75 46
15 40 57
33 69 59
8 30 31
16 51 41
11 36 47
11 41 82
82 23 60
64 27 71
20 80 65
75 5 23
39 9 25
20 37 40
33 9 79
48 55 14
71 6 16
51 80 20
12 59 22
60 50 19
5 9 76
54 31 76
82 17 62
53 7 79
56 76 44
61 39 22
51 39 5
16 41 41
49 30 62
68 8 25
60 36 62
8 10 3
48 25 43
56 40 66
13 8 19
25 44 72
27 14 35
74 51 47
66 3 3
28 81 32
11 18 33
67 25 70
59 63 44
13 16 16
3 79 79
63 81 44
38 56 40
71 43 11
33 69 27
72 46 26
37 43 7
15 65 69
59 41 65
75 65 20
69 13 60
30 73 40
43 58 29
79 45 12
82 79 18
69 76 73
41 33 66
14 61 10
31 14 80
79 69 38
9 13 52
22 41 60
51 67 51
19 5 53
59 59 72
22 19 50
8 62 10
34 10 9
65 39 43
78 1 75
29 75 73
28 54 51
54 5 41
82 17 55
37 15 74
50 29 23
55 2 1
63 10 66
50 7 28
8 3 23
79 73 54
75 57 82
67 29 33
62 71 30
50 12 80
44 24 49
16 29 77
47 7 67
28 39 55
63 61 53
59 42 79
74 13 69
24 32 74
57 78 9
40 11 64
57 53 25
45 69 33
75 17 58
25 19 61
53 44 7
58 20 49
8 56 42
75 4 33
6 54 55
48 64 65
21 81 22
45 8 52
15 77 24
45 47 56
18 69 59
82 10 44
32 8 74
68 33 2
58 33 45
55 43 67
11 11 63
55 81 71
44 15 40
35 64 12
21 21 32
76 42 47
22 28 4
34 40 2
38 22 72
82 60 34
51 29 17
9 23 74
8 47 11
48 36 60
2 45 41
7 57 79
6 52 13
21 70 61
3 16 44
31 50 69
62 5 63
33 78 12
55 31 36
72 82 38
44 59 52
53 5 10
37 21 56
35 4 53
23 44 72
29 40 42
47 77 76
65 13 72
67 11 81
41 2 65
60 79 12
34 38 47
32 14 2
35 4 20
72 42 41
54 77 20
10 13 7
51 55 19
4 57 20
21 33 67
11 57 72
71 19 26
79 39 52
30 34 63
42 20 42
75 82 4
10 70 49
53 25 81
3 45 48
66 2 63
64 13 77
34 25 78
26 31 18
24 48 8
37 55 23
44 45 78
23 14 51
5 44 25
72 55 56
14 49 39
1 36 3
9 51 70
24 4 8
54 59 25
37 51 20
4 17 77
35 19 16
71 44 42
2 34 15
79 10 65
33 64 28
73 79 44
48 79 11
30 11 6
17 7 6
52 53 38
68 33 71
34 1 65
58 55 3
45 48 78
61 19 67
51 19 59
63 21 44
66 42 56
27 29 22
66 27 15
79 79 29
66 5 73
64 2 43
48 51 31
14 72 34
62 79 7
27 30 24
48 49 7
17 76 81
73 65 13
76 80 23
46 70 7
41 40 8
13 6 41
66 34 32
62 46 64
82 58 55
9 35 66
35 78 10
81 48 47
44 66 73
16 18 42
46 58 35
67 64 9
77 50 30
48 81 54
19 64 68
54 2 70
67 64 39
75 37 53
7 14 43
1 12 40
54 53 47
59 11 12
3 65 21
65 64 19
33 7 74
19 66 39
23 7 31
48 67 69
57 38 73
70 67 43
57 13 64
1 7 81
56 52 66
48 19 66
55 69 3
16 69 59
53 75 69
11 77 67
41 58 21
10 38 25
56 55 60
18 43 4
49 77 1
29 69 19
39 64 29
24 55 34
27 55 70
33 34 61
46 73 75
71 18 72
72 40 65
24 3 32
56 36 11
62 61 44
57 72 69
49 14 65
65 77 20
48 30 65
33 68 18
23 78 80
23 9 20
10 64 51
75 35 42
22 41 64
45 74 16
67 59 66
81 9 8
26 29 38
15 45 17
23 27 80
41 1 49
8 71 63
36 77 26
30 73 27
52 61 29
34 26 6
27 60 7
4 39 6
22 56 81
38 54 48
5 81 1
76 72 29
24 77 59
9 66 64
71 37 12
22 61 4
27 66 2
68 32 32
10 13 15
45 52 63
40 72 32
8 8 3
71 78 32
23 11 3
77 35 53
40 69 68
27 45 69
58 67 17
54 12 2
80 45 75
40 20 45
43 17 78
38 37 21
78 56 73
20 58 42
71 24 27
27 19 2
70 57 80
4 59 8
37 1 62
68 60 52
61 74 17
67 37 25
2 81 81
16 1 28
45 45 13
63 58 70
56 38 34
82 70 53
55 64 21
5 73 38
56 31 37
16 57 74
27 31 7
24 67 46
20 82 53
38 25 28
37 82 23
13 62 50
61 76 6
63 59 5
74 60 37
11 79 11
54 41 17
75 56 55
1 14 26
15 34 44
78 5 2
19 17 23
31 82 48
70 53 56
60 2 36
70 26 82
14 21 27
64 4 22
46 2 42
62 22 15
26 34 67
37 81 16
37 29 82
80 18 11
45 10 76
77 11 8
41 58 28
39 58 78
18 47 29
47 44 55
71 40 61
60 44 59
44 77 62
5 40 61
22 38 53
64 22 38
52 40 53
42 59 52
40 25 62
5 11 12
64 53 55
26 80 8
23 41 61
18 43 57
1 49 25
33 80 62
67 10 5
10 80 7
36 4 19
38 57 41
26 25 19
57 54 31
31 39 27
56 16 34
58 71 43
10 80 44
25 33 29
28 59 7
59 76 24
5 20 53
43 47 50
47 64 41
36 21 73
71 64 23
26 38 57
15 47 44
70 28 40
46 51 58
79 40 39
27 29 72
4 37 29
35 81 25
61 34 77
3 10 17
6 56 22
35 26 73
26 12 39
26 43 48
80 24 28
5 82 39
31 16 22
24 74 80
61 18 8
44 70 15
27 25 29
43 19 67
38 53 68
31 39 6
77 39 29
7 28 16
27 45 39
79 39 15
15 78 72
46 53 48
10 48 82
69 50 52
64 63 73
13 38 5
60 52 55
27 73 64
5 28 7
28 24 19
10 57 63
25 40 73
79 71 10
79 61 37
6 76 45
82 19 64
42 44 25
25 14 71
50 33 69
49 16 42
69 6 41
59 66 64
76 50 49
30 73 10
71 32 6
77 32 65
31 27 53
69 81 53
6 6 5
40 56 29
4 17 48
39 36 72
26 33 11
64 6 42
54 52 68
77 75 52
26 82 35
71 44 16
78 58 34
50 35 20
59 31 74
48 21 55
5 34 60
17 28 27
27 54 46
14 13 32
67 64 21
12 32 55
33 49 5
10 19 23
61 17 22
46 32 44
7 4 79
72 20 79
52 38 49
77 23 80
71 71 40
62 63 28
2 45 39
23 57 32
11 59 35
67 38 36
6 62 50
34 73 68
70 5 69
2 63 59
53 62 21
53 70 65
41 50 44
12 57 28
9 40 25
74 71 68
44 60 6
53 4 31
25 67 34
7 26 54
10 20 54
2 12 6
59 29 19
64 36 11
38 78 56
25 46 74
32 50 22
32 30 76
18 2 56
46 62 50
66 41 28
42 72 65
35 40 38
4 2 81
72 19 31
37 74 5
70 50 43
55 26 40
27 54 55
7 50 48
69 69 71
82 44 28
69 79 41
10 55 3
40 10 28
69 62 63
14 59 69
51 57 16
7 45 1
16 4 11
47 47 50
4 53 44
69 46 12
43 35 22
31 34 44
34 75 77
16 23 5
13 79 19
3 12 10
15 44 31
66 73 19
10 75 45
18 35 36
21 68 67
41 1 35
5 70 16
72 45 76
53 21 54
44 48 78
55 62 57
38 14 59
69 78 48
74 55 3
31 26 56
20 3 5
7 62 43
63 60 56
72 42 79
22 48 66
70 58 31
60 23 31
5 69 27
9 26 43
19 32 63
34 51 45
21 11 9
43 29 77
64 13 20
81 54 50
20 66 42
32 51 8
15 73 1
54 35 29
21 7 2
33 12 76
74 72 60
42 15 40
20 7 3
60 78 57
44 4 29
59 15 46
30 65 56
67 50 51
59 60 48
29 14 20
36 32 20
21 36 28
55 12 18
55 64 70
26 9 68
2 27 60
18 33 69
77 26 74
24 34 21
82 10 31
23 14 13
69 79 15
55 4 65
16 45 49
82 24 6
25 8 58
12 80 57
79 42 8
46 36 9
57 9 49
15 81 75
77 48 8
55 7 81
66 7 43
57 15 4
51 64 76
34 27 33
32 7 45
7 59 45
57 78 25
41 40 43
78 6 11
72 70 23
18 18 15
12 59 13
17 51 45
28 81 79
70 60 9
70 50 36
43 43 7
77 64 45
21 69 12
69 3 15
14 31 62
46 1 32
40 13 73
63 54 5
57 40 39
65 74 65
14 54 65
22 36 29
29 14 80
56 74 73
41 39 62
35 43 67
76 48 72
23 77 13
13 43 35
33 25 36
61 4 73
80 20 77
43 15 49
57 80 31
81 16 29
35 50 19
15 33 64
55 63 30
13 69 64
81 14 8
20 17 3
38 67 51
16 20 81
41 68 8
68 73 44
2 63 63
22 82 64
43 77 16
37 27 24
40 69 38
73 34 69
66 32 10
28 12 45
58 8 18
32 57 39
10 44 27
76 33 24
19 25 27
54 3 47
65 3 10
29 55 80
68 24 65
29 66 78
1 3 25
76 57 41
22 10 21
40 65 64
41 78 24
16 78 39
24 74 29
44 52 12
78 31 42
16 15 80
9 25 1
77 81 5
74 22 72
61 60 7
50 13 13
57 57 24
2 10 46
17 66 51
29 80 22
8 18 12
3 29 60
27 35 45
30 9 73
4 8 38
77 8 21
65 1 2
49 21 59
67 73 29
22 81 11
81 44 6
26 34 73
6 41 54
63 59 37
59 55 59
53 30 15
64 67 81
24 9 67
44 46 35
6 79 47
55 48 8
61 18 4
53 4 30
64 26 47
17 79 10
4 31 78
7 43 29
76 79 14
30 8 36
8 40 76
8 42 53
35 29 28
22 56 37
5 49 30
51 60 80
73 57 13
39 35 31
37 53 54
81 66 73
4 78 33
64 66 42
25 28 59
31 69 74
41 67 8
16 17 65
54 34 47
60 49 53
29 14 37
39 42 64
72 38 15
74 18 43
2 24 67
8 19 61
12 62 14
51 41 50
57 15 75
80 15 67
46 81 37
20 50 70
10 44 11
74 42 65
54 21 19
3 43 28
34 60 15
4 76 17
21 33 80
39 4 19
25 31 23
68 71 28
25 22 79
81 56 18
28 8 82
35 40 40
19 47 82
79 58 42
29 82 54
56 63 3
32 4 76
48 9 19
17 53 18
32 47 65
32 63 22
40 45 80
13 80 8
17 26 69
10 19 52
21 65 69
24 74 29
71 77 65
9 14 32
60 61 71
7 78 29
56 42 23
73 73 76
10 81 14
21 79 69
19 46 53
27 64 82
18 76 30
17 36 6
17 12 45
15 12 81
28 74 67
46 57 13
20 80 4
37 58 42
73 16 60
14 43 64
32 14 17
6 46 46
56 23 11
43 17 76
39 25 68
41 23 23
32 9 59
27 59 31
11 72 36
67 41 52
31 67 43
2 49 70
58 70 54
74 37 35
28 71 64
49 2 60
81 60 20
25 1 15
56 69 19
47 63 25
4 81 13
14 25 19
1 3 76
81 46 19
73 79 11
47 27 67
63 28 68
66 80 71
22 61 46
73 59 23
71 62 16
44 23 42
69 51 60
47 15 77
66 1 74
77 32 54
55 41 63
2 38 42
42 31 2
44 23 70
17 31 80
20 47 74
28 39 57
45 23 37
42 41 10
80 60 36
60 69 44
57 61 57
59 18 78
6 78 71
22 9 7
5 29 12
20 80 54
28 60 1
6 16 62
66 4 78
81 53 61
44 39 34
18 29 76
56 55 65
71 11 72
20 16 30
37 42 78
24 10 4
67 29 34
41 80 58
25 69 55
43 23 2
5 5 57
53 66 72
77 80 5
56 53 36
12 82 26
70 2 6
40 75 78
42 10 15
75 30 58
79 26 61
15 42 65
69 32 48
40 42 74
36 82 61
9 29 32
50 15 75
26 68 10
17 15 77
49 74 57
30 29 21
49 41 21
42 35 13
60 38 25
28 57 74
62 12 64
66 54 57
6 6 41
58 5 14
77 60 9
59 38 40
38 56 38
7 44 78
20 31 22
30 15 32
44 44 23
36 34 24
32 5 62
6 32 13
8 47 22
70 78 69
20 58 2
62 29 70
38 56 64
11 24 7
28 31 11
29 68 14
12 6 7
18 1 8
19 1 5
25 60 46
14 71 16
5 7 69
40 42 12
12 48 38
8 78 63
81 71 18
58 2 61
74 10 76
64 10 50
47 63 8
54 70 47
21 64 67
58 24 13
2 72 35
80 81 51
6 70 2
5 82 23
40 39 48
74 66 15
66 24 1
46 19 81
31 27 52
66 38 52
35 18 36
81 77 36
3 78 69
35 74 22
7 60 44
82 27 48
70 22 19
14 68 49
54 27 2
47 36 79
27 51 69
31 65 63
48 5 41
78 41 38
3 27 13
71 57 45
80 8 31
62 62 26
72 51 44
18 36 28
45 55 22
25 25 48
75 22 40
81 6 73
49 14 34
8 37 64
47 20 29
1 80 13
53 10 59
36 50 29
66 44 64
11 82 45
61 32 42
40 31 63
17 39 51
27 55 4
69 7 60
44 44 81
6 63 69
8 67 73
53 16 51
64 63 11
80 13 10
46 55 76
5 21 80
66 2 31
71 31 3
20 37 30
38 45 10
8 63 70
23 56 20
33 67 31
2 59 46
33 38 23
70 31 52
13 39 49
60 61 59
34 1 4
6 18 67
25 18 19
22 39 33
39 73 65
14 19 79
46 70 71
28 39 55
42 38 4
30 78 18
33 15 19
61 15 10
64 52 58
8 7 64
6 5 64
57 46 73
80 7 73
6 1 70
62 77 30
42 33 10
9 43 13
35 51 46
56 38 64
49 67 24
79 10 62
60 27 66
25 28 35
54 55 50
59 22 73
6 29 64
13 35 52
50 22 69
63 44 48
78 74 77
76 76 33
46 39 51
64 14 24
56 38 35
11 44 56
48 60 74
66 50 26
44 1 74
40 7 34
63 5 37
45 56 75
42 12 46
74 58 16
39 1 27
30 64 63
46 10 67
40 31 74
66 56 6
60 61 79
50 82 16
50 43 6
37 9 5
58 24 8
66 5 50
73 1 62
21 47 73
76 54 59
13 28 12
29 21 26
59 27 70
51 77 1
16 63 63
76 68 35
46 78 14
58 45 82
77 61 37
37 59 18
60 80 6
3 66 66
18 82 25
37 82 33
11 27 62
22 15 31
44 19 63
47 2 51
63 21 42
45 67 79
80 5 10
15 4 23
55 11 47
52 72 79
56 2 72
38 6 46
50 65 15
59 24 22
19 57 13
29 37 71
55 72 74
4 66 62
3 25 18
16 33 73
79 82 46
63 24 42
56 30 35
3 66 65
53 66 5
28 33 74
1 33 6
20 61 61
32 53 52
45 55 39
29 19 61
65 10 47
48 2 28
3 37 56
21 66 54
52 17 54
20 37 11
32 55 38
26 48 27
69 57 5
48 4 79
35 79 81
61 34 46
47 47 7
16 67 51
37 34 80
41 4 69
26 47 67
34 37 5
63 34 43
53 3 47
42 82 65
13 82 25
15 11 44
22 53 44
36 61 7
68 73 15
31 21 26
62 44 15
65 29 45
73 71 29
22 45 15
65 37 79
70 59 67
70 24 2
69 6 40
47 77 37
33 18 70
7 33 21
51 58 75
19 75 5
22 23 16
53 27 48
8 23 43
82 73 80
80 69 31
24 52 50
63 75 50
8 5 12
77 60 25
46 48 44
63 37 42
37 36 58
2 51 40
36 73 43
67 53 30
18 21 75
15 66 9
34 13 19
20 4 22
79 76 15
10 7 62
33 5 7
71 57 45
81 13 52
34 50 72
43 1 48
45 19 1
7 43 50
81 57 22
75 2 10
48 13 68
65 51 75
59 78 57
50 8 2
50 54 76
39 43 55
15 2 16
78 6 54
75 74 61
77 58 9
49 75 1
74 5 26
62 42 17
44 76 78
22 62 28
15 42 48
53 19 40
77 13 13
24 32 26
80 4 10
35 14 53
11 80 26
81 2 78
9 13 35
19 28 63
60 9 75
50 55 5
70 41 39
20 50 15
15 50 13
37 62 68
28 81 28
60 27 21
1 13 67
36 65 46
37 60 81
59 67 79
53 40 19
30 19 74
68 22 34
21 75 19
38 15 38
53 54 24
48 61 1
2 40 41
67 20 26
72 62 72
17 5 72
4 8 69
21 74 45
57 46 17
75 23 41
72 15 7
72 2 63
43 69 65
37 53 51
57 26 50
8 68 81
73 15 25
51 46 41
44 52 2
39 74 51
76 25 2
3 9 74
64 9 62
15 3 56
17 21 31
69 80 5
65 9 30
42 32 6
60 57 23
38 6 29
41 67 76
6 55 79
42 18 26
39 42 37
59 22 70
10 20 69
46 81 82
76 55 42
31 33 78
44 55 42
9 56 1
52 63 46
54 21 60
75 2 20
62 51 28
7 74 25
58 36 64
18 43 14
42 14 20
26 68 66
11 44 13
25 67 16
12 33 5
50 1 77
30 72 30
6 74 52
52 80 7
58 9 46
10 18 6
56 15 55
56 7 74
79 25 69
21 42 40
60 18 8
10 42 81
33 32 41
76 8 65
31 34 41
55 58 33
75 75 82
6 35 45
7 36 73
11 56 26
16 50 64
72 51 10
70 70 50
53 58 35
46 59 49
5 66 3
52 15 50
71 26 18
28 4 74
26 56 55
78 58 70
24 20 81
45 2 40
44 58 43
37 71 33
21 10 18
57 21 1
43 7 73
38 32 24
24 7 37
23 42 12
37 79 13
72 7 73
22 51 30
19 82 43
12 3 3
44 53 64
66 13 21
10 2 47
37 8 42
69 80 78
33 46 77
9 44 34
49 64 3
69 22 35
24 44 7
13 68 7
44 1 30
57 79 35
6 28 58
29 48 63
76 21 20
62 25 20
58 6 77
3 16 20
75 42 31
38 61 74
12 38 19
58 75 49
56 72 15
25 47 33
1 36 14
57 27 49
7 2 51
43 52 46
44 21 55
14 49 39
19 39 26
18 44 62
18 50 28
53 12 4
48 50 45
82 74 39
33 5 60
14 51 2
9 36 22
19 47 12
21 34 61
77 64 67
28 48 72
53 15 34
70 62 3
9 35 22
64 2 57
70 57 24
52 57 2
17 44 25
22 33 75
28 61 68
32 46 7
79 21 55
20 21 55
12 53 40
24 4 27
48 22 26
62 39 56
52 5 77
26 33 73
34 29 67
82 13 32
17 32 28
10 66 10
72 65 58
82 17 18
25 76 41
67 51 54
60 28 50
12 19 33
2 1 51
60 77 41
17 43 42
15 19 44
58 80 32
26 60 1
25 69 65
35 52 33
75 80 13
73 28 1
62 17 74
66 61 52
38 24 8
14 33 60
55 35 78
66 9 42
53 30 81
39 20 46
22 10 70
12 69 24
15 17 20
78 43 52
11 59 68
53 43 48
3 29 50
19 76 31
30 9 5
4 69 79
13 51 19
26 71 66
70 36 24
2 70 41
2 1 3
9 54 38
48 66 41
46 20 32
32 20 24
3 26 67
9 79 60
34 29 47
82 46 60
12 44 73
71 43 19
13 45 2
73 19 40
71 33 2
47 56 18
56 27 16
57 59 50
51 48 46
19 43 75
17 40 52
38 13 46
79 37 39
74 69 22
75 69 71
13 46 2
27 26 57
27 15 81
34 32 82
15 19 72
80 43 74
71 75 63
3 61 22
48 7 37
21 57 21
70 5 21
28 57 40
30 50 38
78 21 59
10 57 72
17 72 62
72 35 56
42 73 10
34 61 64
3 45 31
72 50 9
49 35 29
16 22 53
20 4 56
36 5 42
20 39 25
60 51 39
37 13 55
15 80 67
8 23 55
36 51 29
42 79 53
59 64 5
60 8 38
34 81 18
27 63 76
44 8 47
72 5 22
59 42 41
29 34 28
18 26 58
28 72 78
23 57 51
78 11 71
19 51 4
65 71 32
44 53 54
11 26 13
69 41 28
23 33 78
61 9 59
48 30 64
81 21 58
76 9 69
47 1 13
62 17 28
77 23 31
20 11 9
67 75 25
20 78 63
30 31 8
65 20 64
62 45 13
42 75 52
55 52 55
38 32 1
37 42 29
73 42 24
11 22 68
41 17 61
37 79 72
67 37 12
48 79 50
38 35 50
7 42 70
10 25 61
32 45 26
10 61 6
70 14 38
29 46 71
19 75 55
65 35 69
38 65 7
35 11 33
45 27 16
36 72 46
62 59 51
3 20 29
54 12 67
10 44 22
10 75 3
75 63 15
74 72 29
77 10 64
55 55 9
38 1 68
10 8 72
67 49 44
43 37 1
31 7 10
79 4 53
9 70 55
6 81 15
78 72 11
16 60 78
45 16 48
6 40 22
28 25 24
70 79 17
25 75 33
39 52 46
5 57 68
49 51 46
41 70 72
43 63 81
2 37 73
65 80 49
36 50 13
50 2 18
1 15 13
65 8 3
38 41 60
55 64 7
39 81 29
37 11 46
16 40 58
8 21 1
28 12 58
66 36 59
53 73 82
16 21 74
3 34 12
30 32 49
82 53 74
23 66 80
59 66 37
45 75 1
12 55 49
53 17 57
81 8 28
27 13 51
53 5 24
24 6 31
48 62 57
13 43 5
41 12 76
53 70 55
62 71 64
44 25 32
48 32 4
62 75 56
20 35 28
42 62 65
67 46 55
63 41 70
25 67 33
70 12 15
70 37 5
42 45 35
59 26 41
7 50 74
70 74 60
59 16 38
66 1 29
60 3 80
77 20 49
75 52 1
61 73 69
8 50 31
7 63 34
38 19 48
69 72 40
43 48 40
68 42 25
18 16 35
36 15 56
13 63 57
43 79 74
35 21 58
77 29 53
76 76 32
58 12 42
30 81 31
6 56 43
14 12 44
6 55 34
51 3 18
27 82 19
54 10 4
38 43 3
8 67 45
43 65 35
64 20 1
16 20 61
17 2 76
34 81 65
24 39 56
50 54 2
60 9 51
73 13 14
34 50 63
35 5 48
39 35 34
21 6 40
53 82 5
23 4 48
34 6 31
82 66 23
13 28 64
27 64 36
71 42 35
19 5 43
39 73 42
74 47 40
27 24 17
67 74 16
6 45 81
69 61 43
18 62 1
28 9 40
7 36 16
2 14 13
54 75 76
4 21 51
64 73 4
42 11 41
56 37 10
36 62 69
2 50 21
33 34 67
22 13 62
71 14 4
34 2 4
46 41 37
26 15 63
64 2 8
67 6 66
52 11 70
59 14 27
37 40 25
29 43 73
72 20 12
21 14 71
70 55 9
26 39 43
56 79 20
26 60 71
76 3 63
33 32 12
54 6 60
76 53 15
2 32 67
64 55 72
55 3 4
21 45 6
26 14 38
66 29 37
33 11 17
68 1 74
43 33 71
29 76 70
33 11 44
78 61 81
65 7 69
73 22 23
62 23 25
12 66 2
40 60 63
71 2 17
50 68 31
52 76 65
9 43 55
70 65 32
37 80 34
59 59 43
81 25 27
32 38 1
10 25 58
19 32 82
22 18 81
12 10 75
13 67 70
73 23 47
75 22 70
41 40 15
24 12 63
68 54 78
51 7 45
43 60 45
8 82 78
59 81 61
11 72 9
76 17 79
29 61 14
25 12 56
47 29 38
26 46 5
20 68 48
25 74 62
27 20 58
5 64 55
54 43 11
41 76 77
65 19 32
78 61 24
32 37 63
17 61 29
30 57 79
60 10 69
78 4 11
50 40 17
41 25 71
7 22 40
75 74 63
69 15 44
56 28 57
17 54 80
34 36 51
57 32 78
67 37 72
65 73 41
78 8 3
27 44 9
68 6 27
31 56 5
43 35 11
31 3 61
25 82 24
24 24 34
57 39 73
69 75 5
64 68 5
22 76 41
51 39 79
54 29 29
14 37 63
63 10 45
9 4 70
62 15 16
74 76 15
20 1 24
23 10 52
16 15 33
75 15 63
41 55 72
42 70 58
55 21 44
31 9 20
21 3 28
58 31 46
35 8 75
44 30 19
77 68 65
22 9 19
6 50 66
11 52 52
60 34 13
33 24 2
5 79 81
61 6 21
58 52 43
11 69 64
60 11 22
36 37 10
8 20 75
39 21 17
40 15 16
14 17 40
58 70 77
67 34 39
64 18 60
43 34 11
10 57 19
52 24 63
53 13 15
9 16 35
55 31 28
60 26 63
59 15 67
18 25 22
52 31 30
72 70 58
46 53 24
72 3 4
75 69 19
80 65 10
70 40 10
22 46 66
78 33 25
48 75 61
74 55 63
66 81 18
14 45 54
74 45 37
49 27 33
41 30 10
2 51 81
72 35 77
44 53 18
69 70 50
76 49 9
36 13 17
62 14 43
38 66 19
58 19 26
3 78 80
38 51 4
37 5 2
76 61 53
76 55 20
60 1 74
33 49 76
72 75 64
69 6 53
67 24 52
70 77 19
79 1 5
79 17 65
9 24 16
31 35 47
79 8 74
25 3 67
19 40 17
9 35 73
70 54 66
22 26 12
31 18 66
7 10 71
77 7 13
25 14 3
40 52 14
81 74 71
28 26 5
69 27 74
26 64 20
36 70 25
36 46 25
22 46 25
30 3 61
19 60 66
48 31 44
57 38 80
27 55 25
32 52 19
50 23 4
65 29 82
38 81 33
65 19 25
49 55 36
50 42 77
3 60 65
45 50 79
82 27 36
58 46 46
28 59 46
38 45 15
74 30 39
42 7 49
34 77 4
14 38 44
18 29 71
71 68 80
80 7 35
8 11 47
26 50 3
52 47 11
34 13 2
44 4 45
44 60 63
68 49 80
61 11 52
64 12 81
14 41 14
69 60 38
38 69 46
2 8 17
50 69 40
78 47 23
36 46 5
39 69 46
1 40 3
77 29 21
42 28 38
59 65 29
51 29 69
74 82 22
65 16 54
50 30 78
82 70 36
76 64 73
38 43 29
5 29 56
66 56 44
74 7 76
66 24 10
36 15 66
37 63 77
48 42 57
17 69 42
30 63 74
14 25 64
5 5 41
35 71 32
54 48 59
81 50 22
72 28 15
79 60 62
74 44 21
64 73 28
52 58 50
46 13 39
58 38 5
36 76 81
14 26 82
15 44 64
46 6 22
6 34 15
41 60 52
64 25 73
52 38 45
52 60 56
41 51 34
66 44 14
66 2 36
44 56 9
45 60 26
50 71 59
74 21 31
75 82 30
50 80 79
58 45 53
47 75 18
64 26 78
21 74 73
68 9 29
53 19 45
15 43 72
51 77 72
80 68 65
3 65 68
65 65 11
54 58 68
42 19 14
17 76 25
8 59 68
37 71 1
33 51 67
52 8 58
2 49 6
29 75 82
57 61 79
17 19 46
75 55 18
12 58 38
50 25 48
37 70 75
74 4 36
22 21 42
46 14 21
1 15 73
74 15 29
60 13 80
10 82 60
2 26 8
81 21 80
81 53 25
32 10 29
72 73 30
65 46 8
56 58 73
4 35 28
64 70 69
1 32 23
49 79 68
77 33 75
30 46 29
66 68 50
28 26 44
40 14 80
48 23 62
61 53 9
28 53 20
58 72 81
79 34 73
47 79 67
20 35 23
31 63 75
50 24 69
29 42 16
7 3 50
24 3 4
37 54 44
60 20 13
19 13 48
21 10 30
4 59 49
52 24 78
3 25 46
32 43 61
63 14 19
59 6 16
34 79 28
54 81 73
33 17 1
48 6 36
40 30 74
18 31 21
37 31 49
28 22 70
38 58 31
4 20 51
28 30 70
50 23 72
69 50 75
59 24 5
55 79 73
57 36 55
9 17 79
58 4 77
28 68 23
14 51 13
33 78 76
11 10 5
15 12 70
5 71 21
73 19 34
16 61 80
24 57 32
49 17 31
51 71 18
31 80 27
17 30 57
17 71 39
12 62 73
49 7 80
15 31 4
80 51 24
72 20 4
3 21 65
57 28 54
73 64 47
67 66 45
30 4 56
44 9 6
82 36 22
12 8 65
34 21 44
34 79 1
40 68 28
30 10 55
16 47 25
28 69 71
10 67 56
62 66 75
81 63 44
21 34 67
52 25 69
77 27 5
78 7 69
14 42 40
78 12 59
77 69 41
44 69 5
25 50 74
19 69 4
14 80 38
49 22 76
11 65 57
57 6 49
77 78 59
62 27 38
75 80 29
23 78 14
56 81 54
32 71 49
31 9 78
82 21 3
4 53 41
53 46 43
70 9 78
11 46 18
54 32 36
26 78 41
59 74 80
13 65 39
21 50 53
66 27 67
66 50 37
4 1 73
10 32 66
22 37 4
11 80 45
35 23 59
24 48 44
3 12 21
5 70 13
53 16 82
28 34 22
77 71 14
56 57 32
26 50 55
58 6 72
47 2 78
70 31 48
37 11 24
67 1 72
72 67 52
80 9 6
35 61 11
20 46 78
1 13 26
79 17 9
19 82 79
73 81 25
27 72 1
28 59 30
35 66 75
57 60 14
61 61 6
28 1 46
1 14 81
21 70 66
81 17 55
80 37 11
57 31 50
51 4 4
82 41 52
69 13 35
16 4 13
2 30 40
23 39 17
60 44 4
57 33 75
51 34 28
47 28 28
4 18 78
55 72 75
74 77 31
67 29 11
68 66 65
71 30 49
64 33 60
41 16 78
20 74 77
32 49 74
51 58 48
56 31 9
42 10 66
35 49 8
38 6 38
50 74 2
33 11 69
76 8 71
59 31 8
60 27 53
68 39 61
57 59 31
32 76 67
29 24 45
16 10 25
24 20 38
64 65 3
79 32 58
57 27 29
50 36 14
6 31 78
52 66 23
4 71 57
75 66 44
58 6 4
75 77 81
54 7 41
80 19 4
53 76 73
64 56 27
3 38 74
45 39 20
51 30 43
68 72 28
20 46 17
32 47 79
6 8 72
72 53 54
46 22 31
76 73 65
68 16 77
75 25 27
19 28 53
76 53 11
49 8 44
27 38 15
48 67 15
50 2 32
52 56 31
4 5 57
37 65 46
14 82 49
76 13 53
6 71 76
41 2 38
67 80 40
81 64 23
30 36 36
30 34 17
32 30 8
47 70 19
2 17 62
6 9 22
32 62 16
1 49 36
45 4 76
70 30 39
67 55 3
30 14 1
46 38 75
8 40 80
52 10 54
79 64 51
35 21 38
25 23 53
42 72 6
67 41 36
82 66 51
11 7 31
68 18 7
11 35 30
5 36 34
59 28 54
39 46 39
35 68 52
27 9 34
47 26 26
49 54 76
5 47 48
55 59 28
62 15 34
54 33 15
56 54 18
47 14 16
21 15 21
9 67 21
43 60 72
70 53 46
55 26 49
27 79 13
8 36 55
33 52 23
8 13 24
54 64 63
21 55 60
31 10 60
81 45 13
55 7 56
28 12 73
10 28 21
33 58 68
57 7 63
47 1 80
25 5 71
64 56 51
64 57 1
23 20 53
57 80 37
78 75 15
18 35 2
2 16 48
63 79 64
56 64 67
63 40 37
11 37 53
77 69 57
33 35 20
20 1 68
61 12 55
62 46 63
74 37 1
80 3 39
22 35 8
44 52 66
33 36 75
39 77 9
58 78 60
55 54 61
6 30 37
24 40 26
22 11 56
64 56 27
32 51 21
79 17 19
76 6 47
53 63 14
81 59 19
27 62 15
76 1 9
77 25 27
71 10 62
81 57 37
55 43 75
73 7 54
74 39 10
44 64 73
57 63 75
10 77 24
63 56 22
21 57 63
75 24 45
18 68 14
28 64 51
48 58 24
3 44 76
26 28 50
32 28 17
76 22 54
74 39 24
43 66 63
55 17 51
10 13 35
73 39 26
23 65 45
81 41 51
66 3 73
60 68 33
15 8 64
70 74 2
50 25 65
65 13 44
36 64 15
70 11 36
65 52 60
19 11 7
55 79 15
82 12 36
42 48 75
81 71 36
52 4 73
1 19 74
77 78 20
38 81 44
22 45 50
15 73 63
60 68 32
58 31 33
47 50 28
18 33 41
33 8 30
39 16 20
1 81 5
44 53 21
32 76 39
28 49 3
45 34 30
60 18 47
81 30 52
78 60 39
9 4 30
52 66 33
61 66 77
79 17 24
55 63 29
64 63 38
32 24 28
45 3 51
34 26 24
23 9 9
53 63 51
49 76 55
51 58 31
53 16 1
58 58 32
65 40 32
12 40 82
15 77 43
40 37 50
53 10 39
70 27 48
43 66 78
58 2 40
59 66 73
80 64 77
80 3 34
51 6 29
68 49 56
4 79 27
60 60 71
41 21 70
23 50 36
13 43 30
63 6 37
5 16 65
35 56 75
43 67 34
4 43 64
50 6 25
50 37 48
27 5 7
48 17 13
22 35 27
46 57 74
64 53 25
50 59 74
39 52 15
66 3 34
69 42 63
48 41 80
56 65 9
55 23 82
76 67 57
22 66 59
20 8 30
40 61 49
62 60 3
49 8 8
66 28 39
51 31 59
63 15 46
32 26 10
42 43 3
36 4 34
14 82 60
42 76 67
58 20 21
54 26 74
63 62 43
39 37 75
27 18 57
56 54 36
23 48 76
18 11 3
49 36 48
82 3 70
9 59 63
73 31 22
44 76 64
66 54 27
11 35 68
19 23 21
63 50 6
60 43 60
49 23 30
66 70 45
11 62 43
6 3 13
29 19 65
4 21 59
21 19 30
54 21 52
61 13 25
14 53 12
26 8 40
71 76 40
41 80 76
48 21 13
77 77 67
80 69 17
65 36 30
24 12 23
74 75 63
42 52 52
8 13 47
81 65 69
30 37 10
68 29 38
8 47 16
74 61 54
26 78 31
18 82 37
35 60 71
38 26 33
29 13 76
48 34 5
42 28 14
71 34 30
65 36 38
3 30 10
69 13 34
7 21 3
25 33 72
64 30 63
23 62 32
16 68 6
23 50 65
67 25 63
32 49 70
52 4 81
12 68 76
59 61 22
66 31 62
61 37 36
15 1 36
20 48 81
29 67 43
51 12 58
19 43 29
80 40 53
67 27 16
1 81 33
66 77 17
3 63 31
78 6 23
36 57 4
13 68 26
18 39 74
64 73 26
51 18 35
6 2 26
2 40 10
55 55 64
33 6 76
78 74 10
9 80 58
47 55 3
3 60 3
70 25 59
9 9 3
48 37 40
15 57 38
61 66 9
75 19 21
75 68 22
80 82 42
12 81 4
82 14 69
11 9 16
56 6 46
63 75 63
22 31 69
49 48 9
58 49 3
36 20 30
35 19 76
52 11 59
42 78 64
40 46 31
6 11 79
9 22 1
22 68 71
8 46 37
14 19 13
41 65 68
21 82 4
41 6 81
75 25 48
10 76 27
41 72 38
25 37 52
10 73 24
42 70 66
56 23 32
23 21 44
16 45 15
7 48 48
25 15 78
61 31 29
42 76 4
59 48 6
12 75 57
42 71 2
55 80 66
42 54 43
31 25 42
80 27 82
57 37 22
71 74 60
32 69 45
53 70 29
51 39 27
6 31 3
43 5 37
18 40 50
68 35 80
13 61 34
80 74 37
55 44 35
77 20 47
14 7 40
11 16 18
49 28 74
16 21 27
19 79 77
21 1 56
59 33 48
35 5 36
30 20 1
22 30 67
7 82 40
15 59 80
54 60 6
72 39 12
49 49 72
12 34 14
76 5 48
59 39 73
46 5 17
57 36 9
22 9 30
7 23 57
68 5 24
63 41 29
57 54 72
21 27 20
28 74 45
7 2 28
63 37 24
54 38 75
65 54 39
42 8 48
32 60 14
12 76 10
23 22 13
27 69 5
39 46 54
47 25 38
31 29 60
70 23 68
11 54 56
40 76 5
62 5 50
79 32 62
47 42 14
61 28 81
73 42 12
75 15 58
71 4 65
60 43 59
76 81 43
31 12 39
24 42 75
53 52 33
30 12 47
10 53 45
50 43 26
44 18 20
2 52 65
3 67 33
54 22 43
58 46 40
13 75 21
67 69 26
65 44 64
81 20 49
2 8 33
10 6 34
54 44 31
58 70 66
38 35 62
38 77 25
81 27 14
20 57 77
26 55 21
55 19 8
38 11 55
61 56 78
17 17 67
59 52 31
45 24 78
82 71 23
47 58 65
3 75 21
45 63 57
26 66 16
48 58 9
31 42 41
26 1 5
68 7 48
69 25 12
16 60 74
76 28 34
42 69 34
39 17 33
46 55 58
72 72 61
82 8 60
19 50 56
72 4 37
57 70 46
29 62 18
42 40 47
29 28 29
58 79 71
69 16 15
66 53 7
64 53 31
12 54 9
72 17 77
4 10 37
41 42 1
68 79 69
66 18 5
17 70 32
7 53 40
19 1 29
56 14 34
38 40 42
78 79 70
36 38 61
37 35 59
80 80 53
50 52 35
4 74 70
49 41 66
35 27 52
20 63 1
75 30 50
57 52 45
42 79 54
1 79 56
49 34 10
29 16 21
64 31 19
36 52 39
22 13 36
61 20 79
46 80 3
73 46 19
72 67 58
20 30 56
77 2 35
69 76 23
17 52 21
21 79 7
26 9 58
63 5 55
47 45 8
76 63 60
11 81 82
35 5 72
42 45 56
10 26 42
9 17 73
79 39 50
60 13 54
58 10 77
47 11 33
5 35 48
80 37 56
57 64 35
65 8 21
7 75 69
13 42 51
16 72 57
25 36 53
52 54 57
43 4 59
66 79 60
68 75 44
43 24 45
5 32 42
8 73 53
54 18 44
42 43 51
32 13 68
34 6 19
8 65 63
21 42 46
20 49 10
58 22 37
29 21 19
70 72 14
33 58 38
15 72 40
14 49 11
56 80 37
66 80 40
57 65 54
67 47 25
5 1 42
30 37 60
74 33 47
67 22 81
9 58 48
48 22 1
20 74 37
10 17 75
10 21 71
3 27 68
11 55 60
43 74 70
42 79 16
59 33 47
14 77 43
7 27 43
58 34 8
75 48 75
13 57 69
14 46 2
37 36 81
4 49 67
64 66 62
30 70 62
49 54 76
41 55 66
81 65 51
33 12 8
81 55 66
31 43 56
22 53 49
4 30 34
76 54 38
36 44 13
49 81 62
68 81 34
78 17 6
34 62 79
72 57 36
58 67 38
59 72 25
19 35 58
56 18 43
72 81 50
71 5 39
58 68 16
14 11 11
76 52 49
77 44 76
41 37 60
42 4 34
59 29 2
58 35 25
55 35 1
33 27 10
59 17 59
64 40 12
4 66 40
8 20 61
56 26 38
47 32 72
79 28 7
56 16 78
20 28 47
47 58 72
6 68 22
64 78 76
14 57 44
59 5 17
62 80 69
10 31 82
31 21 63
62 43 68
43 22 73
74 32 6
12 31 21
32 6 62
49 11 44
63 11 25
28 29 61
13 13 45
66 1 20
46 32 73
27 10 53
69 43 2
72 13 9
26 5 39
72 28 35
28 54 47
62 58 26
69 76 29
77 60 46
73 72 4
79 17 10
80 19 74
42 37 65
69 68 68
59 62 36
58 66 28
61 10 2
79 7 21
54 57 29
82 58 19
76 40 37
30 73 67
36 66 44
38 78 38
40 76 67
61 78 21
37 38 12
52 5 51
31 80 45
23 2 32
37 50 47
29 74 26
45 77 40
12 46 53
60 17 11
3 45 76
68 60 50
52 8 61
48 33 16
17 48 12
65 35 61
69 43 56
14 37 27
61 20 59
72 37 58
46 27 40
11 45 29
81 53 75
8 65 64
6 10 17
24 51 1
44 20 51
64 73 42
51 9 5
65 54 80
11 54 14
2 51 54
15 10 63
45 68 4
50 72 21
58 41 57
15 9 20
82 66 52
20 7 21
32 5 19
5 28 8
1 62 29
53 63 81
80 55 54
52 45 30
72 72 59
55 71 2
30 3 23
40 21 74
64 63 19
28 78 77
78 64 12
42 72 20
35 21 50
9 6 47
36 43 38
1 75 37
63 15 61
50 4 13
16 64 76
47 53 49
1 47 65
57 66 43
3 47 33
54 76 42
80 47 34
35 61 15
8 25 8
47 24 82
29 62 27
17 7 48
66 17 65
4 25 40
30 45 16
64 3 43
78 6 34
56 58 25
39 53 27
46 51 80
63 19 59
18 32 77
48 53 14
67 3 54
47 25 11
49 28 16
78 41 20
38 39 61
11 76 23
51 35 75
16 4 73
6 12 12
13 9 31
31 62 58
56 78 77
61 67 36
26 59 61
69 70 81
23 58 65
10 55 41
13 76 28
7 76 30
47 8 13
45 25 79
1 18 76
50 63 73
77 24 52
5 23 13
43 53 16
17 16 75
53 4 32
52 28 72
52 66 43
60 24 75
75 51 61
56 3 58
68 20 19
18 37 72
78 4 62
40 68 35
12 7 40
17 68 6
9 41 57
35 65 37
72 28 17
33 12 22
31 10 63
74 35 27
35 81 51
39 22 68
79 47 33
20 12 8
20 31 35
15 22 55
24 61 35
24 52 2
9 13 28
72 34 32
56 25 39
26 58 73
39 66 65
38 68 9
67 17 10
33 24 1
15 15 59
1 78 64
67 15 66
82 40 64
71 71 33
50 74 31
29 20 40
24 4 27
81 63 75
67 47 14
2 78 72
71 31 52
10 12 79
54 46 62
55 15 54
50 2 54
61 82 24
77 30 41
14 3 78
7 82 65
48 13 27
16 42 51
44 35 50
67 13 48
40 77 19
4 5 64
71 78 46
7 37 46
58 20 23
9 37 4
67 19 63
26 62 27
73 24 70
33 50 49
47 43 79
66 76 45
35 22 60
36 81 69
18 24 4
47 19 42
67 24 14
52 6 38
78 11 9
6 57 19
43 3 6
59 27 34
61 18 46
70 39 25
3 27 46
68 70 30
42 22 66
56 7 35
75 9 6
75 71 31
66 6 82
60 45 80
68 33 66
29 11 59
46 18 79
33 78 46
62 41 40
78 19 65
62 32 51
17 22 39
8 70 7
30 79 39
74 33 59
29 33 21
62 58 17
53 54 7
52 35 60
20 21 75
27 35 22
66 42 14
48 47 75
37 34 34
13 1 47
69 30 53
34 37 20
54 64 29
41 36 80
30 33 7
3 20 79
4 28 35
72 15 53
75 33 47
73 30 79
47 32 24
33 55 70
15 11 57
65 28 24
1 67 69
57 12 69
48 59 44
38 46 60
68 43 55
9 58 40
47 30 12
73 34 51
39 27 29
24 35 17
54 14 15
75 51 41
77 36 69
40 54 26
64 28 69
3 58 44
46 58 1
78 48 73
41 7 64
16 28 38
40 51 18
24 26 56
57 69 29
34 71 14
82 75 8
7 46 51
77 68 37
34 64 67
28 57 6
2 19 15
31 81 21
71 11 42
15 75 20
46 5 62
13 64 22
46 36 22
19 63 5
38 10 69
34 26 39
22 12 8
49 18 12
53 79 51
44 12 69
26 5 76
42 15 1
54 58 37
10 43 71
71 28 12
33 67 82
11 72 51
41 30 52
13 79 62
21 8 55
58 3 37
57 7 25
8 63 70
14 76 40
41 69 38
7 59 54
12 28 65
41 31 37
34 42 70
28 82 5
79 68 33
70 41 65
9 11 20
65 50 14
50 1 21
42 15 15
33 20 42
76 45 82
17 14 48
32 60 60
16 55 44
48 56 39
42 62 49
3 28 30
59 61 56
51 19 36
1 54 52
66 63 11
63 43 2
17 15 77
19 82 29
7 25 61
29 17 27
79 59 27
21 63 30
22 53 70
25 65 46
17 42 73
65 27 67
53 80 11
21 3 8
12 7 68
7 31 33
24 48 37
8 63 15
17 41 72
81 29 46
38 71 76
35 68 10
65 53 9
26 81 52
52 31 45
23 40 41
60 43 50
8 61 12
15 63 5
52 9 69
20 69 8
3 34 10
41 60 70
1 57 28
56 55 78
50 48 23
10 51 1
72 48 22
72 48 1
20 64 58
71 29 65
66 71 60
43 26 69
45 15 70
81 52 24
54 67 73
28 76 77
47 29 41
34 41 29
27 34 44
19 43 43
42 28 27
25 68 24
75 43 6
17 10 7
18 44 72
29 1 52
20 63 81
55 17 14
37 73 8
41 41 60
67 51 39
70 25 7
51 26 64
80 12 60
35 40 32
47 21 12
49 6 6
67 27 1
69 31 49
28 13 16
38 22 38
27 17 31
33 32 67
50 40 82
27 24 56
53 18 12
9 71 12
21 5 56
47 21 76
52 64 11
17 10 22
35 65 40
69 1 78
33 54 16
76 41 24
60 75 11
74 34 36
59 56 74
32 19 54
36 55 77
49 78 44
2 43 50
82 80 77
35 13 17
30 22 54
22 43 58
58 42 58
6 19 66
2 57 77
39 1 10
28 33 6
13 50 48
32 30 48
53 22 40
73 74 18
47 15 41
7 46 29
9 40 65
51 70 2
29 81 69
62 55 20
42 70 76
40 30 30
72 19 11
18 16 70
35 10 72
24 68 29
60 50 22
77 1 79
72 52 67
14 39 60
42 16 23
54 33 10
27 13 49
17 48 81
27 49 59
67 45 59
34 29 39
20 63 41
12 13 26
51 36 43
54 58 59
65 82 21
62 17 67
73 68 43
61 37 49
11 45 35
8 46 48
45 25 65
72 26 33
33 19 9
41 58 74
27 77 36
51 80 65
24 29 76
54 6 11
51 17 4
15 41 67
17 22 41
14 79 52
15 74 66
22 40 57
11 61 74
71 34 46
59 10 7
46 49 32
44 6 79
62 50 70
52 56 31
37 42 38
29 41 6
46 46 10
37 32 79
59 22 26
37 79 43
34 62 54
25 75 4
18 70 72
63 10 26
73 21 57
74 52 82
61 73 56
19 67 57
23 82 62
73 69 31
10 29 38
82 52 71
13 53 79
68 18 36
31 69 30
3 68 67
8 10 82
59 51 18
8 50 75
46 39 19
82 60 71
7 70 28
5 3 12
38 15 56
71 66 46
56 5 71
34 68 76
82 76 41
38 50 57
14 32 43
55 69 62
60 28 9
7 50 6
16 80 23
63 28 22
3 56 67
67 7 32
66 41 39
16 82 14
23 1 81
14 22 78
36 31 80
75 65 18
67 19 23
61 60 68
68 5 30
50 45 79
51 25 59
63 29 13
31 23 55
9 72 27
13 70 66
59 46 49
74 51 49
77 15 73
46 38 36
14 36 13
54 54 17
75 49 77
12 33 73
25 58 75
25 15 42
79 31 52
45 12 78
68 12 80
77 63 55
82 6 30
3 48 41
41 76 82
10 82 23
10 17 74
34 37 28
38 67 55
18 58 80
20 36 49
42 26 17
3 34 14
7 47 82
5 34 8
5 58 74
71 34 80
79 1 48
9 41 34
54 41 5
66 31 51
77 67 64
60 16 29
41 11 3
36 59 54
36 38 64
2 29 11
51 39 63
71 65 12
64 40 24
54 65 6
38 80 58
20 41 10
25 78 66
29 50 32
30 74 25
32 27 18
6 2 26
12 65 43
8 22 19
40 63 59
21 63 28
48 16 54
9 53 72
11 20 49
76 80 27
57 72 28
28 59 20
26 65 22
51 18 15
78 67 44
2 78 54
74 1 56
78 36 71
17 37 55
25 24 18
54 24 14
36 74 7
77 57 35
73 59 4
22 67 14
14 67 67
66 31 39
36 11 70
37 68 17
44 74 32
45 38 36
4 13 61
80 51 42
48 3 74
81 77 75
27 45 3
43 74 40
43 72 74
39 42 33
60 49 17
27 41 62
32 4 44
14 51 11
55 35 64
70 18 45
15 38 21
18 68 50
38 50 19
36 43 58
11 60 40
73 49 25
24 57 54
38 27 42
55 41 50
53 62 54
51 48 62
23 58 28
53 78 71
69 46 66
27 81 56
25 44 4
69 43 55
40 74 3
63 80 71
12 57 9
28 36 52
7 79 24
38 2 31
54 65 7
67 77 28
53 70 55
73 74 47
4 34 13
23 25 11
21 38 56
71 82 81
65 41 21
59 9 64
82 22 67
65 75 41
76 52 66
68 2 8
76 55 26
29 18 24
24 13 76
77 67 9
34 74 75
48 19 22
17 42 46
72 27 16
29 72 55
3 46 57
1 58 82
43 38 53
11 81 60
61 45 10
23 9 56
12 40 81
50 5 15
26 50 31
21 6 32
21 37 12
59 31 30
74 23 71
20 3 38
76 15 58
14 38 10
75 19 25
28 77 18
47 6 55
72 25 1
56 74 24
35 70 23
20 41 55
42 46 5
8 79 82
55 29 73
8 72 68
36 32 42
80 74 21
32 29 69
38 43 47
42 48 63
4 4 3
37 49 80
54 43 67
52 6 73
67 39 29
12 8 45
27 50 25
31 26 12
31 75 13
37 78 3
28 73 29
61 8 80
51 14 18
23 41 81
21 77 17
55 1 18
44 15 67
54 76 31
66 77 69
43 64 61
19 33 28
62 10 54
2 47 63
69 36 36
37 33 12
48 68 79
70 3 81
76 6 78
54 39 62
11 2 74
18 71 36
51 46 25
35 41 3
42 81 43
17 35 56
7 45 29
74 13 32
25 7 20
33 49 78
42 10 59
74 61 52
67 66 63
25 68 78
18 61 19
78 26 35
16 42 71
78 49 22
2 49 52
27 43 74
71 66 15
45 76 70
31 62 65
50 30 26
29 48 75
21 10 54
15 74 3
73 54 38
51 29 20
73 12 29
8 53 7
78 20 50
39 50 20
48 79 32
8 12 77
7 62 8
80 63 43
60 24 60
44 66 68
73 62 16
13 10 57
32 8 48
38 19 68
63 57 60
64 35 59
34 32 25
80 40 66
10 64 57
53 82 25
35 40 15
64 60 59
72 20 42
19 36 73
47 78 78
35 49 21
50 49 57
40 56 54
17 75 60
56 79 54
18 13 65
1 40 79
80 46 50
55 42 3
19 46 39
27 13 15
80 62 6
82 21 45
61 32 36
7 70 33
9 21 12
18 45 16
20 9 71
80 46 17
17 12 47
12 22 35
19 24 50
8 65 47
6 61 62
54 81 80
28 2 42
58 21 15
29 66 49
82 6 53
29 36 23
75 27 74
61 48 43
66 56 50
54 67 63
59 36 29
73 25 9
82 21 80
67 51 67
45 46 76
41 3 1
4 28 57
74 1 22
56 76 76
72 38 62
36 1 54
52 67 30
81 33 50
81 59 13
74 10 31
64 47 13
28 37 14
11 6 40
29 32 18
44 3 40
57 81 3
32 52 13
17 16 41
74 46 70
59 35 52
71 22 19
52 74 13
79 52 27
30 25 18
81 1 57
75 69 69
34 75 1
53 72 25
28 62 56
82 36 54
26 41 65
17 61 43
58 64 5
50 35 69
14 40 28
61 58 28
4 16 2
52 5 61
49 29 62
41 57 21
31 18 50
16 4 51
45 15 33
56 24 6
72 2 27
63 27 51
20 22 65
48 7 71
1 5 69
48 35 16
55 74 77
18 25 54
28 79 81
16 25 4
12 51 37
48 30 69
20 9 2
78 10 8
59 9 31
23 6 44
6 40 72
45 27 80
41 64 64
49 10 11
61 49 78
71 3 8
56 31 33
71 42 30
2 35 34
68 43 30
54 72 37
61 43 70
61 45 60
46 81 15
79 33 15
36 80 3
38 17 28
49 35 43
5 1 8
33 28 20
17 28 10
62 6 26
44 67 41
16 11 5
20 13 19
48 2 67
3 46 34
79 51 63
36 50 64
7 78 3
49 13 26
70 27 22
82 15 76
33 36 38
13 54 52
3 47 31
1 47 22
54 44 66
82 64 25
81 22 69
50 50 80
59 68 12
75 54 59
66 3 57
66 26 30
14 24 17
52 82 54
55 56 67
66 18 61
40 55 77
30 12 43
1 67 41
66 43 69
23 29 55
57 72 50
12 75 25
9 59 49
60 33 80
51 39 16
52 62 15
48 55 74
45 45 36
39 59 52
39 15 69
22 62 34
37 31 31
20 5 38
50 24 80
78 15 37
63 60 1
55 47 71
16 62 54
24 53 79
59 14 61
74 81 56
47 7 28
64 72 15
78 61 53
63 44 23
76 70 50
62 56 68
1 64 53
39 50 16
67 49 75
58 7 1
80 64 74
51 69 6
50 82 9
16 42 34
13 15 69
71 66 39
74 48 43
63 25 64
9 75 73
5 29 25
76 19 55
72 33 23
33 48 80
71 14 23
27 5 42
40 70 48
46 49 20
55 53 53
25 19 18
66 79 64
27 5 16
56 53 35
2 63 1
61 39 8
53 10 23
65 42 81
25 9 49
53 3 54
74 78 3
57 68 25
18 55 48
74 76 24
35 16 14
68 27 40
64 59 45
12 35 81
40 11 27
4 21 4
44 19 78
74 32 59
3 71 54
41 65 22
82 17 37
14 75 68
23 63 20
26 40 63
77 59 28
51 59 40
38 55 1
6 75 13
7 2 40
13 39 37
75 2 54
20 14 17
9 31 52
1 59 32
3 49 18
75 53 63
40 61 79
18 32 68
60 73 58
79 61 5
56 13 67
38 72 41
41 1 54
59 62 10
26 25 46
22 29 69
31 17 65
71 67 62
63 37 25
47 68 57
60 81 61
6 68 82
38 37 23
43 68 8
8 52 23
35 9 5
50 38 4
79 3 68
65 19 21
68 51 59
51 31 72
17 68 5
73 44 4
62 81 23
1 12 77
74 14 13
78 54 20
2 5 39
23 59 73
30 4 50
63 27 37
12 23 33
8 62 3
41 11 66
62 73 17
31 2 8
68 33 10
2 70 16
36 45 16
18 8 16
57 7 59
7 6 11
35 37 2
55 4 65
48 28 31
49 52 68
71 25 63
82 59 31
40 80 7
37 71 28
80 30 80
63 66 37
82 30 30
21 51 37
74 29 44
79 35 63
5 4 47
63 59 24
80 43 79
75 24 28
33 82 9
39 3 48
63 78 78
67 22 35
2 79 29
76 54 9
68 70 80
27 10 20
18 65 54
23 49 25
72 3 49
23 14 9
15 52 22
20 12 3
82 31 10
31 12 48
76 46 63
59 73 6
13 5 44
21 68 10
81 31 24
18 14 19
48 29 33
48 7 11
10 82 53
1 14 35
74 63 19
78 17 81
46 51 67
82 57 18
71 75 2
12 78 72
14 18 4
53 80 30
46 42 33
41 30 36
77 78 24
14 6 82
58 38 75
65 28 21
14 23 57
43 46 51
66 2 36
61 61 37
72 35 32
29 60 60
12 82 9
64 67 47
82 4 25
9 34 4
27 56 64
71 7 44
41 80 26
49 61 10
13 68 36
16 15 59
40 67 9
42 33 50
3 42 7
31 25 63
82 20 64
81 2 29
48 10 34
17 23 12
12 48 40
74 69 41
12 24 76
10 55 82
50 20 48
19 79 10
22 50 47
67 41 51
4 47 22
8 16 35
48 17 33
65 56 29
62 69 71
58 2 24
33 38 67
2 54 53
75 68 32
62 61 69
22 13 58
6 62 65
81 30 82
37 64 30
80 16 46
21 55 39
40 72 45
48 74 26
10 71 24
6 59 23
61 66 2
27 4 40
76 48 24
30 17 17
4 9 47
75 42 73
72 25 53
82 6 30
43 49 80
34 65 53
20 29 42
72 10 54
80 4 4
58 77 80
3 63 26
73 76 1
36 30 7
11 33 49
53 51 18
80 34 81
82 70 39
63 47 64
10 33 82
48 24 9
2 57 56
52 27 37
18 69 51
16 54 23
60 16 1
37 44 81
79 31 73
68 1 77
42 67 4
17 82 78
36 79 60
82 47 17
61 52 27
38 72 71
63 71 79
48 60 17
26 80 36
47 17 35
32 2 5
3 12 20
24 3 77
78 19 71
12 76 28
5 9 50
31 57 39
29 6 32
22 23 14
10 74 51
82 46 45
74 78 65
35 17 68
59 50 70
78 11 7
12 11 3
24 17 38
69 54 37
55 82 17
1 30 38
29 2 62
75 21 31
25 49 47
45 81 44
4 30 25
28 55 6
27 44 74
39 26 30
59 28 2
78 55 11
18 1 23
35 51 13
20 66 54
52 5 52
63 44 54
59 43 27
11 55 65
24 32 26
47 5 22
35 13 68
33 10 45
13 21 78
54 16 54
1 66 75
8 78 3
47 18 52
19 62 9
56 21 53
61 61 17
64 10 21
16 17 82
25 69 11
42 11 49
27 41 32
39 69 52
67 73 72
73 45 62
13 38 35
62 3 23
13 77 23
20 40 18
44 29 6
14 7 1
42 73 7
70 61 70
33 40 59
44 1 73
49 48 32
69 12 5
78 79 80
10 26 2
59 26 53
12 37 22
28 27 43
39 56 43
33 7 78
54 17 2
65 36 67
41 39 79
9 14 51
25 13 13
13 65 63
53 22 26
82 3 52
31 39 13
25 40 39
77 31 9
46 45 18
9 74 65
29 32 28
49 37 20
8 5 47
23 34 44
42 59 52
74 69 57
17 71 7
47 30 58
10 47 6
38 2 25
22 81 82
20 61 57
23 58 28
36 57 46
58 73 16
43 39 51
15 35 42
48 20 27
36 78 69
60 11 69
25 13 9
24 67 16
76 73 33
17 66 6
71 25 38
15 44 37
47 12 74
42 48 9
14 78 70
10 78 13
24 20 44
61 58 29
69 53 58
79 34 21
54 49 40
76 48 36
11 42 40
58 80 71
82 66 57
25 59 3
45 59 6
34 13 61
54 22 2
12 61 10
33 69 67
63 35 4
21 54 61
71 6 43
50 22 28
52 52 62
75 69 48
47 79 38
67 32 37
28 57 21
56 62 64
44 77 18
33 68 4
53 70 57
57 39 4
61 45 61
12 60 23
52 27 38
14 37 16
15 51 67
18 22 70
75 33 18
1 72 41
44 49 62
58 78 46
38 30 10
29 59 42
46 63 7
6 28 36
25 27 79
12 48 74
50 58 64
53 71 68
81 45 47
71 9 59
55 23 4
41 34 42
82 69 40
74 57 17
47 56 53
32 78 71
43 58 33
60 53 33
80 82 8
1 78 15
77 81 30
69 80 22
30 81 77
8 12 11
9 62 22
5 68 23
82 19 15
18 20 20
9 16 63
7 62 2
49 45 21
29 8 38
32 34 49
48 42 55
69 80 16
14 51 12
4 75 27
1 40 25
30 54 18
32 9 10
77 43 4
39 19 34
15 69 7
72 56 73
7 77 76
55 9 1
30 53 15
2 59 4
28 38 67
61 64 78
2 23 49
32 66 64
70 63 9
32 13 31
16 59 33
8 28 11
36 12 63
43 18 63
21 21 47
8 57 74
1 42 44
63 70 17
4 75 67
67 18 28
52 69 8
79 37 53
44 75 49
38 33 80
28 50 74
26 37 38
33 19 82
17 48 53
52 71 26
11 41 40
29 50 78
62 5 15
11 81 72
79 52 20
60 41 14
79 68 7
24 76 24
63 33 25
11 7 79
20 11 44
31 33 12
34 12 58
5 33 5
37 7 18
6 32 27
62 81 25
24 1 27
52 24 21
12 77 35
70 60 38
24 72 76
40 36 36
71 23 28
31 64 68
54 22 22
22 49 34
5 63 58
35 49 12
27 75 20
28 18 75
41 41 69
21 17 61
3 39 6
16 40 43
63 29 46
32 68 39
37 52 74
80 21 72
51 33 73
27 66 60
42 71 25
14 35 30
58 82 45
38 15 26
24 15 76
20 18 52
4 13 57
79 18 39
80 27 82
52 43 69
15 37 78
26 67 28
73 47 52
70 7 75
40 45 33
48 8 44
46 73 59
69 76 80
29 30 21
9 1 60
24 1 35
35 47 80
46 56 67
61 75 44
54 66 33
49 80 24
42 52 34
76 39 48
82 1 8
51 44 17
55 51 13
45 14 5
33 29 5
40 25 23
34 46 34
20 53 46
21 82 28
16 9 50
43 49 2
69 74 45
24 25 17
36 36 6
73 31 47
50 1 35
40 34 7
73 44 23
48 7 70
68 43 52
61 33 6
20 3 72
33 27 43
50 77 74
6 38 43
60 65 14
50 52 4
4 76 21
19 75 10
17 48 15
31 65 20
10 22 80
60 13 4
79 6 77
66 39 53
35 77 43
75 65 63
69 12 31
30 25 59
80 23 61
34 4 40
60 64 6
1 14 6
56 81 56
27 81 29
82 17 41
60 13 74
58 53 69
67 28 3
53 36 12
13 64 49
70 74 59
44 40 9
20 39 9
25 68 37
34 58 79
37 62 26
73 65 39
48 28 42
24 7 27
48 41 71
41 47 49
82 52 82
7 62 58
75 60 19
75 33 75
41 9 76
72 45 61
62 78 24
42 5 61
4 53 60
21 53 68
66 58 6
26 53 65
30 71 53
5 57 81
61 63 55
47 59 35
25 64 41
74 7 1
41 59 43
45 35 55
34 27 69
18 16 20
34 51 27
18 50 60
52 52 82
33 25 56
49 72 45
60 15 29
55 27 75
69 6 30
7 73 60
66 62 61
61 12 9
79 26 25
78 82 71
64 38 12
12 18 12
30 33 50
7 6 61
9 59 50
71 50 14
74 63 80
7 77 13
7 47 2
53 82 63
37 39 4
31 57 35
61 54 50
40 77 51
73 42 32
58 49 76
67 75 2
64 28 9
72 2 17
7 42 59
19 39 23
3 35 54
55 2 53
57 35 14
50 39 41
72 78 31
81 11 3
10 25 29
21 79 68
19 25 75
76 31 7
18 23 40
53 81 63
60 80 23
20 10 38
17 20 25
16 22 53
68 37 29
23 43 39
67 29 48
31 80 57
57 4 52
10 39 77
36 42 12
31 1 51
40 78 17
25 54 73
26 68 64
50 78 71
31 49 29
31 28 12
24 60 28
7 44 43
40 62 34
17 29 8
26 45 71
10 74 7
21 74 52
51 25 16
69 66 1
72 42 61
36 18 77
81 31 65
8 38 79
14 17 15
74 39 33
65 27 23
3 70 46
3 38 63
57 68 64
65 76 81
35 16 46
39 47 53
24 61 51
69 76 47
68 16 31
75 71 78
60 20 69
21 66 48
76 3 45
31 53 77
22 37 3
28 2 65
42 1 36
57 8 56
82 69 46
49 56 73
51 35 33
22 24 59
61 24 28
73 62 59
34 1 35
54 42 44
49 62 82
9 64 43
65 29 37
40 22 71
8 12 44
33 45 24
11 79 51
81 73 8
37 38 62
36 26 44
18 16 27
38 56 36
38 10 58
48 3 24
59 48 17
54 57 64
23 81 65
51 73 34
37 16 50
55 17 41
57 47 31
13 48 30
35 32 47
46 38 58
53 82 55
33 54 1
21 49 30
57 30 36
45 34 23
61 25 37
10 46 52
70 79 65
82 53 12
21 22 61
6 75 49
5 43 54
17 64 66
6 35 52
11 10 13
62 60 41
10 68 11
71 63 25
64 46 38
47 15 60
8 49 35
33 68 76
10 33 32
13 30 77
20 77 68
10 20 8
12 2 60
82 13 13
5 29 11
20 27 23
24 62 48
11 23 17
81 68 26
79 50 9
27 57 24
51 79 73
5 22 54
80 39 14
20 28 63
18 38 71
52 27 69
39 55 34
5 46 52
37 38 78
78 11 56
51 75 12
44 4 71
76 69 25
8 56 73
4 53 1
32 80 24
42 70 54
2 45 6
41 80 39
77 3 12
58 55 53
43 4 33
41 43 70
81 34 40
51 82 46
60 60 32
59 80 75
5 5 17
36 53 3
81 48 67
53 55 63
45 13 17
36 38 76
53 27 38
19 42 72
80 20 6
20 31 13
68 21 44
33 44 1
57 14 64
39 77 21
70 16 53
77 22 12
42 17 22
81 2 24
57 4 56
16 4 74
49 27 78
5 79 59
42 36 67
38 23 51
66 30 12
3 61 19
50 71 36
50 50 6
82 60 30
35 22 29
14 69 55
81 49 26
36 52 34
59 48 59
81 21 71
7 36 5
79 53 64
45 39 28
15 62 59
42 58 48
13 43 3
51 1 17
43 4 50
76 65 76
63 31 26
78 11 40
68 35 36
37 62 12
10 80 40
50 65 76
55 32 8
22 74 7
36 11 81
25 20 63
29 34 11
37 82 72
34 39 39
61 79 53
52 19 78
65 63 28
56 3 13
36 77 4
58 62 12
30 59 5
71 13 63
13 41 82
66 50 46
25 24 60
49 66 76
19 55 61
28 6 5
26 7 64
20 70 10
76 52 61
20 30 43
61 38 5
22 54 9
7 18 58
66 9 25
51 69 38
70 64 62
66 55 76
17 59 65
17 32 59
34 32 55
73 47 60
7 55 79
78 28 48
82 30 75
4 29 5
77 23 42
16 41 29
2 77 13
36 72 64
72 64 19
32 69 73
34 30 13
47 67 20
72 24 26
33 28 68
15 37 53
73 68 41
69 32 45
24 32 17
24 68 3
57 80 35
70 21 31
48 60 12
62 77 14
1 46 33
30 80 79
44 67 8
21 67 37
54 55 47
70 70 68
18 58 59
26 67 20
37 79 64
77 49 63
12 41 73
31 9 56
26 43 10
26 67 64
50 7 23
62 64 44
13 31 45
66 31 14
78 68 1
76 32 58
42 36 43
33 10 46
73 37 31
8 77 21
9 17 16
11 79 40
34 55 79
21 80 73
45 79 69
57 67 35
18 12 39
36 20 66
47 18 39
20 25 22
59 77 59
27 35 45
33 59 38
1 10 59
20 36 73
21 45 63
78 2 36
38 14 72
25 5 41
12 82 48
6 35 13
80 48 47
64 47 75
15 9 5
60 58 38
54 68 51
19 70 49
7 25 21
70 58 74
62 47 28
28 50 52
68 40 81
24 34 76
24 18 48
71 64 55
59 48 70
17 38 30
1 23 9
81 17 44
39 26 37
35 54 74
59 81 20
57 31 8
11 49 13
2 65 31
52 44 28
29 31 59
76 32 75
51 49 77
37 53 24
30 3 75
24 63 73
38 6 75
57 42 52
8 16 31
69 3 26
66 6 20
13 7 65
23 5 3
21 62 44
76 8 78
19 32 14
37 61 6
20 55 53
2 8 15
56 17 77
77 55 52
4 60 69
64 48 54
3 73 49
31 23 73
63 44 74
27 5 43
66 54 39
48 82 32
73 66 17
19 81 11
32 32 65
17 76 38
33 51 50
81 17 10
45 44 71
53 23 8
79 81 38
78 36 66
45 36 1
34 46 1
59 15 70
42 72 44
32 46 81
23 11 26
37 18 3
47 2 24
56 10 17
69 35 14
57 73 18
45 29 40
72 54 58
26 46 57
31 13 50
13 52 4
73 47 52
43 31 16
60 57 67
23 29 29
79 1 19
17 63 14
7 61 62
23 80 64
39 82 73
29 40 9
50 76 6
38 52 33
2 63 21
17 4 50
33 36 32
54 77 12
37 7 56
4 30 53
13 56 29
11 33 28
41 73 4
49 10 17
48 44 67
28 28 57
59 80 10
49 60 69
28 11 34
74 1 45
41 68 42
30 7 54
69 71 21
75 32 13
21 77 2
2 36 46
20 27 11
27 74 74
53 68 5
71 15 76
3 51 68
12 4 19
57 55 7
28 20 47
26 14 27
22 29 80
62 21 7
77 24 51
30 50 39
67 70 52
18 16 35
19 23 43
8 20 71
38 22 24
76 38 53
11 79 72
3 23 35
48 47 68
66 80 53
78 23 38
61 58 13
71 11 61
68 20 44
18 20 27
26 41 72
80 33 4
33 68 70
31 69 62
55 66 62
39 25 42
72 5 65
14 66 24
44 68 1
2 55 16
56 16 5
18 23 36
37 61 76
74 12 78
68 67 67
24 48 79
69 43 69
27 57 55
36 5 45
35 61 57
11 74 40
59 43 57
17 13 78
62 47 27
81 16 13
12 23 73
80 55 22
65 46 5
59 43 65
80 33 26
44 58 27
60 12 50
54 16 41
71 46 40
16 64 80
57 66 67
50 43 11
73 48 59
57 37 22
27 72 42
77 27 67
14 2 64
24 9 31
49 57 82
67 11 18
78 39 62
65 39 76
47 20 59
79 31 74
21 51 43
10 21 29
53 73 37
63 73 24
72 45 62
35 7 21
63 42 48
16 26 74
48 2 39
80 1 75
11 14 65
26 62 62
4 19 11
38 72 18
58 20 20
46 48 82
54 64 36
62 53 61
2 52 77
5 7 73
79 55 27
7 33 62
8 37 16
27 12 69
28 32 17
2 10 9
45 50 15
48 75 14
50 26 9
35 61 56
34 17 10
54 39 64
15 76 39
63 3 44
54 14 66
78 15 24
36 32 28
12 13 40
8 72 57
53 24 66
49 40 34
56 48 75
29 16 51
71 76 31
31 19 66
48 12 53
36 49 4
4 57 3
71 82 18
53 55 47
47 81 49
46 21 36
63 37 31
60 25 53
18 74 32
32 60 16
65 64 63
15 77 35
8 57 44
29 1 7
76 82 20
36 78 24
9 34 77
12 75 77
82 56 31
13 37 3
9 38 9
15 67 48
44 25 47
38 68 2
72 29 79
73 4 58
51 13 61
26 4 61
26 54 80
75 57 20
21 18 53
10 5 56
2 48 47
8 35 26
18 40 56
49 34 51
57 12 60
27 53 70
22 33 19
63 16 64
12 46 47
46 52 59
76 27 1
19 31 76
82 46 3
3 47 20
33 9 3
35 67 51
51 46 82
80 30 25
30 15 31
74 8 36
59 64 43
6 50 22
33 33 47
66 31 42
60 23 65
40 27 15
44 61 60
52 41 76
48 17 59
40 79 8
61 2 28
75 39 40
68 63 74
42 35 57
4 76 67
29 79 65
70 57 75
68 24 59
41 76 45
48 68 68
75 42 34
20 45 59
9 53 82
79 12 63
1 10 13
40 24 35
42 81 46
56 11 77
23 13 11
37 81 53
7 80 9
22 57 57
69 80 6
60 32 24
64 49 58
38 13 46
28 70 30
70 12 37
43 56 79
32 80 10
40 48 70
45 1 75
50 54 19
68 35 57
53 66 2
82 22 72
60 44 48
51 61 73
80 43 11
7 68 45
75 56 12
47 45 54
49 52 64
32 22 26
46 3 47
39 37 21
41 54 14
62 26 55
16 43 79
36 24 78
30 45 16
12 61 65
79 31 74
53 17 67
71 48 27
20 7 58
34 52 20
11 71 68
7 16 5
60 21 48
8 48 35
77 50 7
21 73 79
82 2 36
60 68 73
49 41 50
32 71 45
13 5 3
3 71 81
1 2 72
75 46 40
20 33 66
22 22 58
69 40 40
8 22 81
32 35 70
73 45 55
39 62 80
45 29 27
66 30 36
74 77 52
53 37 66
63 65 57
23 62 32
20 25 21
23 6 7
17 74 47
60 28 55
56 15 38
27 46 11
20 80 56
77 12 49
68 50 39
5 26 55
57 77 77
25 51 24
27 43 30
72 23 60
36 73 35
52 28 27
37 11 64
63 7 18
58 53 21
70 78 71
3 50 26
77 81 62
25 4 72
13 61 68
68 51 8
29 82 3
41 41 76
22 27 52
72 11 5
70 61 29
70 40 16
55 71 56
19 18 37
57 71 5
60 20 26
36 48 82
39 2 7
59 31 27
77 3 66
64 1 38
78 17 43
39 60 8
6 7 26
61 74 30
31 77 18
9 17 18
3 1 42
43 52 62
55 51 48
69 11 14
73 23 1
67 19 64
58 78 41
5 47 71
76 70 65
37 49 41
1 52 74
64 75 53
15 75 36
21 3 60
79 27 30
61 5 38
77 30 43
82 12 49
47 45 49
70 14 13
26 17 8
30 33 12
77 77 21
42 79 49
76 14 19
72 13 20
27 13 82
76 32 13
62 23 5
26 16 44
66 40 43
55 43 72
14 27 60
11 70 49
13 52 17
59 47 43
39 82 41
43 58 64
31 82 30
43 45 76
29 60 28
27 2 26
26 29 49
78 75 59
64 78 35
42 11 40
55 34 39
61 41 80
16 72 35
37 50 1
57 18 79
4 2 48
29 18 46
21 66 44
72 21 7
62 16 29
49 47 29
36 31 22
61 27 16
17 4 22
4 9 52
29 38 52
77 55 50
9 30 33
34 11 36
79 61 69
65 53 70
55 77 46
32 66 6
34 63 55
30 28 59
33 68 58
1 4 60
58 71 19
52 67 30
80 62 55
33 30 71
70 64 3
57 12 82
65 34 19
11 67 69
18 72 61
77 52 15
34 2 7
30 57 80
16 78 30
7 80 72
18 1 29
54 11 63
37 2 39
24 51 19
55 8 70
79 2 64
74 11 41
2 76 74
59 51 1
40 19 42
15 6 55
27 18 75
53 73 35
56 25 57
40 19 1
45 68 40
3 15 33
70 5 5
75 10 32
53 47 25
55 27 53
26 38 21
72 51 72
28 53 35
78 61 29
28 10 10
52 78 71
61 5 76
63 42 10
4 28 49
80 36 54
13 72 55
29 8 67
20 59 72
41 53 76
7 40 36
18 41 43
12 25 5
10 70 58
66 2 39
58 64 53
15 47 53
43 82 19
82 78 25
4 1 12
60 69 45
20 39 50
10 22 80
48 50 47
21 70 6
30 68 63
21 73 4
11 45 28
32 2 17
20 23 57
5 42 57
52 72 11
53 7 77
59 9 38
8 46 33
63 35 56
66 42 2
76 13 58
53 62 78
51 48 81
41 3 54
41 34 21
34 26 78
75 21 17
29 44 8
32 2 57
67 38 26
60 19 65
72 18 25
55 1 82
29 37 2
44 51 79
21 2 74
33 3 35
2 18 38
15 38 40
18 59 78
79 15 50
55 44 41
28 58 6
35 30 26
47 69 78
69 52 29
62 47 13
30 22 73
47 12 27
43 44 2
62 24 12
1 77 7
22 61 44
46 80 34
36 13 29
28 10 47
49 80 9
44 73 51
11 76 11
30 35 74
27 2 2
78 78 51
47 70 54
44 14 65
45 48 48
52 75 34
14 40 71
16 68 22
18 15 44
77 49 74
59 76 13
50 67 58
44 14 42
6 63 3
10 33 32
70 59 2
61 18 63
37 17 39
62 70 71
17 7 8
73 13 77
8 5 64
43 13 61
9 40 19
75 74 54
67 10 22
24 42 81
38 61 51
73 40 51
28 11 28
18 5 22
38 60 14
65 21 18
49 38 33
13 29 59
79 43 68
66 35 33
57 72 48
82 81 56
74 33 78
15 52 62
30 78 24
5 6 59
67 77 71
22 27 52
33 42 61
43 24 3
23 6 57
13 71 22
4 63 47
14 24 35
51 2 69
38 15 63
28 71 74
18 34 74
55 73 71
53 50 43
45 72 57
67 66 37
38 79 58
49 70 6
42 78 6
8 67 73
24 38 63
22 13 42
45 67 37
78 62 74
41 58 6
6 17 71
20 34 50
67 31 11
6 55 74
78 1 65
48 19 51
48 20 6
22 22 14
57 18 21
15 68 48
53 39 47
3 41 79
18 53 31
60 34 33
15 73 18
27 18 25
49 53 36
66 25 57
66 52 39
58 42 38
19 81 76
45 44 79
20 16 25
74 10 66
37 43 37
25 57 4
10 54 48
54 13 58
7 77 20
11 20 52
61 46 6
60 9 16
11 32 82
5 71 78
27 19 18
64 72 32
45 48 7
82 48 68
3 37 14
16 19 68
76 23 51
74 8 15
1 31 67
42 19 59
31 59 18
60 74 82
38 60 68
48 71 29
59 62 39
67 73 60
13 50 58
34 33 73
3 43 6
82 44 13
3 27 46
21 79 80
20 65 11
63 73 26
31 71 17
46 43 59
23 64 48
47 54 37
45 49 14
59 19 15
15 8 48
25 47 81
20 79 61
49 56 48
39 48 13
60 81 13
42 71 33
72 71 13
30 49 37
38 18 38
51 66 8
66 59 35
3 28 20
48 4 67
2 40 39
48 3 46
39 15 44
38 34 14
49 82 22
45 19 22
65 24 25
24 50 3
27 82 72
53 3 21
82 13 45
61 60 3
20 69 7
33 54 69
78 59 49
71 14 70
66 66 31
63 56 75
37 62 46
15 53 22
3 18 62
61 8 28
14 4 46
68 24 59
79 63 17
36 45 45
42 39 79
45 51 39
24 31 25
27 4 13
79 11 3
50 7 43
75 60 25
40 54 74
24 76 59
20 57 36
21 37 30
44 33 77
4 39 61
54 62 64
67 23 17
73 76 48
63 17 46
69 57 59
76 12 43
25 73 14
14 66 80
24 23 22
41 21 69
10 71 38
6 2 54
9 8 9
43 14 81
29 46 9
33 49 6
59 77 62
57 23 7
42 6 27
9 66 61
73 69 60
11 62 40
6 13 36
37 50 25
31 42 10
71 74 66
73 25 57
23 38 67
54 41 79
54 68 40
53 72 41
37 29 77
39 27 23
33 52 72
62 24 71
67 55 31
78 18 66
54 52 20
21 74 8
34 47 7
67 25 5
80 65 7
59 43 72
2 41 1
50 66 50
56 47 31
69 12 69
56 40 25
40 35 82
48 79 3
52 31 17
18 20 73
77 62 3
7 49 15
1 66 42
61 80 80
18 60 20
2 63 64
48 6 7
49 46 51
7 45 69
14 63 51
2 81 80
61 48 56
5 17 15
78 79 41
45 25 27
12 15 3
8 35 82
55 46 20
30 72 16
21 76 47
64 40 1
12 19 17
14 13 56
17 17 55
49 57 80
56 81 60
43 52 27
51 67 74
54 30 70
36 81 47
57 70 24
72 71 17
3 29 1
57 65 19
8 68 8
2 4 27
8 59 74
80 22 80
30 50 13
48 5 31
12 38 30
38 69 45
34 35 66
32 56 57
18 52 34
77 64 17
20 25 53
49 69 36
57 82 16
13 35 20
38 62 10
10 81 81
5 50 13
39 81 55
69 78 11
32 45 41
2 35 70
48 80 21
47 76 78
32 72 34
53 40 34
36 51 26
32 41 19
28 69 48
66 7 19
62 75 39
2 1 54
34 26 48
70 68 53
5 33 64
64 74 82
44 42 30
1 66 27
6 9 2
59 74 57
68 41 82
27 26 38
54 51 34
3 3 71
51 6 39
62 5 23
45 65 1
49 57 37
31 35 8
67 28 43
31 22 52
42 60 55
61 54 79
77 21 31
11 41 5
80 45 27
56 62 75
38 60 68
15 18 67
12 81 8
51 46 9
74 67 21
19 18 47
35 72 12
54 5 56
55 11 17
12 67 55
8 57 73
28 71 21
48 51 17
60 28 37
80 41 49
67 55 53
28 51 22
34 9 66
7 70 49
31 81 18
23 80 30
31 23 33
30 3 22
12 49 17
18 60 72
78 61 54
69 16 19
7 27 25
37 42 52
43 20 39
16 71 18
70 31 44
31 31 75
18 17 41
9 54 36
30 18 60
46 35 59
18 43 61
27 36 78
37 70 2
10 32 50
24 61 61
2 32 22
65 52 68
47 53 57
39 54 12
9 44 5
49 30 79
24 51 81
28 6 43
67 8 24
27 12 1
45 9 44
60 15 56
41 26 69
61 29 47
30 2 37
23 32 45
2 64 29
64 61 31
16 81 11
37 81 54
29 28 31
10 52 12
32 51 68
8 58 50
50 27 39
25 2 9
16 14 49
1 50 33
75 74 20
46 1 76
19 61 51
28 36 8
64 11 41
18 22 79
24 76 68
4 77 81
31 77 40
51 55 40
68 14 81
41 71 56
7 71 26
2 43 45
55 16 8
43 27 18
10 32 57
48 17 56
58 12 2
78 65 60
32 48 24
57 39 41
39 16 79
81 4 66
19 75 22
40 52 49
18 17 21
25 53 2
75 79 76
7 68 76
51 46 80
63 35 28
5 35 60
77 11 32
18 64 68
7 67 78
8 32 18
16 57 50
21 62 22
63 76 58
70 5 3
21 75 42
7 15 50
78 69 56
71 12 59
38 59 61
79 60 65
15 62 7
17 68 72
50 14 14
74 80 67
20 31 18
42 17 11
66 9 23
60 1 72
47 1 53
16 31 21
34 65 35
68 66 9
45 65 54
31 39 17
48 66 66
67 35 58
28 7 39
68 21 64
6 22 54
72 50 68
3 57 31
4 61 76
17 64 70
36 15 42
55 40 32
11 16 10
52 44 67
39 4 47
31 79 22
72 29 68
5 7 19
10 77 55
57 82 43
55 11 73
70 25 34
78 3 66
14 15 35
59 63 21
80 80 22
13 76 70
67 42 29
5 35 61
69 66 33
19 38 34
20 64 73
23 7 54
56 64 68
80 21 82
10 71 76
64 38 21
16 52 69
33 42 21
74 5 32
28 60 59
72 58 52
72 52 73
58 56 25
33 72 46
17 49 1
57 8 71
33 19 52
8 61 13
31 58 15
33 23 74
17 44 66
32 30 49
18 25 75
17 79 19
29 67 26
24 75 59
22 41 64
49 45 67
3 25 28
23 18 71
34 6 5
2 14 5
76 9 3
29 38 75
42 61 48
68 11 30
74 73 62
34 42 49
32 41 80
35 70 15
76 47 66
7 32 72
26 9 41
23 41 38
26 6 23
42 54 1
3 46 64
73 39 28
6 65 19
14 61 34
55 35 20
5 70 47
46 42 69
53 53 22
76 41 52
81 68 54
31 73 69
26 76 6
65 37 59
22 19 11
2 32 44
6 68 22
73 49 60
75 31 63
49 34 10
24 10 52
43 20 45
35 54 80
33 57 3
37 17 19
42 78 68
34 41 58
3 40 14
25 9 35
40 70 1
77 56 14
33 14 18
69 74 9
7 63 76
56 77 15
19 50 41
58 57 35
39 72 68
77 76 79
2 1 73
45 68 62
28 3 56
64 12 70
56 44 34
12 78 8
26 35 67
66 9 48
48 21 74
5 80 9
54 52 22
25 46 29
36 30 43
47 19 35
14 52 7
65 75 61
11 21 12
43 27 52
80 55 67
57 45 79
35 44 60
13 51 29
22 40 75
39 50 69
15 25 47
80 62 43
61 50 82
19 24 42
23 66 35
59 56 68
11 16 52
32 21 22
37 75 72
53 2 30
79 25 79
26 60 31
57 59 11
9 44 73
75 14 19
75 16 37
78 57 25
45 61 57
5 26 44
27 22 11
12 77 37
78 2 30
73 2 33
35 73 57
31 28 37
73 73 24
30 46 11
72 68 17
77 69 66
69 24 40
24 23 41
64 41 28
71 78 70
22 29 33
18 82 69
3 27 21
32 78 27
23 38 2
33 30 40
44 48 1
53 78 6
8 81 16
33 2 74
44 35 61
18 63 71
66 81 74
81 52 47
57 53 80
47 23 64
41 25 25
45 82 63
23 42 63
5 13 22
23 36 17
36 12 82
47 50 32
13 30 39
3 72 41
23 67 33
80 11 33
6 42 6
58 8 63
26 1 57
59 16 6
73 72 21
76 50 49
5 45 27
22 3 75
65 24 65
41 82 28
17 63 53
17 52 80
3 8 19
20 5 53
39 49 68
59 1 11
5 4 69
45 78 6
28 79 6
28 54 61
50 38 77
64 81 20
10 20 76
5 81 81
54 31 46
2 65 27
61 66 46
33 81 33
36 40 33
37 70 20
47 53 74
3 35 8
67 19 67
27 16 34
76 51 5
68 63 76
68 31 8
2 35 16
27 7 27
25 15 81
44 69 7
6 31 74
12 17 6
61 5 58
75 42 14
23 16 28
6 61 1
57 8 62
49 23 68
5 9 10
18 77 6
59 64 33
12 14 19
10 66 2
17 34 3
57 46 78
80 75 11
36 67 40
21 1 58
1 24 60
45 46 47
20 46 81
81 36 49
41 62 64
47 30 37
34 12 38
39 25 27
7 76 31
18 6 41
41 23 33
47 68 29
73 70 37
29 80 22
52 66 30
21 53 76
48 51 80
45 65 50
52 45 64
14 46 51
75 3 17
18 65 75
71 28 62
46 75 10
59 1 50
4 55 73
10 26 22
43 37 30
30 77 53
31 76 21
59 8 6
37 61 9
18 38 39
2 46 1
59 31 16
78 69 33
63 20 4
39 10 28
1 70 50
35 76 46
79 52 20
76 51 41
7 27 68
66 52 44
45 42 51
82 40 46
79 9 32
27 39 41
73 22 47
48 61 52
56 51 75
79 22 58
45 59 71
1 1 21
77 33 57
24 16 24
75 21 3
56 4 81
13 18 69
5 30 19
4 73 76
24 28 47
48 6 55
3 5 74
56 64 20
66 9 36
75 9 39
41 71 28
49 25 69
51 29 46
66 13 30
34 66 79
58 38 49
74 53 19
45 76 47
73 72 33
34 69 41
52 72 28
71 51 78
21 80 22
59 63 67
11 74 61
11 2 71
22 63 24
48 33 26
79 13 69
28 6 72
70 56 47
25 29 46
64 74 37
60 30 82
47 74 81
76 17 8
50 51 27
67 27 20
60 24 1
30 2 65
32 51 3
78 14 61
11 5 23
29 47 7
71 38 1
48 76 39
29 15 66
74 71 69
47 1 35
13 54 50
50 41 48
24 49 34
58 30 23
60 60 19
63 7 6
56 14 27
57 27 71
11 70 39
77 10 77
9 81 54
19 11 29
17 44 1
79 32 37
1 1 8
4 40 54
67 62 21
59 51 23
72 8 64
23 80 61
13 1 37
15 2 81
48 79 45
7 82 36
30 59 42
23 2 15
68 74 44
80 47 71
66 16 70
20 22 58
9 82 32
78 51 13
70 13 26
35 32 6
58 3 54
31 65 72
12 57 68
61 82 12
66 26 39
77 33 9
61 43 47
80 68 46
39 27 60
70 71 67
42 64 77
61 48 53
18 23 57
40 69 78
62 1 16
9 1 42
69 82 62
72 66 26
12 56 25
4 70 58
25 41 34
47 70 78
30 62 39
48 52 29
53 55 46
6 77 40
76 12 16
20 22 4
12 30 46
22 77 78
17 79 72
51 18 56
11 79 14
59 73 72
71 36 48
27 61 82
25 53 1
34 26 76
37 44 45
54 3 25
8 23 80
31 61 26
66 12 19
51 74 35
49 47 56
44 27 13
17 76 77
77 44 77
74 16 21
30 74 34
19 65 50
48 2 78
33 8 77
50 38 64
34 40 26
73 70 56
45 82 48
33 67 28
71 49 31
29 62 74
23 7 2
27 74 33
34 42 59
35 70 31
31 74 65
58 25 22
1 47 59
55 20 26
78 31 38
27 11 54
35 22 58
46 38 39
47 60 50
51 49 22
78 41 11
60 76 64
10 14 79
24 56 67
8 68 9
63 48 65
71 3 42
72 27 31
37 82 55
73 60 3
39 5 58
29 43 67
10 21 68
73 31 60
59 65 28
53 39 80
20 42 23
8 51 75
20 51 41
27 56 55
61 70 82
81 10 21
82 19 25
18 52 34
41 73 78
56 30 64
72 55 14
49 32 60
57 35 30
1 74 47
81 9 34
9 2 35
54 3 25
50 46 62
73 36 62
82 48 41
47 9 76
51 67 59
13 61 23
62 19 55
26 56 45
14 2 54
17 28 16
42 81 49
38 67 13
18 10 29
46 56 12
7 16 56
44 48 69
82 28 21
40 45 69
12 37 79
27 30 36
9 75 30
31 12 36
37 8 14
17 29 46
40 70 41
4 4 61
59 18 48
62 63 37
15 39 5
79 49 62
70 80 76
35 45 35
36 72 63
52 63 28
56 40 38
1 10 41
33 35 72
21 49 82
35 46 72
74 72 36
46 63 64
81 73 65
67 39 81
66 49 67
59 52 7
18 77 7
48 40 79
10 5 14
31 49 32
41 71 42
19 51 38
51 79 52
22 68 5
51 46 69
76 21 1
40 1 6
26 45 72
72 45 29
21 19 22
58 20 12
69 64 19
36 57 26
73 59 52
70 3 23
42 61 8
43 56 56
9 55 60
50 75 18
3 15 37
41 33 11
30 61 23
35 53 76
42 63 1
73 22 47
77 42 61
37 34 67
75 53 12
40 20 53
76 15 11
81 61 72
52 2 31
5 17 80
19 22 9
36 51 73
75 79 72
81 52 82
2 67 35
37 82 25
49 24 6
42 78 6
47 73 66
47 64 7
61 48 69
18 18 30
79 36 47
8 49 30
34 41 30
34 26 62
7 32 24
48 76 42
3 63 25
37 68 59
18 22 35
3 27 31
62 58 24
13 23 53
50 4 13
50 39 14
43 12 3
68 41 50
65 19 25
77 24 29
1 39 66
49 65 67
78 39 71
55 40 64
18 49 48
76 60 33
2 31 25
16 29 54
25 74 50
40 73 57
7 39 61
33 56 11
62 21 42
38 17 16
77 5 72
56 50 19
10 1 25
25 48 51
48 46 68
33 29 8
78 57 72
40 26 48
4 38 68
46 79 44
78 73 13
40 21 43
36 27 54
62 18 45
3 77 67
7 57 28
6 67 16
69 77 15
28 74 76
1 43 61
36 9 59
46 52 1
12 53 16
79 10 28
75 28 70
6 53 73
6 58 16
51 39 49
35 6 33
24 76 13
17 39 82
10 28 12
21 41 19
70 44 58
73 34 74
49 6 80
58 52 26
69 65 73
74 35 76
60 34 41
67 20 75
18 37 12
61 71 55
50 33 32
6 42 68
62 23 1
73 15 70
1 22 7
7 6 30
45 55 57
74 45 70
1 42 77
67 30 66
62 75 15
79 76 53
4 33 34
43 36 55
58 9 62
36 80 17
45 17 32
65 32 25
48 23 79
26 69 24
38 42 52
75 69 67
3 49 18
60 81 79
19 30 14
46 20 63
68 50 17
32 59 54
51 62 70
55 81 25
28 31 35
79 51 44
49 76 50
23 66 46
38 43 53
81 48 73
6 28 34
11 43 11
82 32 41
7 38 40
25 30 74
27 70 32
72 35 70
51 55 76
47 17 2
49 6 33
80 62 60
41 30 37
8 32 45
50 50 76
17 31 5
71 17 78
78 22 48
28 63 48
43 35 70
57 67 31
37 28 12
54 79 5
60 10 51
71 58 28
43 3 59
1 47 47
9 33 16
33 56 4
73 31 63
69 41 24
22 32 57
13 22 6
23 59 37
7 2 29
37 33 51
76 25 61
65 6 6
79 19 70
60 51 56
23 73 3
81 27 2
18 53 52
79 5 82
49 61 7
67 22 29
18 71 38
67 67 26
24 53 65
19 11 22
4 4 45
20 60 7
78 67 2
79 37 81
35 2 12
70 32 21
58 1 60
63 33 26
63 13 33
71 43 41
63 56 6
17 20 81
48 10 1
61 37 46
31 18 32
5 24 47
78 55 42
46 15 57
64 82 71
6 82 11
20 49 65
8 79 40
71 43 51
58 71 18
67 9 60
61 26 66
66 7 6
70 25 24
78 70 39
75 8 70
25 79 38
80 21 68
65 42 25
53 7 6
61 41 66
44 2 10
64 46 59
39 75 18
60 41 40
43 6 31
63 22 82
14 21 31
37 52 4
82 82 22
45 23 23
5 63 34
61 32 42
3 34 22
51 64 53
47 36 5
72 28 77
4 12 21
11 40 35
9 65 59
48 3 32
19 21 11
76 73 2
34 81 8
9 10 20
64 12 32
71 8 22
26 17 81
45 70 79
38 51 58
63 42 17
4 53 21
46 25 53
58 21 57
82 25 2
21 36 27
59 56 7
43 27 43
49 23 40
52 3 74
67 40 54
69 52 46
10 66 61
66 6 30
54 33 8
17 51 29
68 20 15
62 38 25
81 50 69
8 24 5
38 47 69
22 7 7
82 80 17
58 74 4
77 52 14
50 76 41
38 80 55
23 66 47
39 45 82
18 12 26
79 44 28
42 54 26
14 7 14
28 18 6
27 24 22
52 48 28
80 62 52
30 39 50
61 1 23
43 45 9
22 35 41
44 68 55
18 2 8
11 25 48
8 24 78
61 23 7
65 13 48
33 77 31
32 67 62
58 33 45
78 8 80
10 29 2
13 76 61
22 77 55
27 11 9
57 76 74
56 46 76
18 68 24
50 77 33
53 51 37
71 23 60
10 20 4
13 40 76
67 71 49
47 1 59
57 45 69
10 19 21
54 49 56
30 12 46
36 39 62
49 41 2
39 29 37
29 25 37
47 22 9
1 43 51
70 1 50
41 72 6
24 11 46
63 36 13
24 50 62
77 19 39
59 1 21
59 59 70
77 69 23
31 8 7
2 78 20
47 23 53
30 5 79
27 26 52
34 52 71
15 15 33
44 11 72
28 21 9
70 80 66
68 29 14
19 45 1
11 58 38
51 23 17
60 58 43
34 19 50
30 66 31
73 4 59
47 10 79
19 48 3
58 44 74
42 20 13
11 18 55
82 51 35
77 76 55
18 61 47
32 19 20
23 49 55
76 19 28
32 65 2
71 21 14
63 2 46
23 41 22
35 10 33
72 78 6
46 67 31
1 39 27
37 48 32
75 43 59
60 12 56
47 38 65
55 32 19
57 40 34
47 12 80
82 80 46
46 4 44
72 26 56
8 2 25
72 70 40
15 30 51
46 28 29
64 2 35
46 1 40
70 6 20
41 39 8
24 59 57
14 42 18
76 36 22
27 34 34
19 62 30
53 32 70
78 21 31
78 70 17
30 61 52
6 26 54
71 3 6
76 33 10
30 67 50
64 4 56
75 45 44
58 66 41
67 19 54
78 1 17
46 29 68
31 45 63
12 82 19
10 52 64
38 34 51
79 55 45
76 17 17
63 67 75
35 47 19
48 26 33
76 10 69
2 74 37
61 78 23
68 1 43
40 9 74
57 31 21
52 19 68
68 63 16
39 6 61
53 47 27
77 81 6
58 10 34
26 45 72
50 29 29
11 67 49
54 63 65
44 43 28
35 58 69
46 71 74
5 73 79
46 30 4
39 54 65
38 52 66
7 77 51
13 8 10
29 37 42
69 65 19
2 30 30
55 45 8
48 61 81
23 3 8
44 63 35
49 40 6
19 56 61
25 25 25
13 47 45
47 29 61
82 22 47
69 21 4
35 51 18
34 75 68
38 43 64
73 33 22
6 62 36
18 49 76
57 18 1
77 68 23
25 40 39
33 34 52
1 54 81
1 19 58
33 70 26
5 38 59
8 58 61
37 28 47
23 62 10
36 71 22
20 57 66
82 49 38
74 18 3
69 63 21
45 75 65
71 72 13
39 80 43
1 32 68
59 75 33
54 75 20
22 34 34
68 56 22
63 18 42
18 6 48
18 75 38
43 17 35
28 4 48
21 49 44
22 48 55
12 57 38
19 73 63
26 46 14
6 74 54
15 63 60
36 42 22
50 35 68
20 3 81
62 74 45
23 11 7
66 33 44
36 9 22
7 28 60
27 59 72
66 44 58
60 61 13
81 38 24
19 57 19
69 50 1
20 54 20
79 31 14
40 61 57
5 3 42
82 52 9
40 12 3
77 24 60
80 74 46
6 47 77
5 54 30
82 51 6
69 35 55
8 80 18
10 60 4
10 53 14
27 32 16
51 16 36
38 33 15
76 42 31
66 79 37
76 12 75
22 32 1
11 7 42
57 33 7
4 1 1
4 28 20
46 54 33
26 47 64
63 35 55
16 18 27
36 48 3
54 30 64
56 34 37
17 11 37
22 34 46
45 52 68
49 30 77
16 5 74
30 43 42
1 77 51
3 75 74
6 51 52
3 35 64
29 18 19
20 3 18
27 36 56
24 80 61
38 4 47
45 34 60
18 18 61
19 16 60
72 63 32
22 12 28
80 58 82
58 36 62
55 42 26
8 66 64
1 7 8
62 25 47
18 53 34
42 49 53
35 4 34
30 67 4
17 34 44
46 18 42
27 64 44
81 4 76
70 73 38
82 53 1
58 1 46
54 74 35
64 2 10
13 13 25
67 67 50
11 15 6
46 21 13
64 73 3
9 47 59
56 69 7
63 2 20
6 80 43
28 74 48
7 28 30
82 81 24
45 22 50
76 47 72
71 31 15
16 77 56
48 63 56
4 30 56
2 61 17
16 72 9
55 24 61
7 19 24
46 73 11
65 49 47
29 52 4
53 78 75
77 28 3
25 61 45
68 12 32
9 17 42
58 32 12
45 30 58
32 59 56
65 22 6
42 27 4
63 69 15
16 12 52
64 42 67
10 8 68
53 31 46
19 31 60
28 18 48
61 41 72
68 74 51
61 31 43
59 42 1
7 39 76
6 2 60
81 13 13
24 72 3
56 71 80
60 1 58
46 81 35
31 4 82
19 5 42
43 46 50
45 18 8
31 27 42
3 68 6
11 3 55
45 39 33
42 64 61
45 33 28
79 53 28
54 54 72
65 63 41
42 3 75
32 3 44
75 70 18
31 39 50
81 61 20
25 49 61
15 1 67
69 29 6
7 60 16
46 50 77
35 76 55
75 47 49
19 1 9
14 7 21
67 15 34
41 79 58
32 42 42
6 54 17
1 8 31
75 4 22
9 66 41
78 54 5
27 73 27
11 65 29
23 46 46
36 67 60
33 24 74
75 60 19
34 79 50
17 2 72
2 55 1
37 1 41
7 55 77
48 75 69
69 8 37
37 71 11
29 57 10
19 30 76
74 26 30
63 22 55
31 65 54
5 70 82
8 9 13
34 32 17
80 2 49
7 24 75
78 67 66
79 44 72
41 37 36
78 7 50
11 12 20
65 60 39
2 77 51
53 80 52
49 75 58
22 19 55
65 60 44
15 43 82
37 79 36
70 29 52
29 75 47
52 10 18
74 15 23
25 19 36
3 77 82
42 69 22
31 16 62
56 18 81
1 42 53
67 69 68
51 69 14
54 53 36
1 13 33
14 5 59
3 73 60
72 13 66
11 45 29
7 55 52
58 4 28
25 70 63
64 51 67
57 54 40
40 57 81
60 7 68
46 26 15
37 21 61
6 60 41
69 77 15
17 59 23
8 71 46
77 44 44
45 80 54
7 68 42
6 15 67
45 60 11
82 9 53
41 78 54
24 15 3
1 4 53
3 37 1
5 48 25
77 40 50
52 30 19
28 3 75
47 31 61
47 56 67
63 54 33
70 21 17
58 33 66
21 43 18
33 81 49
52 6 72
39 61 60
56 14 81
24 49 43
80 55 54
1 81 65
19 31 74
76 46 45
59 23 67
73 37 70
34 8 82
63 12 20
51 47 49
1 58 16
82 12 13
81 6 37
2 19 7
2 26 35
26 60 36
8 6 70
17 27 58
57 53 79
67 47 82
20 77 64
7 39 78
18 42 28
17 60 57
36 4 33
5 81 70
65 20 18
51 47 54
38 30 5
82 15 53
53 62 5
11 30 42
48 5 49
57 16 6
22 39 79
41 19 70
12 17 69
68 75 40
57 21 38
64 5 54
32 38 19
6 41 79
54 51 21
24 77 72
33 45 1
36 12 76
57 11 56
48 31 66
81 1 45
59 16 51
36 12 57
32 1 79
41 27 67
18 23 47
67 6 2
8 25 33
31 15 6
30 51 4
41 36 40
44 25 74
1 50 53
25 54 30
16 62 76
47 27 25
25 67 56
21 81 37
78 50 25
51 42 62
9 77 8
18 1 5
43 4 28
47 49 8
7 62 29
11 23 34
70 51 2
37 20 61
49 41 75
25 48 52
82 54 21
30 26 8
34 57 61
28 15 44
45 52 21
24 46 33
60 72 43
59 22 28
37 44 37
28 12 56
79 33 78
78 29 41
68 56 38
42 80 6
48 49 28
23 71 70
14 74 42
55 13 56
73 24 43
7 26 41
17 20 62
42 67 68
64 57 26
33 16 69
21 41 77
37 7 75
9 73 36
76 66 60
74 65 11
20 74 70
52 61 35
59 31 50
65 44 47
39 46 78
59 30 53
53 50 27
15 34 26
29 53 6
34 38 31
7 66 77
60 50 65
18 25 55
10 57 75
2 18 3
46 59 15
2 38 40
26 55 45
8 41 16
26 10 36
5 18 53
81 72 67
21 62 67
49 1 63
34 1 58
54 38 25
22 61 25
40 74 17
32 27 55
59 45 70
3 67 56
52 25 31
16 4 44
48 81 51
73 62 34
3 37 38
36 77 18
51 16 50
60 47 6
56 76 43
30 63 80
14 76 59
73 32 15
37 33 9
38 31 39
49 14 57
14 73 21
41 64 59
64 19 36
10 61 6
73 77 15
15 21 41
15 53 20
1 45 72
16 3 15
67 31 79
42 25 35
51 51 52
15 39 64
68 59 71
41 14 1
49 78 45
47 4 77
14 74 52
14 20 1
11 61 73
41 72 46
37 8 78
64 75 54
52 42 14
79 79 18
43 35 55
79 6 31
15 47 23
34 15 77
79 1 79
7 77 16
32 46 6
61 68 53
46 38 23
73 64 77
56 41 68
71 75 37
14 44 13
74 18 3
61 48 57
1 62 2
38 30 60
37 72 6
55 18 1
77 10 72
28 69 82
3 41 35
18 16 9
4 25 29
17 22 39
72 65 24
35 79 3
24 20 66
15 65 19
10 9 11
25 49 3
5 68 41
65 6 41
8 57 58
26 68 53
76 43 31
40 58 74
66 70 64
23 51 16
33 7 71
80 34 56
82 76 41
42 70 16
11 64 66
44 12 80
39 57 42
4 54 12
65 18 15
39 17 38
24 71 51
5 32 48
27 5 74
11 22 69
11 74 21
65 57 34
41 21 73
71 20 42
11 73 63
45 65 55
54 10 19
44 48 9
6 31 62
81 76 3
31 4 74
27 53 7
51 38 25
12 9 43
11 60 36
54 53 6
55 28 13
31 53 34
42 27 4
73 31 80
5 16 28
37 66 76
72 77 76
6 28 13
6 66 58
36 26 58
63 7 22
51 75 7
46 45 36
31 26 39
11 80 16
3 30 26
4 21 49
45 25 64
38 54 9
50 16 42
39 7 71
37 61 12
60 45 41
23 16 47
35 77 23
7 28 54
75 62 9
79 14 49
45 70 11
1 41 82
57 54 15
41 64 31
70 51 47
54 24 23
26 51 55
27 11 73
50 2 55
70 22 61
55 8 46
47 44 54
60 37 58
60 4 10
47 4 80
27 73 9
44 82 40
26 7 5
16 35 2
40 60 2
22 36 74
49 2 52
30 14 52
69 82 22
78 62 79
64 40 59
24 57 34
33 50 20
60 63 66
75 75 71
80 20 65
6 59 44
21 43 79
69 38 55
72 21 43
19 72 29
12 34 10
61 5 9
47 80 43
56 72 75
39 73 51
79 77 29
16 78 7
24 27 35
14 6 58
19 61 52
22 21 64
29 16 63
2 78 37
28 62 23
77 48 61
36 78 66
8 80 4
50 71 78
29 80 44
39 52 9
72 22 31
56 43 58
58 60 5
8 26 57
52 80 20
30 4 37
67 37 81
13 31 47
22 55 5
28 29 60
18 74 1
36 35 49
78 76 13
56 12 7
79 31 15
40 15 67
3 38 45
23 78 27
43 2 28
5 65 26
38 11 78
24 60 52
48 5 65
20 62 22
2 18 35
1 67 68
19 41 15
25 74 29
18 74 63
4 30 82
4 36 31
4 21 67
54 81 12
16 48 16
71 29 58
54 15 12
81 7 24
72 39 82
76 74 50
68 38 2
74 6 74
37 19 55
60 41 30
23 82 59
15 44 50
46 55 18
3 33 59
11 3 25
52 8 76
27 59 58
17 22 4
54 43 82
71 16 53
11 10 20
5 62 7
53 57 44
70 39 4
82 21 60
76 17 58
71 13 1
33 37 34
51 81 82
31 69 76
80 34 55
36 71 70
4 10 39
76 23 27
73 9 80
75 37 75
82 25 50
29 48 12
81 6 15
57 37 25
57 8 8
18 55 30
19 11 13
44 26 82
68 70 66
46 77 6
49 57 79
66 74 72
4 55 71
41 12 66
11 65 63
81 19 44
32 17 82
13 73 78
48 65 44
33 69 76
67 57 8
65 46 62
31 59 13
71 50 75
55 27 60
1 20 60
50 2 47
24 47 13
33 45 48
68 7 51
43 23 80
42 77 10
36 19 26
9 14 8
51 16 32
50 27 74
68 55 33
68 45 29
41 61 41
27 17 61
77 31 75
77 38 79
3 80 53
37 3 56
78 17 65
5 57 66
9 8 2
50 76 14
63 75 20
63 9 9
28 50 29
53 41 39
43 60 7
19 55 53
46 72 10
69 35 25
57 20 73
43 29 52
30 74 39
73 1 16
53 48 33
69 73 72
42 46 64
6 50 66
28 81 60
49 6 11
6 41 28
66 13 67
15 73 70
33 66 19
73 35 70
73 77 78
70 47 21
22 71 33
49 81 67
82 70 14
50 16 50
20 76 7
42 33 39
8 11 42
49 6 43
78 7 26
17 21 46
82 64 18
68 16 10
53 65 73
22 19 53
15 78 46
15 78 28
40 28 54
79 73 11
71 66 59
51 74 44
36 48 18
43 27 6
54 51 30
61 33 53
20 8 63
72 59 12
60 47 65
21 31 45
53 40 23
40 51 10
58 23 7
56 26 1
38 71 64
54 14 22
43 29 12
74 66 52
36 61 6
47 57 19
80 3 57
54 22 47
33 6 69
68 70 45
28 4 49
42 52 50
77 53 52
47 22 82
57 69 34
58 18 50
23 37 79
40 69 67
32 23 64
71 81 56
68 59 41
32 19 67
36 59 54
62 55 56
66 69 10
4 14 76
50 65 40
39 16 34
7 78 37
1 24 41
51 76 61
59 11 74
30 61 36
52 35 66
66 18 79
21 53 48
12 44 15
32 3 69
67 5 78
70 41 2
19 23 78
80 70 7
68 23 14
45 27 31
45 13 42
14 46 22
13 55 32
57 7 15
41 34 45
69 44 58
47 6 22
20 70 76
76 29 13
26 45 7
62 13 31
15 16 36
28 29 6
35 31 8
36 59 63
5 47 80
71 7 18
73 55 23
41 57 24
61 61 66
70 28 47
22 24 46
26 49 15
44 29 31
41 10 21
78 62 42
23 52 66
57 11 16
44 10 54
63 62 61
26 71 27
17 22 38
4 22 59
78 36 19
78 42 12
23 17 81
22 59 14
65 27 80
32 3 66
33 49 40
34 2 75
5 82 70
60 45 13
45 73 80
21 42 19
76 44 20
72 73 77
18 80 68
11 16 10
19 8 20
19 74 36
81 51 47
45 65 67
24 7 5
10 65 49
43 40 44
61 34 27
66 44 75
53 7 16
80 70 52
13 9 42
61 33 78
62 78 34
45 15 8
58 8 21
34 67 77
21 78 34
55 53 32
69 3 68
31 79 75
61 48 59
62 41 1
7 18 55
40 59 49
32 39 60
59 29 62
7 33 37
60 31 4
73 63 70
12 41 60
61 58 27
34 26 42
21 37 21
23 24 79
28 33 64
52 9 12
81 18 30
1 55 37
70 19 64
11 69 36
16 13 3
36 43 58
70 1 63
48 15 30
65 41 36
68 40 55
60 71 82
81 28 82
28 49 35
15 76 57
76 71 22
53 29 28
59 18 7
28 66 1
81 55 8
40 78 6
57 25 55
62 24 62
7 21 12
11 5 52
31 38 44
61 13 21
58 11 55
71 45 51
5 47 81
73 12 74
78 38 53
14 56 10
26 38 8
55 51 38
38 82 70
61 58 76
10 54 72
81 44 23
7 3 32
20 48 11
14 8 58
22 22 39
44 37 55
45 82 18
8 48 24
2 23 54
71 4 49
78 55 54
4 62 31
23 54 43
82 3 59
18 24 46
11 22 13
24 82 12
55 79 70
46 26 29
62 22 35
9 23 69
75 8 24
76 77 48
51 21 51
38 18 59
19 52 13
11 77 57
5 63 6
74 45 59
61 57 1
5 64 81
16 81 55
40 78 32
4 65 67
61 23 50
35 60 50
76 9 3
56 82 74
12 21 41
63 33 3
75 29 22
33 18 6
61 60 72
71 37 15
73 64 43
16 39 32
48 80 76
21 37 21
72 6 51
1 81 81
70 28 39
5 21 55
6 37 6
74 53 73
6 42 26
39 18 22
47 4 23
66 75 52
10 51 23
13 17 27
8 6 41
76 76 14
46 6 69
76 52 34
61 20 51
53 37 59
78 27 45
54 64 38
78 59 69
32 67 32
72 29 72
32 16 75
62 44 61
2 73 32
21 28 46
50 22 15
53 67 75
80 73 75
22 42 46
61 7 52
70 16 5
43 4 62
29 38 40
38 75 49
45 28 51
71 62 36
56 37 76
66 13 44
14 29 41
7 22 17
77 24 9
41 53 70
79 37 25
57 30 79
61 76 73
48 33 14
34 50 50
28 70 36
9 28 76
74 61 77
76 71 79
46 2 67
72 17 29
24 59 16
42 57 32
28 33 39
20 49 72
61 50 4
25 47 12
47 70 5
15 80 1
17 19 63
47 55 63
55 19 75
48 26 69
50 19 6
29 82 24
33 18 54
14 32 46
52 23 79
9 3 74
79 29 53
57 56 59
8 26 43
71 5 70
5 40 76
40 58 15
56 33 24
65 55 55
16 6 68
77 35 32
15 68 17
35 81 39
60 65 19
74 56 29
42 70 78
53 50 54
79 74 29
45 28 46
14 48 70
23 68 70
69 16 14
4 69 34
43 47 66
68 32 78
42 79 75
69 65 43
18 22 43
39 1 64
10 55 14
78 4 26
80 18 30
52 65 6
73 47 67
45 70 41
74 40 16
35 27 45
6 56 53
79 64 58
61 17 22
65 19 44
26 15 62
74 19 61
46 42 11
27 20 22
31 69 79
74 76 79
36 41 61
41 34 40
45 17 76
56 41 78
37 48 66
63 65 73
79 71 72
11 2 44
56 65 45
25 30 6
40 64 60
28 24 19
76 45 58
11 10 1
70 51 82
29 16 12
18 2 67
54 66 42
16 68 30
52 57 27
38 74 6
19 39 67
16 14 76
60 77 57
25 30 28
71 22 30
40 47 56
62 2 64
6 12 75
56 45 49
8 6 31
8 23 23
40 65 57
55 46 67
21 26 16
18 7 39
39 24 28
3 7 27
75 68 18
25 81 35
32 49 73
3 57 51
38 25 51
19 6 53
7 29 52
47 29 63
1 16 11
55 53 8
42 4 70
6 9 67
22 58 55
48 43 75
73 64 45
76 80 82
41 44 16
41 31 6
38 55 78
54 69 47
58 63 53
35 54 75
5 50 64
11 36 24
15 51 3
37 61 33
20 42 28
47 39 43
63 31 17
18 18 15
62 40 1
14 76 77
46 19 70
51 57 68
75 1 25
7 70 67
49 27 82
79 62 55
33 27 48
66 80 66
66 32 53
35 26 8
27 73 56
1 70 59
5 19 4
74 37 49
60 58 63
32 37 26
81 33 34
68 23 3
19 17 8
34 61 47
73 44 35
66 18 46
27 40 27
60 71 79
82 73 26
58 68 20
25 21 3
62 20 12
40 68 26
61 13 68
28 4 41
67 49 16
34 48 52
46 16 49
25 5 25
46 72 48
12 18 21
23 5 78
20 72 8
27 23 78
44 8 49
25 13 22
78 65 82
70 2 73
59 57 75
26 19 73
70 4 3
53 42 42
39 50 39
52 43 37
24 33 13
7 31 70
64 5 57
23 11 59
64 27 76
27 22 75
31 65 28
43 78 14
76 18 41
45 7 64
42 78 42
35 4 32
17 13 78
23 24 43
53 69 70
10 76 4
40 56 16
21 24 26
48 33 20
33 42 42
56 21 38
34 33 31
59 65 35
57 23 82
54 52 80
23 72 70
8 40 36
53 81 67
40 28 75
1 21 42
20 33 57
20 82 3
3 36 82
17 14 54
33 14 68
49 72 40
68 66 24
21 6 51
42 75 64
5 51 35
76 44 44
38 31 82
73 40 17
56 68 64
8 8 78
22 23 24
49 78 12
38 54 11
58 77 56
23 53 62
47 1 77
63 19 18
1 22 12
12 61 77
64 6 47
44 66 43
16 27 75
40 41 28
66 56 16
54 58 13
25 45 56
1 45 42
2 54 2
31 20 74
21 9 44
58 71 39
40 44 53
21 65 81
56 71 12
70 18 32
62 61 12
55 76 33
56 72 16
65 71 72
68 27 78
52 41 57
48 52 73
20 54 71
76 61 71
15 69 71
36 31 11
26 1 17
57 52 42
9 2 35
20 2 52
81 18 55
76 47 20
61 75 16
8 6 32
56 28 44
80 42 70
39 63 26
51 32 54
24 75 67
6 65 31
40 49 71
81 63 59
18 49 75
13 79 3
32 23 20
29 40 31
68 25 21
51 13 15
82 61 5
27 44 34
76 2 30
71 27 73
42 6 13
11 9 17
57 4 19
21 55 20
11 48 35
71 71 48
65 57 70
48 40 44
61 3 69
79 72 33
57 74 21
73 46 43
32 18 40
2 35 35
81 51 31
62 12 32
80 1 19
21 75 64
58 14 47
58 78 62
73 23 39
27 53 70
30 43 36
2 2 22
3 54 44
48 77 61
47 49 65
81 51 14
73 3 32
7 4 65
33 5 5
25 49 37
74 75 4
26 74 58
64 69 49
66 46 59
51 71 68
24 71 49
80 70 13
34 78 21
32 37 4
46 27 34
21 70 54
53 70 27
82 71 70
30 44 64
27 20 78
43 76 73
74 53 15
19 45 81
35 2 33
4 9 7
76 25 78
29 47 76
33 79 20
18 18 50
11 24 23
3 80 48
81 35 58
73 23 46
51 54 50
16 27 10
18 23 35
35 43 52
3 38 51
71 55 28
69 44 20
51 21 81
43 8 9
38 78 19
3 49 75
35 23 71
10 69 51
60 5 25
35 29 49
6 16 77
34 32 14
58 38 44
12 16 80
47 53 44
23 74 20
69 6 49
30 31 5
67 77 32
4 4 54
17 55 80
42 79 71
45 38 69
11 44 62
36 22 76
48 82 38
4 30 48
75 18 52
36 41 43
64 35 76
78 82 48
7 19 65
75 34 19
60 59 82
29 76 7
49 59 40
1 70 75
6 6 3
55 64 32
33 13 21
66 12 19
9 52 61
44 20 6
17 28 49
64 77 68
74 4 18
38 45 1
39 73 48
24 73 56
8 49 63
2 35 78
14 16 41
5 22 51
19 65 57
44 1 52
81 31 6
64 20 72
7 14 62
48 12 37
56 81 54
30 5 55
45 75 82
34 61 13
33 34 57
66 48 67
80 65 32
14 24 1
80 25 55
58 46 39
36 42 73
19 78 82
3 74 78
23 49 52
57 79 25
26 34 50
58 48 29
79 9 28
71 46 12
70 64 69
38 61 34
79 66 25
27 14 28
77 35 41
63 9 7
65 38 44
27 13 42
18 72 22
68 78 3
82 59 57
51 19 37
81 48 54
77 81 33
59 44 73
40 21 77
41 48 8
33 1 5
14 41 29
22 59 67
57 76 51
82 11 71
29 5 9
50 37 38
35 77 63
66 57 79
41 34 46
18 62 35
49 78 2
79 29 13
15 19 50
46 68 45
46 71 82
72 13 41
37 76 53
72 59 3
81 23 19
7 52 68
37 51 81
3 71 13
45 44 55
68 28 2
75 72 62
12 78 23
43 8 43
58 6 1
69 57 81
50 8 78
62 3 40
12 67 16
30 28 82
29 80 57
21 14 61
38 9 19
28 82 27
60 22 1
47 76 15
75 51 30
58 76 31
68 21 44
69 34 68
20 71 5
17 67 28
11 45 76
24 25 37
34 4 74
14 24 63
41 70 57
65 12 38
21 32 1
71 6 59
11 6 63
18 80 79
26 53 17
71 22 28
26 27 2
36 63 71
78 46 63
22 13 80
38 68 52
27 35 67
81 35 44
76 69 52
22 61 62
11 29 73
67 73 30
48 17 81
72 45 47
39 63 37
73 22 18
28 50 25
1 25 22
52 10 39
42 65 48
66 27 45
47 51 63
2 29 47
54 36 7
55 26 10
76 75 75
11 19 31
18 66 52
1 11 38
22 9 17
68 42 14
75 37 3
60 65 82
61 23 49
81 38 49
79 56 38
36 82 9
69 68 29
17 30 68
66 13 24
75 49 5
64 46 23
14 58 19
22 56 29
13 34 69
23 80 27
76 28 31
70 12 77
57 72 47
62 73 80
42 3 22
42 46 62
9 34 25
68 8 27
7 26 46
7 77 3
72 71 20
81 57 4
60 71 63
82 52 34
9 79 76
15 16 59
67 58 60
38 62 70
78 55 55
81 41 18
71 76 51
1 36 22
57 5 22
76 17 49
6 62 43
78 65 43
79 23 59
18 10 54
44 45 16
36 40 43
44 66 44
39 50 49
60 24 56
80 78 60
16 57 58
32 61 68
43 9 25
35 40 70
28 54 26
78 37 26
54 69 69
47 47 31
65 70 47
37 70 70
71 42 41
75 68 14
59 40 75
41 1 48
27 21 38
31 34 48
76 58 20
38 17 27
3 32 62
57 24 82
24 42 11
42 44 52
15 46 52
76 9 76
32 23 30
70 35 33
15 65 62
68 44 50
51 55 69
54 2 54
18 47 9
6 21 73
32 2 10
54 27 73
8 44 78
48 64 12
67 16 62
36 64 34
42 68 51
43 50 78
44 77 73
41 24 28
72 23 6
36 72 65
23 22 81
32 62 20
16 2 52
27 26 53
59 41 10
12 28 16
68 66 63
28 15 3
59 82 67
24 5 41
5 11 39
74 24 39
64 34 57
17 14 7
38 33 47
80 46 74
52 1 35
26 77 35
53 21 69
68 17 19
82 76 26
9 26 17
46 52 30
29 75 14
57 49 76
82 37 26
5 16 16
26 21 20
11 70 61
6 43 31
76 82 61
77 11 46
44 57 72
67 20 65
74 59 24
45 67 61
27 63 55
82 34 80
26 13 37
1 64 55
28 1 2
55 29 57
11 68 66
16 46 9
60 70 21
25 53 2
1 72 36
62 38 55
40 36 61
78 71 73
2 70 32
60 35 59
51 37 81
4 81 13
64 40 62
24 71 7
38 66 16
10 21 19
31 45 35
82 55 23
52 65 65
20 43 63
9 41 7
77 40 8
55 50 79
61 48 2
33 30 77
30 2 1
79 28 27
13 57 35
11 40 82
10 48 81
75 55 11
12 45 18
13 79 17
42 44 59
16 76 32
12 51 61
57 64 77
67 61 72
18 31 55
23 5 1
34 73 7
57 79 65
55 80 48
13 41 24
54 43 72
36 54 74
67 36 61
4 50 63
51 69 49
24 44 39
5 75 1
81 45 56
30 44 16
34 15 4
20 57 23
26 6 48
10 41 60
42 38 18
57 14 21
65 40 53
27 21 59
31 29 45
59 57 2
12 7 65
57 59 33
73 21 26
66 5 59
23 66 58
4 37 51
20 14 10
48 23 18
4 68 43
1 32 44
34 79 53
18 8 78
26 76 78
69 30 73
82 47 64
9 61 57
60 77 16
32 40 38
10 33 76
16 39 34
78 73 68
1 21 62
75 37 73
77 26 79
45 74 47
11 52 10
25 67 2
71 50 6
6 2 58
34 59 14
41 74 30
41 31 49
18 45 9
3 54 65
7 25 45
38 13 53
27 10 58
45 12 16
22 80 46
19 82 28
17 46 1
68 35 75
52 12 25
29 24 18
75 8 50
23 47 5
16 8 37
43 79 79
37 43 81
61 61 41
7 71 81
28 3 10
30 31 61
28 30 34
73 82 10
31 44 66
73 46 76
20 81 73
66 20 28
30 20 62
23 35 59
77 29 15
56 26 61
56 42 29
50 37 28
31 69 43
5 3 63
6 14 67
38 13 5
18 52 5
71 18 19
13 25 82
61 78 23
57 79 69
6 20 73
58 60 29
55 54 79
23 4 4
53 76 33
7 37 80
64 23 32
10 61 51
36 60 27
16 48 15
18 18 71
7 10 3
53 51 33
50 81 40
1 19 33
2 69 28
67 28 44
28 72 73
24 31 73
8 28 9
23 7 2
31 69 17
21 57 38
28 48 68
54 49 2
73 25 7
15 62 28
53 66 24
41 72 70
64 23 48
9 11 33
21 56 8
28 43 19
3 21 1
75 48 63
65 49 68
13 78 82
53 58 53
20 15 2
17 73 33
41 51 72
10 60 72
12 51 81
1 59 58
39 63 40
33 81 2
72 71 45
30 33 57
53 37 58
29 43 4
46 71 50
67 72 18
65 68 78
27 78 12
17 62 60
11 8 23
49 71 25
17 50 71
68 22 57
79 47 47
57 29 71
36 65 30
3 38 40
30 76 57
22 40 30
15 74 20
60 7 37
73 42 68
73 17 72
48 77 10
82 79 58
47 14 62
71 49 24
17 10 34
28 78 19
11 8 5
36 7 37
8 62 30
39 2 62
20 23 41
63 21 60
62 2 28
22 30 43
34 74 80
10 50 46
39 13 73
35 28 30
59 53 23
19 13 48
42 47 67
30 28 44
54 56 76
68 27 59
73 34 24
2 51 2
19 78 34
31 80 33
1 53 2
12 61 22
40 56 58
76 45 24
43 66 77
39 18 82
29 73 11
51 23 44
5 71 62
48 13 1
46 17 52
30 59 58
13 36 39
53 25 23
6 15 23
82 33 10
65 30 63
4 29 34
46 27 37
76 22 9
16 42 17
61 55 28
10 39 42
21 9 59
13 43 46
74 61 5
49 33 50
58 76 62
50 63 46
77 67 18
28 24 8
16 10 5
60 44 39
51 72 65
40 60 51
14 28 72
39 39 53
6 80 82
8 62 36
11 57 63
81 48 27
24 11 1
44 15 27
30 46 37
64 67 26
52 45 28
14 51 77
60 6 9
82 5 19
61 53 51
11 3 7
67 26 65
5 73 41
40 45 46
39 15 74
11 81 12
19 82 64
61 80 79
64 18 37
2 51 80
10 65 43
24 73 18
26 23 5
7 78 28
64 40 4
52 61 64
3 51 82
26 42 3
36 10 74
73 48 18
36 25 37
36 23 2
40 58 49
1 76 16
24 50 25
13 16 29
16 58 40
53 82 68
70 72 13
14 27 34
66 4 46
37 5 73
61 8 20
69 21 9
55 63 44
50 32 79
11 19 74
81 38 49
25 68 68
60 28 65
50 40 72
31 39 25
53 32 19
79 69 62
52 45 5
25 45 2
79 58 65
41 2 20
30 3 18
63 33 72
57 29 45
29 5 70
69 67 65
79 60 19
15 64 58
22 51 29
58 43 10
32 33 13
74 58 32
33 7 81
45 78 73
32 30 18
45 68 39
23 23 11
15 62 71
50 80 16
33 26 75
54 76 29
18 60 23
16 78 15
21 49 60
56 12 8
74 42 2
19 57 70
29 54 77
36 59 37
13 9 45
55 80 33
53 47 40
17 45 14
25 46 71
19 79 72
73 11 27
61 74 74
20 8 59
77 59 12
69 21 16
24 15 70
6 69 36
34 67 58
20 17 56
29 15 18
74 30 54
8 53 10
32 8 4
68 68 39
14 8 48
70 14 10
43 30 43
74 74 9
29 68 72
70 41 34
37 37 4
31 38 48
33 7 7
5 81 74
24 32 80
6 27 33
62 10 64
43 29 22
22 41 8
14 62 41
14 32 73
64 56 34
54 12 76
8 50 52
17 20 59
81 36 61
10 8 21
10 74 27
80 81 31
28 25 39
13 66 55
30 2 22
19 59 36
36 2 48
27 74 76
76 57 5
29 43 26
49 27 52
9 29 48
8 67 5
72 20 6
49 43 7
38 60 56
56 19 55
43 18 5
60 81 60
13 37 58
44 77 8
78 2 82
24 39 27
52 7 76
32 69 81
56 59 43
48 46 54
12 63 40
7 36 79
58 21 31
67 24 35
60 69 12
55 32 17
32 29 2
28 75 5
79 14 24
62 37 38
63 5 32
30 13 28
28 34 43
15 30 36
10 62 41
65 16 5
63 74 41
45 8 43
13 6 21
82 2 68
59 47 7
4 29 28
71 24 72
62 14 23
22 16 46
53 53 6
81 48 43
79 49 68
73 33 31
76 11 15
25 25 34
15 47 22
36 23 75
1 33 31
80 63 64
61 23 56
46 35 45
39 81 35
4 2 81
9 47 8
10 30 9
52 34 36
42 40 35
8 32 77
8 24 9
77 79 27
29 80 30
22 12 27
16 41 15
56 63 30
69 56 17
69 53 60
8 12 41
33 45 34
8 26 62
55 11 13
26 23 13
19 1 25
76 7 16
13 15 2
8 17 48
1 66 51
69 13 13
1 4 22
3 9 36
71 77 8
49 47 43
66 71 32
69 21 2
77 35 2
56 75 70
40 74 57
35 25 80
17 4 67
77 36 20
36 79 27
32 15 19
59 18 61
54 12 27
10 24 59
9 53 48
11 72 55
57 8 70
48 9 37
63 6 42
67 1 34
13 59 26
5 69 77
78 59 72
51 37 47
3 37 48
23 25 22
59 6 11
4 49 63
54 76 12
15 21 64
25 16 8
80 64 8
44 37 29
21 67 48
17 43 80
64 14 74
69 27 27
47 9 32
71 71 3
22 78 66
64 68 81
48 46 75
57 54 30
35 68 19
13 52 39
48 2 18
75 32 9
11 69 41
30 40 69
78 10 50
55 42 18
73 64 31
12 27 18
28 8 70
6 73 19
56 42 23
81 25 5
55 33 81
19 25 45
5 44 40
52 35 49
40 27 58
52 71 7
44 20 77
43 23 64
20 81 12
14 27 33
27 49 50
77 45 17
54 82 39
8 70 9
12 62 16
41 37 70
71 10 25
17 64 53
70 6 63
10 23 24
37 33 12
63 79 28
1 56 1
6 41 46
3 76 32
73 33 29
50 25 82
2 20 62
11 46 34
9 80 68
13 1 65
29 9 27
3 9 2
48 14 15
65 4 8
52 75 29
35 26 70
4 26 73
15 10 31
68 59 43
23 49 17
32 48 82
25 58 3
12 55 5
74 55 43
64 52 82
54 23 70
56 21 79
20 76 43
16 65 49
6 42 80
18 80 61
40 49 55
42 8 25
69 82 64
40 31 26
15 56 60
50 17 45
25 76 38
32 52 80
62 29 8
59 33 5
67 9 36
68 60 30
60 82 24
2 11 75
55 13 24
34 67 44
23 50 39
72 70 3
62 50 51
38 62 17
47 67 9
38 63 28
6 73 26
21 23 77
46 69 23
82 23 65
35 12 17
4 63 16
41 33 60
76 17 58
18 39 31
63 47 31
60 44 16
11 33 59
78 65 12
36 55 47
31 30 53
49 5 33
37 4 36
82 44 67
43 42 66
75 64 57
37 50 4
19 1 44
50 73 71
79 2 9
63 43 20
48 58 8
76 49 62
16 30 67
48 66 69
36 49 42
76 48 51
47 78 15
51 62 16
69 80 32
31 39 15
45 43 36
56 44 81
70 8 25
60 7 52
60 11 49
52 52 62
3 45 72
47 12 18
6 58 77
72 41 22
60 29 34
55 57 16
50 79 42
69 81 21
58 67 39
82 75 25
3 3 55
24 77 34
48 29 35
48 57 61
3 5 57
82 59 73
58 51 14
79 28 60
9 39 8
46 55 61
28 5 38
3 55 28
5 46 63
43 82 25
47 35 11
32 4 56
5 62 69
26 9 53
29 32 33
49 44 45
23 68 59
62 73 3
53 52 14
77 31 33
23 69 43
26 12 38
12 3 45
9 26 69
40 80 25
23 47 62
11 18 78
75 62 66
57 74 18
49 3 65
11 51 71
43 31 52
27 69 59
56 81 55
15 53 58
37 55 75
78 68 72
44 67 2
70 19 68
48 2 42
36 29 55
26 42 29
30 46 77
41 23 54
74 36 59
68 25 14
76 65 49
22 75 18
69 22 41
26 58 4
41 50 11
51 74 15
48 20 75
28 21 45
61 10 61
51 67 30
5 54 72
71 22 31
55 63 42
17 75 20
2 78 25
31 48 81
13 39 23
33 20 28
25 39 12
13 64 82
64 39 37
5 4 9
23 19 79
11 55 12
66 79 80
29 50 69
4 59 21
59 3 72
61 78 43
7 49 47
15 14 78
30 35 33
56 4 31
59 60 2
77 78 57
65 77 17
45 52 28
72 63 80
12 53 3
27 77 23
4 73 22
82 64 37
22 61 6
20 50 54
66 52 47
31 14 35
56 43 77
54 78 75
48 12 76
25 47 2
81 5 32
82 54 7
31 65 27
41 79 37
52 68 44
18 79 15
73 54 78
3 30 82
10 38 2
49 47 62
56 23 45
62 52 8
22 52 64
19 75 13
30 38 8
42 2 50
58 68 11
11 82 79
76 65 55
14 75 3
79 77 60
12 57 12
8 69 81
82 37 64
18 51 16
41 63 48
45 36 72
34 24 48
69 6 67
59 33 31
24 58 58
72 5 70
36 3 24
58 82 34
29 79 60
82 34 23
5 69 19
20 12 56
37 2 4
81 22 31
65 6 9
28 54 13
29 40 51
18 43 78
81 65 38
55 55 60
29 40 27
19 34 1
1 16 59
11 39 71
52 5 24
58 42 46
77 4 24
4 11 51
63 22 71
20 23 16
49 26 78
12 13 76
7 19 8
77 81 78
74 54 14
71 12 3
1 34 79
17 11 36
62 30 24
81 74 15
74 75 58
21 34 27
48 7 24
7 65 80
25 18 14
39 77 55
2 3 36
40 73 29
40 57 81
56 39 12
45 41 49
31 76 32
80 48 57
36 61 47
22 4 8
64 20 27
23 59 21
53 70 13
10 26 36
80 8 82
21 74 27
17 67 64
8 26 32
33 77 10
63 19 45
71 17 22
36 77 64
78 25 29
6 38 11
81 24 21
26 37 67
34 17 34
32 67 2
47 73 76
4 19 5
37 32 53
38 21 69
45 24 11
1 50 22
60 68 11
78 13 31
42 73 81
69 52 74
78 18 39
57 31 59
39 70 44
40 48 7
13 79 79
17 55 58
10 35 7
65 43 57
18 7 30
54 78 19
12 4 76
16 8 47
45 23 74
64 53 56
50 82 25
15 28 69
29 35 34
45 34 70
10 71 24
13 57 65
37 57 55
44 9 35
14 37 54
11 66 71
54 69 54
80 10 7
77 54 63
1 76 44
17 52 44
4 42 5
51 18 53
34 57 42
69 82 1
18 38 58
28 13 60
60 82 10
69 41 67
72 34 59
18 78 56
75 26 14
53 47 15
79 1 66
29 71 46
72 65 49
54 13 66
14 40 51
29 18 39
66 23 33
13 66 74
78 34 49
7 24 78
60 24 1
3 77 18
49 52 33
5 10 70
17 56 50
69 61 57
57 81 31
61 55 2
22 75 73
28 27 56
73 75 62
28 36 18
65 6 62
74 63 12
44 5 1
14 44 30
29 3 51
38 62 66
52 15 43
59 36 1
54 63 23
43 45 64
5 71 17
39 14 49
34 34 57
13 74 45
49 42 42
20 82 67
23 5 77
20 76 72
81 14 57
51 44 80
80 57 27
56 58 60
34 38 49
59 2 29
25 70 75
17 5 40
30 18 68
62 38 60
50 13 2
50 32 74
82 38 31
52 10 18
62 50 78
63 64 29
15 24 73
28 49 35
65 35 20
76 53 57
55 7 37
53 2 25
71 31 61
71 45 7
77 42 12
55 40 65
63 7 62
53 81 65
73 4 36
28 4 3
73 30 49
16 66 2
69 59 24
32 35 62
47 54 51
72 52 82
79 42 69
56 81 9
62 15 79
55 17 68
52 81 67
28 3 12
25 43 8
41 43 56
15 1 6
65 51 80
11 31 48
65 40 5
50 69 6
45 34 8
57 60 66
15 65 66
51 74 20
67 16 3
31 67 1
10 73 7
27 48 57
78 80 10
82 4 1
41 34 22
48 35 4
38 71 25
2 77 20
72 77 17
38 28 62
18 53 54
75 2 34
20 35 46
17 7 44
80 66 40
57 16 52
81 30 76
44 21 7
73 31 37
3 31 41
11 41 6
63 10 45
45 79 50
68 25 52
14 33 12
33 4 77
11 26 12
27 11 24
72 52 28
27 4 82
70 21 39
11 1 22
32 82 36
40 56 71
81 48 54
71 5 78
58 70 66
30 61 49
78 45 3
60 41 68
40 76 45
74 28 11
54 10 2
65 4 2
49 57 44
58 16 52
13 40 1
2 7 23
52 24 73
1 78 1
33 41 37
62 33 22
61 56 19
64 49 75
79 68 7
10 53 12
27 55 46
26 68 64
33 16 52
49 30 51
70 75 36
35 15 30
14 22 33
3 20 56
78 22 39
39 14 70
81 61 52
46 82 34
56 42 37
20 77 11
34 82 72
47 64 6
43 49 13
59 81 12
51 36 55
25 79 63
5 20 74
18 51 76
47 17 23
82 16 53
16 52 46
81 18 21
78 20 18
42 39 18
63 68 47
39 10 23
55 7 16
42 72 38
59 33 4
59 68 1
30 48 75
34 44 10
77 72 54
65 9 55
54 65 50
68 8 66
22 28 75
30 37 28
37 81 17
15 66 81
35 9 6
72 9 8
75 34 78
60 77 12
66 13 77
75 68 43
49 70 78
52 58 16
75 14 17
70 6 2
1 20 21
21 13 33
50 40 69
75 43 27
46 38 22
54 48 2
39 56 13
60 15 31
5 79 36
11 15 33
40 62 18
73 32 23
60 46 51
48 6 81
33 58 41
52 25 36
23 3 26
23 12 68
50 77 54
26 47 15
51 52 9
7 22 15
34 49 35
48 4 49
12 63 52
29 20 82
54 39 72
56 23 1
28 80 27
73 68 13
78 34 19
45 32 27
26 57 67
49 81 70
22 15 75
61 50 67
13 34 37
82 77 63
28 49 32
58 40 52
61 9 76
47 26 57
34 39 62
39 42 65
51 38 41
61 58 34
20 34 77
45 28 69
5 38 44
39 14 73
10 71 5
39 72 62
17 82 9
6 37 49
32 54 14
63 69 26
71 70 64
82 40 71
7 7 68
22 61 30
9 81 64
73 21 76
23 50 77
62 3 12
8 76 14
55 61 17
36 66 33
47 45 40
61 9 26
79 58 58
57 4 47
20 81 72
65 40 39
1 71 70
6 24 58
56 80 56
14 7 23
66 14 13
10 50 77
33 46 46
73 57 75
68 21 82
31 23 9
