10000
49 73 40
50 10 84
49 29 84
92 10 5
13 54 9
41 42 54
74 64 87
37 86 73
77 40 27
48 78 4
81 89 10
45 52 35
16 12 61
21 14 32
27 28 63
89 33 54
32 55 30
66 67 81
77 40 24
8 43 92
39 47 58
74 53 73
62 52 2
23 36 51
47 29 82
83 68 18
60 70 74
77 79 74
86 67 31
11 13 4
7 51 80
76 78 11
62 38 31
55 43 4
68 75 10
80 46 6
72 19 23
17 84 60
39 11 26
56 79 28
23 72 42
66 12 13
84 58 14
70 85 61
85 6 75
83 44 49
32 83 66
37 92 9
29 37 39
21 73 41
26 60 79
56 70 77
3 69 80
17 85 48
30 13 58
48 52 45
9 56 80
76 16 18
88 17 71
39 5 93
60 7 29
18 36 82
60 93 49
57 86 38
93 3 9
9 17 11
24 56 40
91 30 71
88 23 34
5 34 75
29 71 12
4 4 22
33 5 70
11 48 61
72 48 88
10 70 7
92 80 43
37 26 91
43 28 34
3 75 2
51 35 78
43 24 29
49 17 41
9 4 23
2 30 17
18 90 21
76 83 4
62 89 2
35 65 80
61 41 84
8 52 35
46 2 50
45 30 52
44 63 65
5 92 55
3 93 34
67 30 4
7 64 76
55 11 21
67 40 19
85 90 2
8 56 7
45 23 79
49 41 31
24 8 70
6 34 75
25 69 74
64 3 9
27 2 76
34 79 51
29 27 6
32 36 70
49 40 81
12 90 41
67 8 61
19 76 58
49 53 4
59 10 22
19 9 82
45 2 65
16 65 47
63 47 77
49 21 4
25 56 42
85 93 71
51 14 59
16 29 92
17 21 13
17 38 42
33 64 67
56 49 20
35 48 53
24 16 12
77 62 3
20 56 14
18 34 2
40 67 42
90 81 68
65 46 27
91 88 35
16 28 12
57 64 92
45 75 31
90 61 2
38 52 2
8 57 18
23 41 53
6 85 48
38 47 1
37 79 21
24 51 33
69 31 21
32 23 78
13 54 57
68 47 15
16 82 44
27 47 8
24 17 9
80 90 34
47 5 14
83 51 91
58 6 76
80 5 14
66 48 52
20 63 55
51 74 19
72 83 71
4 79 74
37 5 53
26 77 62
42 63 28
54 53 88
72 7 1
55 14 66
5 72 74
40 82 77
58 2 84
8 14 68
71 63 23
78 92 32
29 77 33
6 70 28
9 34 31
23 40 92
4 26 26
34 20 84
78 32 9
34 57 49
22 12 46
26 21 40
82 92 37
43 65 21
26 62 55
1 10 93
57 15 14
92 44 28
36 53 76
39 76 47
25 19 27
91 32 11
76 41 52
85 54 81
68 82 68
9 71 64
58 53 35
74 69 10
85 81 54
73 58 20
58 50 72
43 10 29
44 90 36
33 74 17
9 10 78
44 36 32
61 64 62
83 8 39
58 78 68
37 2 46
80 64 22
2 57 31
85 85 43
8 90 92
93 64 19
24 53 28
91 88 36
52 28 17
62 57 56
86 12 22
28 68 62
55 39 3
68 86 17
6 66 4
46 71 26
56 47 19
46 75 57
13 27 38
31 48 71
6 88 17
35 4 40
91 93 75
49 18 50
23 81 61
48 11 49
14 23 71
56 64 89
54 33 64
21 52 16
69 79 83
32 50 6
4 35 33
42 18 4
8 41 79
1 56 75
22 6 58
1 50 68
63 52 18
93 39 93
51 86 23
56 46 67
65 34 37
2 62 32
92 63 68
53 64 33
24 59 90
36 63 63
54 31 19
85 67 82
88 68 27
34 93 71
88 54 25
47 72 3
77 17 85
76 86 35
56 33 29
47 79 8
39 26 50
66 13 92
28 44 14
46 84 58
43 17 19
7 93 78
90 47 49
41 24 73
37 30 89
75 74 47
27 33 30
40 1 70
55 89 92
86 64 38
21 10 5
5 9 45
64 25 54
13 21 24
28 91 50
36 83 62
52 72 7
45 54 77
34 20 20
29 2 89
86 58 64
2 15 31
7 68 36
3 59 81
33 78 18
47 62 71
79 66 36
49 5 11
25 84 16
14 37 86
42 40 29
22 73 43
32 22 83
9 17 88
56 58 91
42 41 73
6 73 33
75 84 56
19 86 30
73 16 56
59 70 7
87 56 82
79 31 84
23 48 65
52 54 59
90 15 48
85 4 18
49 81 49
55 79 19
7 71 13
68 41 6
38 32 78
67 77 13
7 1 65
29 52 31
50 78 49
87 71 92
20 33 10
51 7 51
24 93 33
66 7 68
51 79 53
14 40 48
33 47 63
26 92 72
74 90 39
47 56 77
27 65 49
29 2 45
44 89 61
8 87 31
2 84 51
31 63 46
16 53 61
55 20 18
42 43 63
34 61 63
76 72 6
27 43 84
17 46 59
48 13 54
64 47 9
65 23 68
85 24 42
16 18 86
41 36 93
3 70 59
3 17 44
9 50 25
75 42 2
25 71 72
66 70 16
30 8 77
1 72 74
72 89 75
36 33 40
26 57 53
31 53 21
46 57 52
64 59 19
8 50 37
20 68 80
49 92 55
64 83 66
58 78 79
29 51 81
29 53 89
91 31 38
65 43 17
20 57 15
82 71 9
72 48 68
80 15 91
26 48 58
51 90 59
62 71 45
84 86 26
53 13 4
59 65 46
40 78 34
4 89 54
33 48 28
34 60 57
55 5 14
40 26 52
26 25 75
66 67 50
17 28 93
51 1 32
15 24 82
48 84 69
52 37 63
19 88 52
40 92 72
54 35 25
4 75 4
7 28 13
23 67 18
70 34 89
49 82 61
57 49 41
24 85 26
63 54 32
44 11 1
91 15 31
30 59 40
46 70 40
71 39 71
76 22 65
24 67 82
35 15 18
7 27 87
54 81 57
35 81 42
70 78 23
87 83 50
20 65 80
65 92 88
45 19 59
6 17 30
34 9 64
1 10 15
80 87 15
2 71 50
39 61 55
45 65 8
15 58 63
85 59 48
8 55 62
70 50 27
55 24 12
21 78 79
35 18 93
54 21 54
58 84 63
17 79 50
38 61 64
66 58 1
58 38 88
55 69 33
34 45 7
69 58 86
4 82 85
44 20 84
66 71 25
18 50 81
60 45 30
80 24 90
20 48 10
64 88 73
31 73 65
25 83 87
77 73 93
92 44 24
82 53 6
78 83 36
41 63 64
47 86 12
78 27 91
2 8 80
34 42 19
61 30 36
29 45 56
42 92 68
25 5 17
34 93 11
34 4 53
12 37 47
14 10 71
27 71 25
36 93 74
50 33 3
39 77 28
11 29 24
1 71 79
48 10 90
56 16 19
10 25 87
29 24 85
16 22 26
3 61 26
46 70 90
93 57 88
58 62 47
25 21 16
34 88 70
40 54 19
69 3 38
55 65 31
71 26 56
49 30 3
63 91 28
40 87 65
40 32 89
66 90 37
74 76 2
76 6 68
44 9 25
33 62 49
77 21 81
31 62 64
24 61 27
79 67 60
34 44 82
69 12 86
87 92 15
11 15 49
6 67 38
33 48 31
68 88 69
45 77 60
68 19 45
37 7 52
70 71 78
56 58 16
27 22 62
71 74 30
27 73 10
36 60 76
51 43 47
45 13 26
1 87 25
66 4 42
5 20 80
47 9 85
51 42 78
39 40 14
11 68 79
86 56 45
20 2 72
5 25 69
34 48 46
46 83 57
70 22 44
47 50 77
21 42 29
64 28 46
80 85 66
40 55 48
55 21 83
63 86 35
3 13 29
91 1 22
28 11 2
33 43 8
44 43 62
38 15 37
71 68 15
48 33 29
20 20 89
77 7 17
4 35 47
20 18 71
43 26 12
88 24 72
37 52 59
82 65 18
64 78 14
54 12 50
59 33 55
61 34 23
46 84 48
86 19 49
80 77 44
49 68 68
58 17 46
42 93 78
23 71 22
10 86 43
87 42 45
41 44 74
36 92 81
45 23 42
53 64 19
80 33 29
21 8 1
21 73 27
41 11 21
29 14 20
6 81 85
69 31 22
13 11 75
90 14 19
4 39 1
47 39 64
63 63 83
19 72 8
55 69 84
59 80 1
49 37 17
40 36 6
88 23 65
65 47 11
18 70 73
58 57 41
86 93 67
22 7 80
63 29 21
54 79 64
90 75 93
4 85 10
54 62 54
46 83 23
29 20 55
44 36 28
20 64 15
89 50 69
55 80 32
37 44 26
90 79 66
64 3 42
16 44 65
66 36 31
22 54 22
70 54 14
77 12 65
77 85 84
17 22 24
77 3 33
15 33 71
83 81 21
41 17 44
29 5 70
24 44 66
51 69 32
59 27 22
33 44 12
2 29 44
6 32 16
52 87 75
30 56 91
34 54 26
65 83 90
66 54 4
80 17 76
90 81 56
15 59 44
76 65 91
69 93 75
25 55 30
11 23 12
31 64 18
20 31 27
21 69 3
61 80 2
50 8 43
17 26 47
36 69 37
20 3 38
78 39 8
71 55 17
11 32 14
90 46 67
83 80 66
33 77 33
45 47 85
75 33 79
71 9 43
38 85 46
84 39 50
21 13 76
9 3 6
48 20 42
24 35 18
87 16 74
91 33 90
6 69 9
67 23 58
25 18 86
78 53 45
64 55 71
75 65 4
20 11 73
16 59 33
39 39 81
33 36 76
28 30 61
57 41 93
48 78 87
84 2 65
50 10 17
32 68 74
49 65 48
1 66 31
15 6 23
70 25 25
76 39 66
77 70 83
37 76 72
26 61 27
69 8 30
90 44 46
46 64 5
11 24 76
6 5 30
27 50 58
69 73 68
92 11 28
68 51 91
36 25 69
75 87 71
24 49 29
67 17 24
17 61 49
37 88 70
11 67 5
50 46 19
90 7 68
49 37 13
67 12 83
87 75 79
5 41 46
75 3 18
11 61 61
5 55 44
25 49 89
45 28 16
73 42 55
67 44 25
2 45 36
44 18 54
81 8 27
45 32 69
29 37 2
48 58 83
90 81 5
81 13 69
78 46 83
1 70 93
19 79 42
60 69 28
75 78 21
37 91 61
31 84 33
46 14 51
41 1 9
80 28 72
50 67 9
77 45 92
12 72 65
32 23 9
81 78 6
32 87 86
49 78 55
30 60 70
90 12 37
76 30 90
44 37 27
78 13 53
22 8 88
9 17 29
26 17 18
83 33 3
32 40 85
10 14 1
93 83 21
5 86 20
42 10 41
37 17 55
71 81 16
92 20 71
91 21 28
67 88 27
54 59 12
49 83 14
23 91 18
90 50 64
56 71 4
34 23 72
44 81 15
56 22 35
25 40 50
60 91 14
62 42 58
70 83 81
49 13 20
41 39 91
6 39 74
22 24 42
7 49 45
7 32 50
82 45 46
44 46 78
64 3 62
86 51 78
59 42 26
15 24 83
20 53 42
16 12 32
51 59 93
74 34 50
54 84 45
60 89 45
18 38 1
11 9 32
55 12 28
23 45 72
26 91 38
58 61 78
73 12 60
66 41 78
6 46 67
59 58 86
47 36 32
39 57 26
34 51 78
53 16 33
29 37 12
42 44 36
32 84 85
25 48 55
11 10 2
8 16 77
44 35 44
44 1 30
51 48 9
60 47 73
93 87 52
78 36 88
72 78 78
37 92 29
54 67 44
7 78 48
36 12 30
79 55 30
84 51 41
41 88 10
82 6 47
14 34 29
4 17 78
32 64 57
24 88 7
33 62 93
39 15 74
25 63 25
40 9 86
88 24 28
11 15 43
33 39 63
73 46 26
45 32 38
76 90 84
92 13 82
5 88 22
36 15 90
48 93 70
86 17 16
35 32 34
24 74 14
28 6 49
35 81 35
12 25 48
77 92 86
24 44 32
64 37 89
60 34 88
45 15 60
32 57 21
21 43 18
37 72 51
74 6 1
79 22 63
58 49 88
70 56 48
49 43 70
90 87 19
81 10 36
24 55 38
75 62 34
4 84 37
74 59 86
6 92 65
85 31 75
10 85 52
25 90 40
69 85 58
59 91 28
33 17 81
89 75 34
3 25 56
30 44 49
85 38 75
75 84 6
84 72 89
70 12 65
52 39 69
15 66 73
17 57 51
24 52 41
81 33 27
65 78 38
60 24 5
72 23 70
49 91 72
3 39 80
93 47 92
51 67 84
56 44 70
32 73 23
39 65 12
27 84 27
52 61 36
86 45 68
17 53 91
65 27 80
17 19 13
39 2 51
29 21 15
22 5 61
8 15 38
48 14 80
6 47 31
3 86 35
64 17 51
22 21 51
37 55 80
41 35 69
69 76 24
43 70 77
65 91 66
16 31 33
23 55 10
79 45 83
14 89 45
38 23 24
55 78 72
28 24 60
77 56 46
12 80 53
7 61 48
48 54 53
40 92 80
65 41 48
88 69 31
9 53 8
50 7 47
44 35 72
92 77 39
41 42 69
21 20 20
59 88 49
48 51 85
3 88 91
27 46 17
86 7 80
28 10 6
57 1 3
39 85 85
89 81 51
60 57 49
51 45 16
25 75 89
62 11 4
52 21 85
2 58 10
17 89 86
78 33 11
43 16 6
66 63 56
12 15 30
70 18 38
87 30 55
4 31 76
79 1 86
34 13 54
48 47 67
9 14 73
43 48 3
64 30 45
29 13 69
39 41 57
20 64 40
51 53 62
38 77 33
24 43 61
5 81 49
34 12 26
5 74 47
70 92 83
72 19 23
59 32 67
59 17 44
48 56 82
65 54 52
55 84 11
36 6 29
4 86 93
86 46 80
53 70 77
21 10 68
33 6 57
12 58 35
6 81 83
6 33 30
18 15 78
93 51 59
56 54 52
46 27 43
12 85 17
17 20 27
90 15 19
64 57 49
71 64 25
91 16 75
50 40 1
25 22 21
71 21 41
29 56 80
20 1 32
64 34 24
41 91 34
39 41 77
67 70 64
64 59 50
29 1 35
72 10 41
21 77 12
68 19 18
79 5 3
11 54 21
43 39 61
47 39 12
51 38 52
75 17 74
2 34 14
19 63 50
82 37 38
79 63 5
68 70 10
52 86 23
28 51 93
85 83 33
89 34 6
90 9 81
70 22 87
5 21 73
24 1 35
16 45 67
63 47 10
25 56 48
45 2 60
93 3 36
67 88 89
14 90 55
85 10 79
15 65 5
77 38 89
23 44 45
18 51 80
78 60 75
74 11 20
57 23 82
65 31 45
55 52 47
3 88 53
78 13 83
77 50 43
36 4 74
52 43 12
78 65 75
17 31 12
65 69 3
29 19 28
93 9 54
12 28 71
54 52 60
72 43 36
53 79 55
77 74 41
71 93 48
49 66 48
65 33 23
23 23 36
58 62 87
50 2 34
16 92 69
63 64 4
93 26 25
28 2 72
14 69 3
85 43 41
60 85 71
64 80 6
75 64 87
63 25 67
46 83 83
82 84 73
56 5 39
48 56 74
37 35 20
66 67 93
19 51 56
64 27 60
75 36 53
51 49 66
23 61 21
50 6 87
11 63 89
35 70 44
73 5 3
20 14 35
31 71 87
21 13 61
39 74 20
3 27 21
86 40 8
39 39 32
70 90 63
69 88 50
59 22 2
58 1 11
19 76 38
37 93 92
75 70 49
27 77 9
6 85 55
53 38 16
19 92 58
23 1 80
45 12 2
39 23 54
59 26 11
44 43 47
87 12 10
13 53 93
20 36 93
19 77 23
70 3 55
26 53 25
28 15 42
9 65 75
18 28 80
32 24 47
14 33 21
66 44 84
59 11 19
40 53 26
1 49 75
9 57 51
5 2 53
67 21 76
18 27 75
83 16 53
29 17 30
73 76 58
14 54 56
56 63 80
72 81 9
22 27 15
53 15 35
50 93 57
92 26 69
90 57 58
78 36 36
87 2 6
14 13 59
52 30 23
44 39 9
24 59 91
80 25 18
27 54 55
60 31 89
72 57 45
37 28 78
49 53 49
8 54 14
7 40 77
22 23 48
19 5 78
85 12 21
44 53 34
78 77 18
28 85 92
86 87 9
28 38 72
37 75 55
18 61 87
6 40 86
21 48 39
89 14 18
25 27 80
39 80 55
69 36 35
37 62 44
65 31 92
43 87 12
54 36 72
7 44 26
30 61 62
47 49 62
86 34 92
20 20 92
69 64 55
23 64 12
54 63 18
78 56 48
7 25 41
30 80 24
60 24 9
75 33 64
83 8 46
35 91 48
67 55 5
90 64 78
47 7 4
89 61 59
79 71 62
49 37 15
5 61 77
53 86 91
77 58 52
92 87 25
39 20 88
67 7 90
16 3 11
90 17 12
86 24 52
53 90 45
74 64 77
88 37 11
36 77 92
18 86 53
20 19 35
6 52 65
11 19 62
67 19 21
87 84 30
44 13 28
92 12 82
89 34 42
85 30 64
42 31 93
73 58 37
47 48 5
63 1 41
26 55 44
12 71 66
14 27 56
66 15 75
72 34 63
70 77 33
20 41 55
55 51 28
70 13 87
67 47 47
66 92 76
30 55 55
38 86 19
15 69 70
82 48 68
50 42 64
60 23 28
20 30 75
3 75 48
49 26 20
7 53 43
19 64 48
42 45 36
72 47 52
78 47 8
93 62 48
91 20 40
36 13 70
33 48 37
37 69 71
15 7 87
34 91 49
22 72 7
63 85 40
63 54 54
20 1 70
7 21 37
48 61 66
19 51 54
12 4 76
26 56 6
13 89 68
16 77 88
13 26 73
70 15 75
54 47 14
76 52 33
52 36 64
12 85 31
41 44 32
24 38 38
93 68 6
59 55 54
82 73 41
77 57 63
12 90 38
16 42 27
44 44 80
43 2 44
61 55 73
65 91 81
93 27 14
25 27 49
85 47 5
80 5 34
13 49 73
79 51 69
37 67 55
84 40 42
26 22 52
58 52 12
5 22 69
39 77 6
43 7 41
20 47 91
56 29 64
37 7 19
79 26 3
51 89 29
20 69 21
58 42 53
80 57 46
8 81 78
1 92 18
59 47 74
29 52 50
57 53 92
22 20 74
13 40 24
15 65 42
70 65 88
13 78 26
85 88 76
42 16 17
70 89 1
73 27 61
12 60 58
1 35 77
80 60 25
83 71 28
53 22 47
50 53 8
42 14 55
15 65 85
4 34 22
30 16 68
34 13 38
42 59 89
67 91 18
27 24 29
71 6 5
82 18 36
79 80 80
84 60 21
38 89 63
89 5 15
87 27 29
1 56 61
14 41 44
37 34 76
86 49 35
34 58 40
84 51 74
69 28 52
93 52 56
23 7 55
32 32 55
48 86 45
84 8 63
20 1 29
84 32 44
4 74 41
49 80 30
30 17 57
2 79 70
92 26 47
38 10 26
37 73 23
29 42 43
31 83 42
35 85 86
2 13 79
46 91 85
12 49 51
64 7 77
15 56 29
90 67 74
29 57 24
46 7 81
55 90 47
69 83 45
57 61 85
45 53 50
23 88 17
27 17 44
2 87 31
52 33 50
26 73 14
66 33 32
80 14 26
58 78 59
73 10 2
53 87 75
14 75 6
50 17 42
45 79 5
87 91 54
61 78 68
80 38 83
81 60 68
8 38 82
79 10 54
1 58 78
35 50 62
32 51 65
27 76 41
82 40 52
62 70 5
5 74 6
23 86 74
69 23 31
31 91 88
47 82 33
81 74 50
26 59 89
77 44 16
27 56 43
69 62 82
33 78 51
40 9 11
19 23 75
43 58 10
91 35 8
52 21 12
22 51 63
52 71 3
87 65 72
49 17 7
72 74 12
46 17 55
3 49 57
66 76 93
15 60 48
48 84 79
63 81 56
81 78 34
32 31 82
78 43 79
30 42 65
15 69 5
49 88 39
27 7 76
53 55 12
64 85 30
68 81 20
48 37 91
41 1 50
58 25 59
53 79 44
47 14 45
12 9 31
22 74 91
48 11 50
86 38 90
17 39 29
16 71 92
17 43 33
19 93 50
43 10 13
71 26 72
92 30 8
59 58 11
60 84 30
38 35 16
90 66 30
80 87 69
71 51 89
30 7 52
28 38 80
49 58 33
42 45 17
50 34 90
41 5 36
69 56 62
50 48 86
39 76 14
27 89 28
33 59 10
8 4 28
11 11 91
3 46 78
48 10 26
23 36 84
61 55 70
10 10 56
31 29 81
2 62 29
36 62 62
76 30 73
69 30 60
63 18 74
55 51 12
14 25 45
87 17 15
15 18 21
5 78 50
90 55 17
10 40 42
40 88 81
8 27 70
50 61 85
53 21 57
22 61 52
17 41 4
89 71 28
69 48 58
32 29 70
69 64 38
59 70 93
11 22 84
18 39 63
8 14 79
31 42 83
71 11 19
83 53 2
89 1 10
28 71 91
57 42 26
59 47 1
19 10 50
91 13 4
27 46 76
39 38 76
72 47 26
39 18 93
73 1 75
66 47 5
42 31 90
19 85 58
19 70 59
53 43 69
7 58 87
48 40 12
12 12 33
60 25 57
90 52 34
52 44 23
8 84 3
80 73 15
1 17 57
56 89 16
54 84 61
74 24 71
58 80 12
10 71 64
18 64 80
38 10 91
62 46 56
25 46 61
11 92 1
35 40 55
9 82 42
80 20 91
54 83 51
72 25 83
28 35 68
19 56 38
64 40 64
83 7 24
13 17 59
84 80 71
36 79 17
31 73 93
41 19 55
35 68 21
58 71 57
37 79 33
74 83 24
72 56 3
55 68 6
47 43 44
73 37 80
42 77 25
11 23 54
4 78 42
64 77 5
28 92 56
89 1 90
6 1 61
45 71 46
57 36 28
48 90 41
71 68 84
25 29 71
16 47 32
23 71 87
22 78 19
39 31 49
46 73 23
26 7 19
65 80 87
20 60 90
75 11 66
55 27 60
14 77 63
44 3 70
72 63 25
69 42 16
63 73 46
77 23 51
1 64 88
49 2 18
49 66 33
42 60 89
52 83 88
68 86 56
15 74 6
39 55 7
29 35 87
82 92 1
39 55 52
14 40 75
25 87 53
58 40 58
63 39 3
2 8 80
85 22 3
34 38 68
68 1 11
39 51 27
83 5 75
9 82 90
16 13 57
21 10 7
17 68 84
90 88 66
20 43 78
41 63 77
33 10 34
77 73 32
26 13 39
64 34 32
90 53 5
83 65 39
18 27 84
55 37 81
43 6 73
68 12 93
53 36 58
62 21 48
55 11 68
47 62 45
57 70 64
47 24 36
10 68 49
11 59 24
2 57 17
80 86 4
12 63 18
12 66 38
60 50 32
35 59 93
19 47 50
59 68 6
43 29 33
72 88 81
32 18 34
7 91 6
35 16 89
24 71 72
49 30 87
66 6 42
68 26 65
63 80 64
7 1 68
67 24 83
41 67 58
20 30 89
3 5 58
88 72 34
66 92 31
74 85 42
15 46 12
47 11 38
64 90 73
48 17 31
13 20 9
6 36 37
37 34 49
37 88 27
26 55 41
8 14 29
83 90 24
37 15 82
2 22 61
45 22 9
70 24 88
81 36 44
91 39 65
36 50 62
76 40 24
70 92 11
10 8 28
81 68 8
58 66 31
63 6 34
56 82 87
50 84 26
45 33 91
19 9 20
76 58 83
36 11 40
77 9 90
88 42 82
88 62 13
25 38 58
54 63 50
88 47 38
10 50 63
21 82 3
6 6 83
90 79 38
27 38 24
33 30 18
29 55 43
49 34 7
60 6 37
4 58 48
77 38 18
6 72 38
54 77 61
48 88 81
67 10 46
9 69 31
68 50 80
40 15 61
25 81 81
51 87 85
91 65 45
48 78 82
36 77 73
6 12 45
91 81 85
5 29 7
46 78 75
61 11 14
11 24 67
1 56 21
60 15 55
54 70 60
42 41 39
87 42 29
25 49 51
16 37 27
68 31 44
62 20 50
4 15 67
75 91 27
22 23 40
56 93 36
28 31 42
60 76 46
73 20 41
79 31 58
51 62 31
49 56 14
90 80 51
66 33 57
58 18 52
46 58 75
86 68 87
10 34 78
51 59 23
85 20 35
30 45 53
23 58 89
58 61 4
16 4 82
80 36 42
1 20 16
76 90 6
10 88 32
75 85 70
15 38 16
25 54 37
28 66 86
33 13 29
19 39 72
57 61 35
55 17 61
12 12 17
64 72 72
36 81 74
91 63 75
61 50 2
74 62 89
13 3 12
34 85 46
58 58 83
78 62 84
10 39 43
56 70 38
64 93 71
29 5 87
89 27 29
29 86 27
72 30 42
12 40 50
15 55 1
12 39 9
21 44 33
26 23 58
66 75 3
20 48 29
44 11 47
43 80 20
71 53 41
28 86 91
17 69 39
68 45 42
34 61 18
77 68 12
60 87 41
6 68 17
31 39 32
65 6 48
75 46 10
78 32 17
16 93 5
38 69 61
63 23 71
91 87 65
14 74 45
88 22 60
86 89 1
56 86 5
91 60 84
72 62 22
41 36 67
21 84 66
78 21 3
66 56 3
28 76 32
61 28 30
64 13 8
32 39 20
22 43 58
79 46 12
35 29 47
78 71 48
37 49 4
72 70 60
14 53 22
68 12 31
1 68 40
72 73 1
27 78 85
20 7 23
86 2 83
80 33 73
34 23 50
67 86 43
64 10 68
91 65 22
47 77 62
2 58 25
65 73 27
23 44 23
55 65 45
67 42 26
67 3 12
45 81 59
43 90 1
39 16 49
33 65 86
77 57 73
19 68 42
15 12 7
90 72 90
55 39 68
15 8 22
47 32 80
66 38 41
17 65 7
68 59 68
46 22 7
50 17 13
39 93 12
26 18 62
20 82 24
92 15 28
27 91 44
19 3 7
85 56 5
37 65 37
40 87 80
35 52 87
6 86 75
30 21 87
76 90 10
88 49 58
2 34 78
81 6 32
9 4 11
65 53 32
52 50 76
21 8 18
51 63 30
87 18 36
7 84 29
63 36 32
22 35 8
23 89 15
46 45 58
82 38 93
52 62 43
57 92 82
53 89 29
63 85 92
49 23 85
33 58 3
1 91 84
8 31 3
55 27 61
92 41 92
81 66 65
62 29 45
53 12 65
34 57 14
77 15 90
33 2 89
23 10 14
49 78 36
91 80 23
10 11 76
23 49 81
23 76 9
51 50 37
90 55 43
13 21 89
38 55 23
74 20 4
36 77 41
2 81 82
50 13 44
34 20 18
86 71 20
26 34 49
41 92 63
58 86 49
12 16 26
54 2 68
12 42 41
55 25 20
28 2 22
27 7 44
29 61 88
51 19 52
60 79 30
62 41 47
56 52 39
80 40 15
36 49 12
39 10 85
58 21 82
45 69 59
59 74 79
39 50 67
15 59 17
71 64 41
30 19 93
13 85 40
60 3 5
53 92 38
35 93 5
87 58 92
78 67 17
7 92 7
88 21 12
70 70 44
86 88 19
69 68 38
5 83 10
81 60 17
74 5 34
56 10 63
4 47 7
46 63 6
78 9 1
39 9 61
1 92 6
17 92 33
26 70 8
39 79 16
65 58 19
2 82 2
9 11 37
93 69 47
93 37 75
4 61 75
86 28 66
28 17 89
16 78 93
43 21 45
79 1 9
48 74 74
87 28 59
71 76 60
72 64 90
4 90 48
49 83 37
92 21 91
11 23 40
28 80 38
43 67 65
16 64 38
34 73 73
17 9 92
51 33 61
55 77 10
10 45 48
82 67 38
54 65 55
71 1 11
64 22 13
71 14 23
12 83 86
59 8 44
60 56 82
66 93 43
23 71 71
81 36 47
29 22 72
28 74 23
14 7 62
22 54 19
17 30 72
85 33 32
37 77 72
45 71 47
57 17 64
67 17 46
72 77 27
90 71 24
27 73 91
20 35 17
27 55 85
23 47 51
23 40 43
14 81 79
2 55 84
3 53 9
87 15 3
20 61 33
51 21 12
82 77 18
24 26 29
86 4 53
51 49 3
39 17 92
44 25 31
56 55 59
51 22 10
85 46 26
46 4 15
40 33 84
80 51 48
3 58 26
82 32 56
77 68 17
17 66 52
33 89 15
52 44 34
26 25 62
34 89 35
81 92 91
6 55 92
52 64 60
7 20 17
47 2 76
90 5 52
72 8 44
28 59 54
89 85 16
18 7 51
21 31 91
65 35 3
48 57 26
17 60 55
78 72 63
74 11 21
53 15 19
15 93 26
61 71 60
31 88 65
23 27 63
71 51 79
59 42 19
14 83 11
79 92 22
35 89 82
72 34 23
12 8 19
74 68 58
44 66 65
16 63 39
59 77 12
39 93 77
1 43 19
26 78 37
34 25 46
86 8 47
82 32 36
87 24 8
72 89 37
86 10 12
61 36 33
33 57 59
67 1 30
82 30 75
24 25 3
33 13 22
20 61 32
36 21 26
55 23 90
44 83 79
17 80 56
68 75 23
79 9 7
83 57 82
3 39 49
42 4 88
17 85 82
64 17 44
86 89 81
42 27 69
19 93 28
1 77 41
4 68 77
67 60 34
23 87 62
9 23 92
62 46 6
11 34 37
86 24 39
34 34 14
87 51 29
51 60 15
16 1 57
25 22 49
71 42 66
79 29 56
58 34 31
9 49 90
67 49 50
57 57 30
22 71 77
78 21 70
30 9 50
4 53 74
43 37 43
75 69 47
46 45 7
39 73 14
30 87 59
80 52 46
25 7 14
68 74 86
33 88 85
77 36 33
30 45 7
33 23 78
90 76 70
24 23 22
50 89 25
26 59 59
29 42 70
76 81 16
6 89 59
41 83 29
30 71 55
15 5 5
30 67 8
70 18 76
13 46 22
90 75 54
46 65 28
63 21 93
64 63 45
69 82 90
90 39 2
6 1 54
38 82 16
9 31 18
7 66 70
63 74 33
14 14 2
59 64 9
9 19 67
44 59 48
20 26 5
10 83 60
5 63 61
42 14 90
37 46 31
15 86 42
9 79 92
29 44 24
28 76 13
86 16 3
88 82 69
5 40 32
32 33 92
38 53 20
89 36 55
23 47 91
9 65 4
20 3 17
88 29 3
34 66 91
25 92 71
1 40 5
3 79 17
25 23 27
62 91 92
28 50 13
19 15 30
35 7 20
35 30 78
8 57 22
76 73 54
36 59 87
47 48 40
19 36 62
15 38 71
63 36 31
17 63 61
14 83 66
56 86 63
67 15 39
76 36 33
8 12 39
38 92 33
51 65 24
66 85 89
19 38 54
75 50 27
61 26 42
32 5 19
57 56 25
45 58 36
83 82 37
42 26 25
41 53 36
74 53 56
38 26 50
92 4 91
64 76 11
10 18 88
86 52 12
4 13 47
85 10 41
43 70 35
7 68 53
2 23 86
68 42 85
39 39 32
38 83 88
4 30 22
39 70 7
7 68 87
11 16 52
65 20 22
37 57 25
58 69 75
51 4 41
73 86 57
30 72 35
14 88 1
32 64 93
50 91 53
91 19 2
2 10 42
84 40 88
20 41 46
55 15 27
86 46 57
42 22 40
87 71 31
50 41 21
16 36 80
42 26 24
87 12 31
24 25 45
69 68 4
20 23 39
3 69 31
89 71 59
51 77 35
88 32 73
2 46 12
24 32 80
69 65 85
65 88 49
55 52 2
89 34 24
46 38 15
46 38 60
79 89 87
31 29 66
81 70 87
86 68 51
32 32 64
64 9 91
9 84 77
44 12 20
77 53 35
78 64 23
1 46 65
68 52 87
70 54 93
55 2 56
91 28 20
85 54 62
50 85 84
49 63 52
25 72 29
86 9 55
29 48 31
48 67 44
81 38 52
53 71 17
26 78 79
8 4 70
24 26 91
43 15 85
31 19 3
78 89 30
89 53 73
11 44 89
30 8 70
68 46 91
1 14 29
16 92 48
74 69 13
11 41 72
67 15 91
22 16 63
48 40 15
56 36 32
25 20 7
32 49 39
12 1 10
61 20 80
73 45 64
53 14 84
13 33 53
70 1 51
68 70 5
86 92 42
76 36 4
55 31 68
40 10 13
3 7 31
60 35 92
72 29 73
34 9 55
89 79 44
65 29 9
77 33 22
39 57 18
22 80 53
80 30 14
92 60 83
43 55 60
88 30 82
24 73 32
1 3 76
36 47 18
84 13 68
12 16 86
73 32 37
56 81 5
60 87 12
17 2 7
83 20 53
37 74 17
16 14 16
81 65 81
59 72 69
53 52 27
37 79 57
68 59 90
56 85 49
52 76 72
51 43 53
50 82 67
84 63 81
91 11 43
60 51 54
8 79 2
62 45 32
38 61 88
5 3 59
23 26 63
55 52 44
23 19 78
53 39 83
81 42 57
45 57 61
26 82 1
74 41 23
93 53 21
65 39 24
84 5 62
12 48 1
90 18 86
56 2 5
30 5 60
35 4 31
68 59 42
6 69 15
26 77 33
16 52 39
27 88 93
23 85 46
49 46 64
56 93 63
52 79 83
63 11 8
54 61 9
54 50 84
55 14 54
69 4 43
8 54 77
8 73 21
14 77 56
70 66 77
11 46 93
51 28 84
3 40 53
68 42 44
81 58 14
49 38 38
30 15 71
63 83 54
90 26 13
69 65 91
40 67 35
43 66 72
54 3 41
54 3 40
14 53 88
75 66 8
38 73 12
89 88 45
85 71 44
39 25 56
35 65 16
46 54 87
4 67 66
1 61 86
18 41 32
43 72 13
16 31 31
19 47 31
83 18 26
1 77 32
37 10 53
29 12 1
43 32 9
18 12 68
90 55 22
6 53 71
70 76 51
53 60 71
88 93 35
21 33 78
19 11 72
78 71 89
90 39 6
77 80 6
56 85 91
61 63 15
20 14 76
68 93 22
40 90 78
58 93 2
6 57 88
6 58 30
29 83 17
77 20 27
77 20 88
73 17 21
19 24 84
79 22 52
57 36 64
56 6 48
33 69 91
83 12 43
51 83 63
15 76 11
69 43 2
8 36 63
4 76 75
83 47 83
91 87 40
63 63 52
65 55 15
70 19 7
32 55 90
86 33 70
18 2 33
16 34 43
69 56 71
59 20 34
4 11 4
53 43 35
39 48 41
74 91 90
12 39 73
29 5 16
86 74 57
27 47 54
14 44 15
8 67 17
49 56 23
15 93 33
52 20 88
18 22 32
24 83 86
4 25 26
6 5 2
71 19 40
4 49 84
93 19 33
74 73 64
93 11 81
89 42 22
22 5 1
3 46 41
41 30 4
9 51 92
84 72 46
51 93 82
22 23 56
6 54 84
5 69 79
62 52 88
31 31 87
38 80 8
12 34 57
43 59 20
65 5 60
67 60 43
21 88 43
92 29 60
89 82 77
53 40 10
2 89 3
47 42 78
5 88 10
88 55 91
38 36 48
53 56 15
36 7 72
3 14 72
29 40 48
56 72 35
48 33 56
40 60 89
86 82 47
11 57 44
50 68 90
22 46 15
38 55 30
92 41 74
86 6 1
86 71 91
49 25 70
16 91 81
21 28 8
79 44 93
7 48 85
26 86 50
22 57 51
32 64 57
30 67 79
12 61 58
2 14 25
37 48 36
13 69 44
12 67 68
5 37 22
25 56 54
81 2 59
65 44 53
59 30 7
14 45 59
59 14 17
64 93 39
75 60 13
18 50 65
37 39 41
50 41 14
38 37 88
28 79 29
39 69 61
93 12 22
51 14 88
83 90 27
5 59 14
72 93 64
4 85 40
22 42 76
90 45 83
62 85 19
25 17 66
45 36 59
14 77 75
90 4 76
65 25 78
11 18 46
54 85 91
51 53 11
87 88 47
15 71 32
49 31 75
36 48 15
15 51 58
16 10 24
91 80 81
53 77 70
17 73 43
85 71 6
2 49 5
89 36 17
11 68 92
83 1 71
72 6 55
56 71 81
33 9 22
43 81 72
80 30 23
39 77 91
58 3 4
19 82 69
66 17 38
50 42 41
13 72 9
93 66 5
21 72 78
2 1 66
48 38 68
27 7 16
18 13 51
47 32 85
40 63 86
54 92 2
20 66 15
75 5 17
44 58 86
38 31 44
80 15 15
78 47 17
58 20 22
44 50 20
74 34 59
92 69 34
72 1 29
35 71 36
74 34 86
24 11 51
31 51 24
6 51 20
65 17 13
85 72 68
21 32 21
21 63 16
75 2 13
45 53 62
86 26 57
37 9 23
24 87 89
25 80 84
28 21 90
60 25 21
50 62 43
87 7 47
55 58 6
87 18 85
90 24 20
5 48 14
40 89 86
9 74 7
37 42 16
13 63 45
57 30 48
89 9 79
40 2 58
88 7 39
59 24 2
20 26 83
39 75 47
42 12 11
83 73 58
51 32 64
73 24 63
33 70 76
76 80 50
47 34 9
35 9 28
62 11 18
8 18 2
86 31 65
83 35 8
42 49 67
21 2 32
74 33 84
55 32 20
22 58 64
51 49 1
45 83 92
84 47 87
39 42 83
23 53 18
69 1 56
50 41 24
92 87 64
79 73 56
19 91 8
22 43 74
89 67 14
78 10 8
63 22 76
66 11 9
77 61 65
89 42 77
36 62 58
42 46 20
66 21 37
39 5 11
85 1 66
14 47 71
20 89 91
29 62 9
49 5 39
61 89 65
1 17 63
41 60 27
30 44 33
89 22 40
42 23 91
43 18 51
78 35 24
53 60 13
64 76 80
3 80 37
57 71 53
13 55 75
4 56 42
78 86 65
83 23 3
1 55 23
38 76 88
5 8 54
84 13 17
1 2 62
42 93 35
9 63 74
65 60 58
2 76 61
43 52 8
27 64 53
57 71 7
55 85 42
16 48 10
19 78 76
4 9 10
8 10 20
42 66 11
89 82 24
39 86 37
62 91 42
16 17 84
41 11 71
27 7 74
21 59 74
90 19 6
33 44 36
11 1 19
60 79 71
46 54 27
69 65 92
5 24 81
55 92 31
75 25 2
70 5 71
70 13 9
16 41 21
10 13 41
29 5 19
5 46 27
82 84 47
39 90 16
83 11 70
5 27 53
4 83 53
70 1 64
49 64 65
4 37 73
60 60 82
36 62 61
6 50 2
18 12 3
38 60 39
57 17 62
85 88 2
31 1 83
35 1 93
75 65 26
64 56 48
74 49 62
57 70 70
77 7 52
27 4 40
57 20 54
16 12 83
19 92 1
23 63 40
41 1 3
9 45 48
26 52 71
43 12 29
31 75 37
51 65 58
76 78 66
81 13 86
52 28 13
22 17 89
25 7 63
58 88 28
91 31 36
51 15 81
54 75 13
10 58 92
72 9 7
59 42 15
23 86 79
84 32 91
17 6 9
81 19 25
91 14 63
30 10 7
27 46 60
37 79 24
71 90 54
36 50 82
37 85 27
84 79 45
81 8 44
78 81 61
20 24 66
7 73 68
48 66 26
14 93 20
70 60 21
27 30 4
9 48 73
10 65 42
44 86 11
67 76 83
41 45 92
1 84 4
59 17 54
16 14 67
27 62 49
93 62 11
70 89 89
37 12 39
31 32 91
54 84 62
75 91 90
43 38 19
50 27 83
88 49 20
59 57 43
66 84 27
43 86 13
79 93 57
15 9 60
34 13 90
23 85 27
19 27 22
8 50 35
47 92 1
59 16 62
17 73 55
78 86 48
70 80 40
38 72 76
67 20 16
61 2 45
46 76 51
51 15 29
66 7 35
13 69 16
77 67 64
1 48 84
48 16 11
61 31 78
38 43 50
8 90 30
86 38 16
43 39 52
1 32 73
61 48 66
26 46 34
49 19 57
36 84 12
78 6 18
92 46 69
7 29 7
32 53 17
50 36 69
82 53 89
26 13 73
7 4 93
67 40 12
25 92 66
37 93 18
1 88 86
10 5 72
41 63 44
83 84 51
78 62 89
38 73 63
51 11 60
82 21 14
31 75 63
52 76 38
2 78 31
59 26 88
29 30 87
45 72 93
10 75 57
84 15 29
44 87 14
58 24 23
43 91 78
78 88 69
90 54 58
51 71 30
33 88 73
6 58 77
91 33 8
6 11 50
24 38 23
32 61 37
70 53 49
68 81 40
10 56 80
77 53 5
31 41 41
59 58 52
55 41 15
69 24 81
84 21 7
21 15 44
88 67 80
15 40 46
54 11 41
33 72 22
60 48 39
58 71 7
59 86 4
85 81 28
52 79 77
2 4 31
54 77 22
10 34 11
1 61 85
21 92 34
69 39 89
49 83 11
46 56 8
7 62 21
62 86 70
15 68 63
57 38 66
65 88 25
47 39 64
63 17 38
3 28 28
62 86 47
21 46 44
45 12 21
63 74 3
74 63 44
8 65 30
47 70 8
85 56 15
35 7 60
55 74 18
55 34 27
87 19 33
69 50 26
39 19 56
69 72 1
29 68 16
71 76 39
61 18 55
4 15 53
1 59 22
25 75 49
76 48 45
12 5 16
46 23 6
21 73 41
3 52 36
6 41 63
29 8 90
65 31 57
34 71 66
27 13 80
26 91 28
87 8 81
40 84 32
35 67 52
19 72 85
42 45 44
92 4 12
78 67 39
44 33 87
42 19 1
31 81 58
29 29 68
70 78 47
31 70 27
76 23 80
75 5 93
87 36 3
23 28 39
55 1 12
84 19 78
61 90 23
38 83 41
8 28 7
31 21 43
57 67 11
54 33 7
16 88 62
85 75 35
12 74 4
1 12 48
24 20 2
46 49 69
71 62 62
15 45 31
83 48 20
21 68 84
16 17 27
7 43 48
74 33 70
20 9 52
2 85 60
29 17 86
91 60 29
62 54 37
24 67 69
9 32 14
26 78 24
78 65 36
36 46 79
79 7 73
84 62 83
39 74 17
20 74 35
22 70 57
31 53 67
46 21 78
35 1 2
55 77 47
21 14 26
72 32 91
10 31 58
18 45 5
42 69 64
26 89 83
86 82 17
35 53 12
57 23 1
62 58 53
59 65 18
37 31 74
1 80 23
55 87 2
1 31 64
31 66 65
87 14 24
10 22 52
92 36 2
50 44 59
78 79 56
77 47 80
2 68 81
11 52 84
86 83 85
89 42 93
28 35 56
3 11 44
75 41 11
93 40 37
56 5 88
63 38 9
53 46 49
53 86 3
81 84 78
21 2 28
79 72 8
82 36 32
62 15 63
1 30 87
35 13 8
60 93 31
59 66 80
9 32 68
4 2 26
31 39 4
21 3 6
21 88 71
54 2 75
69 9 85
20 10 62
75 51 93
9 25 80
12 13 2
75 61 51
42 51 6
89 59 31
12 15 50
32 88 81
3 85 41
60 58 17
63 84 49
65 8 17
66 38 78
50 26 58
55 42 66
48 72 25
88 16 27
22 40 45
83 17 5
55 43 85
83 10 3
58 35 2
4 43 10
62 62 93
30 55 25
58 84 41
82 17 22
31 82 44
66 4 64
82 47 65
44 41 50
67 90 69
89 69 21
83 42 6
41 20 24
77 20 35
19 66 93
42 17 30
78 26 16
21 30 46
35 38 41
8 20 20
43 88 63
64 38 30
23 7 35
84 40 93
81 34 25
90 51 51
42 38 6
79 59 74
56 84 74
22 4 15
80 25 38
65 65 10
55 52 67
75 41 83
9 29 31
21 21 21
68 80 24
60 46 4
36 3 93
71 89 31
33 21 17
1 92 67
89 27 32
52 88 81
22 77 61
70 90 50
50 45 44
48 51 75
39 41 43
13 43 6
68 13 71
36 59 69
46 84 69
39 39 78
41 61 75
23 9 12
86 46 29
46 51 54
26 24 48
35 31 41
80 43 5
73 27 23
36 25 75
13 38 48
77 18 27
88 10 72
38 44 66
40 48 28
76 82 74
24 49 61
32 11 66
44 90 78
55 70 7
6 63 11
89 4 70
55 41 23
47 41 35
89 34 56
46 6 63
39 36 29
46 64 57
35 25 51
76 71 78
69 29 17
16 35 46
91 57 90
50 18 30
45 4 24
42 55 10
6 27 32
20 75 36
66 22 35
36 20 41
60 63 80
20 82 63
93 85 33
36 13 79
37 24 15
24 32 44
80 6 31
53 51 60
64 31 38
48 73 10
76 93 77
92 45 20
31 14 65
69 43 5
89 34 1
23 47 2
43 26 15
46 75 32
80 27 1
29 34 84
22 84 21
4 65 26
27 68 18
39 69 66
43 4 17
34 22 81
3 65 21
64 35 92
40 73 69
53 22 66
61 26 33
4 21 49
20 59 13
64 71 38
1 70 25
13 41 47
70 43 85
13 11 26
51 11 46
68 12 12
26 44 14
68 62 79
62 86 62
50 4 82
77 3 76
21 18 31
38 62 93
58 61 33
19 4 33
11 55 57
21 29 68
29 55 76
43 34 22
33 93 90
39 50 25
78 46 69
19 64 50
27 18 46
14 52 29
73 3 80
75 75 55
1 44 68
32 33 35
32 49 65
91 27 89
14 44 15
61 90 48
21 21 61
21 16 2
45 89 58
73 70 32
13 39 51
10 81 54
35 2 24
56 79 91
87 50 70
1 14 27
79 90 21
12 63 24
74 80 69
76 89 63
87 87 18
8 38 26
6 63 11
21 63 61
80 76 80
78 71 14
62 56 14
25 3 48
84 83 15
14 90 74
16 77 52
35 47 52
53 68 88
88 4 8
14 34 75
48 28 17
90 20 24
55 10 19
8 89 91
68 60 44
29 63 66
34 5 79
76 20 33
88 6 43
55 48 31
59 65 64
89 6 24
41 87 32
48 69 74
14 42 18
74 89 63
26 44 22
1 74 29
49 43 33
38 34 55
76 52 37
54 80 91
25 8 34
71 35 49
54 76 32
59 93 38
61 79 77
73 92 4
92 16 46
7 3 48
40 16 35
32 61 73
83 66 65
57 57 40
48 67 16
77 87 23
35 56 5
83 47 74
18 58 43
77 9 30
26 16 2
34 49 61
74 75 6
74 82 59
26 62 55
52 3 39
49 92 92
51 2 9
55 29 32
71 56 31
34 2 78
4 50 79
7 50 21
20 76 12
27 61 4
6 44 4
18 77 26
85 46 50
8 23 3
9 61 78
26 45 68
37 92 62
64 29 15
74 15 36
68 66 47
86 25 71
80 91 71
42 41 84
22 89 63
13 18 74
88 83 65
71 26 13
33 53 36
37 3 88
60 4 56
75 8 10
51 76 81
20 86 81
35 43 77
90 49 82
17 38 27
80 41 33
73 12 20
93 54 24
76 73 88
37 42 8
61 27 72
73 4 51
77 48 37
65 40 5
35 51 26
66 22 62
38 43 3
57 65 46
52 29 90
27 48 33
64 62 79
56 73 32
5 27 2
48 39 33
70 33 75
5 6 25
80 21 45
70 86 72
9 66 73
23 5 36
7 36 42
10 79 92
7 59 57
19 37 64
79 45 70
25 20 45
23 39 4
15 63 48
69 70 93
80 49 67
9 2 61
76 93 22
83 69 19
80 15 24
35 50 59
48 47 82
71 7 75
7 16 39
45 67 78
38 72 61
33 89 51
42 31 29
55 74 43
44 31 66
47 15 27
10 34 28
81 18 84
15 31 14
69 32 75
76 69 2
31 59 52
65 46 26
49 71 91
14 35 47
83 42 86
52 37 91
86 67 80
1 9 56
74 63 89
90 68 14
64 65 33
17 91 61
55 57 12
24 14 90
7 1 87
42 49 33
14 16 36
53 85 82
27 40 67
88 85 37
76 93 50
43 21 41
92 17 83
63 72 61
7 41 42
4 7 62
24 93 42
32 71 18
44 85 10
46 93 25
44 42 14
52 85 63
3 44 63
64 88 54
62 77 76
92 12 50
63 29 17
86 43 26
36 60 55
45 21 51
10 28 23
88 78 53
26 79 71
9 19 23
79 88 86
21 67 82
5 30 49
15 6 33
67 33 2
76 66 78
40 93 30
14 55 73
3 25 91
57 34 78
28 88 71
17 67 23
77 28 29
43 89 43
18 9 10
80 42 26
5 2 27
76 1 22
75 60 41
90 91 82
31 12 7
89 57 42
53 70 22
68 16 73
57 13 21
88 81 18
11 37 73
92 54 81
76 16 28
70 67 32
31 32 66
66 13 63
49 66 53
10 28 55
82 8 73
41 77 27
37 23 89
78 56 9
50 33 13
19 18 53
74 10 74
40 58 55
3 7 81
90 15 58
33 10 12
15 91 66
13 18 37
71 75 49
58 9 21
21 80 44
38 87 18
74 61 25
65 55 87
76 50 54
85 86 50
90 12 22
29 88 85
77 4 85
27 19 32
6 71 61
66 85 27
66 67 68
77 84 19
2 50 55
45 82 49
66 81 64
14 18 20
25 40 41
47 16 3
80 37 57
82 76 25
14 18 66
54 66 60
68 81 41
6 63 46
12 90 14
37 69 56
39 45 3
50 79 15
7 57 12
71 25 40
83 57 71
65 52 13
79 10 49
82 61 88
57 93 21
2 88 56
30 9 3
36 30 26
49 72 64
88 89 79
19 91 72
11 92 90
47 79 74
87 45 58
45 52 3
56 87 13
42 76 89
5 77 56
52 67 25
34 83 35
9 10 52
58 92 78
46 45 66
86 60 22
33 58 60
53 19 11
55 29 54
13 84 70
34 12 71
27 34 78
72 85 52
48 66 6
43 77 42
49 68 9
89 42 44
35 48 23
65 91 67
57 68 75
16 72 78
17 70 26
83 39 87
10 63 46
37 84 11
46 80 61
68 16 35
57 45 83
20 42 30
23 62 56
92 70 63
30 78 49
75 93 48
12 58 26
17 56 89
80 44 24
29 44 52
71 37 61
1 5 68
73 77 15
36 5 16
47 66 87
67 77 63
38 87 45
76 15 71
9 72 47
86 8 62
90 60 57
79 41 20
12 34 83
78 34 41
44 6 81
75 22 85
41 31 75
31 15 91
73 12 21
68 74 29
86 21 37
90 19 77
86 30 56
65 67 76
53 81 36
29 11 87
22 32 34
57 19 54
32 43 29
69 56 82
54 47 9
5 36 76
31 35 31
41 43 79
55 42 75
33 37 80
36 44 36
59 55 87
59 71 59
39 82 55
27 84 70
61 9 62
14 21 43
86 92 53
78 10 24
7 26 27
24 62 54
28 51 43
90 60 27
37 42 7
2 45 36
27 52 3
5 78 84
31 92 63
38 20 7
89 10 7
72 91 66
40 66 78
5 13 70
59 23 16
31 24 72
68 16 51
7 44 58
28 44 40
9 13 88
53 39 11
77 13 82
77 38 20
74 13 30
35 93 6
16 6 73
73 80 58
36 28 19
63 6 84
61 79 69
48 12 27
82 51 70
33 77 31
25 5 39
2 91 51
48 20 62
70 75 86
12 28 39
30 83 70
2 75 81
54 70 43
2 9 12
69 10 86
40 44 59
61 33 92
17 24 36
18 55 51
90 73 29
91 41 3
36 74 35
2 88 19
65 88 3
55 16 29
79 44 68
70 45 17
59 8 76
23 93 36
19 79 76
43 85 40
47 68 43
45 20 76
53 14 61
4 30 24
71 31 75
73 77 71
85 57 13
21 28 74
49 12 24
81 25 25
73 38 60
77 60 24
49 14 11
38 83 62
81 69 32
82 38 45
1 39 41
34 21 15
64 65 53
34 18 70
5 52 44
4 48 3
91 4 5
17 39 20
51 50 29
89 16 4
55 36 7
38 65 10
10 65 44
15 35 69
75 70 10
4 16 47
29 78 46
69 12 36
72 75 26
8 16 85
91 88 6
24 9 79
92 77 1
65 40 47
18 87 70
8 88 91
17 6 59
47 66 35
59 41 57
92 57 61
1 24 29
31 46 44
47 51 15
2 19 88
29 46 9
90 26 74
4 27 88
69 86 1
79 24 30
50 54 56
30 61 15
52 44 26
64 1 1
82 67 53
58 13 12
48 82 28
88 73 92
68 9 19
29 86 46
52 87 92
70 77 2
21 49 5
47 13 23
18 3 76
79 48 89
78 67 2
62 1 6
3 77 35
67 3 12
71 9 47
14 71 47
8 9 49
34 29 53
64 91 47
30 71 54
11 88 62
66 93 53
92 24 93
14 69 55
77 10 74
13 6 52
36 3 1
58 65 62
24 56 17
55 46 10
61 38 6
39 28 11
84 90 5
1 71 35
77 18 11
71 50 84
8 37 7
34 48 89
91 43 85
10 91 26
9 86 90
38 44 26
93 25 86
17 56 55
7 51 67
60 7 72
71 52 51
71 13 42
32 23 72
39 81 29
60 52 68
11 18 62
45 38 91
48 60 57
47 4 72
34 24 7
7 55 81
75 90 46
2 60 16
44 51 15
4 27 59
37 2 74
43 48 63
38 21 67
66 72 7
17 44 25
50 8 5
25 68 46
18 29 32
1 65 8
67 3 52
85 9 78
83 21 79
54 4 29
35 42 7
48 35 73
75 80 68
60 66 24
64 6 51
88 11 41
64 60 70
31 24 47
43 4 81
30 42 83
62 81 33
30 81 74
84 26 35
12 5 14
62 31 44
64 42 32
29 37 78
56 27 77
28 80 1
9 9 23
8 7 6
77 34 66
38 41 72
28 69 14
6 61 28
33 22 87
48 30 35
11 64 10
16 33 4
1 63 54
1 17 24
53 48 42
85 67 7
27 40 39
9 86 91
87 37 59
72 39 41
27 16 4
54 51 93
7 79 53
93 19 79
92 18 38
16 49 68
8 42 10
12 40 30
56 63 44
77 59 16
68 47 43
53 32 65
88 48 48
86 29 77
71 55 12
88 7 60
5 61 88
39 45 50
56 5 9
3 74 31
40 41 35
15 47 34
3 6 86
26 32 17
63 67 89
1 43 8
85 27 35
72 61 21
93 30 18
10 16 16
86 17 27
48 57 44
14 67 59
17 24 71
8 52 81
80 43 64
77 82 85
43 14 17
21 11 88
34 3 74
33 35 46
13 45 58
89 65 58
53 43 52
86 59 86
49 3 33
4 19 93
46 61 8
66 6 17
15 14 37
58 33 81
65 65 48
20 89 64
28 64 86
44 56 33
1 40 87
19 4 56
62 65 19
50 80 63
72 76 91
49 43 25
78 66 53
33 3 53
20 59 84
87 56 57
29 76 15
67 70 29
76 3 33
83 51 7
26 53 46
61 65 90
8 85 78
26 8 92
24 19 87
51 13 56
67 10 82
11 84 93
48 16 21
9 28 11
38 45 27
23 85 33
23 2 5
55 9 22
89 52 55
57 12 60
33 61 17
64 51 2
38 40 12
91 18 60
35 66 81
16 88 48
43 31 31
31 61 23
78 73 42
45 90 21
36 64 9
89 5 22
79 72 55
5 15 79
55 66 85
31 81 53
46 81 9
62 80 42
20 68 86
76 69 54
15 44 91
5 8 6
17 82 51
5 4 72
82 6 28
71 55 27
34 56 73
37 35 45
28 66 81
71 90 51
69 20 84
22 42 29
41 20 21
37 56 41
29 2 10
31 28 61
79 52 28
72 52 3
60 73 88
73 77 78
55 24 74
22 50 30
8 13 72
42 19 89
26 73 9
69 51 29
41 47 74
38 18 66
88 28 90
39 64 32
37 78 47
68 7 50
21 46 6
91 20 11
80 32 39
80 60 90
92 55 84
29 85 31
50 75 45
28 85 7
10 89 49
22 33 93
74 24 18
41 77 75
32 60 69
77 61 46
20 60 15
89 22 17
56 24 35
53 85 15
10 2 2
6 82 86
77 38 1
30 35 70
85 21 14
92 93 62
1 67 33
82 10 27
39 5 51
6 35 81
71 81 73
61 11 43
92 31 82
34 70 66
71 32 78
50 78 30
25 77 36
34 19 52
68 13 63
76 78 81
88 48 79
43 87 19
10 61 2
87 62 40
80 34 37
49 30 42
86 16 29
86 8 52
40 39 4
36 32 66
31 33 84
17 75 54
16 77 7
70 58 52
80 71 73
14 13 21
81 11 9
50 29 6
90 46 80
20 55 63
45 19 20
92 21 6
15 46 56
71 51 92
38 20 75
80 8 29
8 61 50
42 46 78
4 15 56
44 72 31
3 77 12
71 3 29
89 32 93
30 77 60
91 93 89
12 47 86
38 77 44
11 16 56
78 83 93
93 29 20
35 5 7
90 34 47
29 60 54
67 54 42
7 11 53
70 90 60
30 82 71
76 24 29
68 69 44
32 86 8
78 28 49
24 37 17
28 67 93
39 9 51
93 77 87
46 5 35
34 49 51
21 80 46
58 30 52
88 90 4
91 23 81
35 80 68
87 36 64
6 9 33
27 1 18
2 91 37
35 72 57
10 57 63
16 55 24
12 6 72
6 46 69
68 46 52
25 25 79
69 26 76
5 35 36
10 51 17
83 39 32
4 86 10
44 39 91
51 36 1
51 82 92
76 92 40
58 26 34
55 60 87
70 21 48
45 37 71
67 61 1
18 89 86
74 3 41
60 70 78
13 69 40
74 16 25
35 57 30
51 71 78
32 63 32
42 45 20
43 70 54
67 53 8
87 63 14
8 56 63
82 36 77
57 8 73
48 59 77
79 75 18
32 8 45
86 74 26
28 4 72
33 59 64
84 31 53
23 86 55
69 39 32
92 44 41
53 74 61
63 66 4
18 69 67
38 93 72
35 63 22
90 31 72
15 63 37
8 70 15
85 75 78
58 40 29
91 9 26
46 70 59
67 62 12
3 44 52
17 67 19
92 92 33
90 26 87
12 12 40
52 53 80
35 34 70
83 51 3
30 6 20
62 81 13
92 40 32
77 70 78
12 46 6
17 11 39
88 58 23
7 25 60
72 14 6
42 10 38
22 71 90
20 5 43
75 25 23
3 43 49
54 1 9
73 31 33
75 54 51
23 10 13
69 9 10
52 61 15
35 68 6
78 74 5
59 90 75
76 25 60
66 13 66
69 1 41
12 82 18
38 12 64
47 84 84
63 28 89
47 52 61
14 34 25
80 6 9
46 1 26
72 35 63
17 34 70
83 17 33
55 16 27
59 22 75
90 36 71
15 13 61
27 14 78
92 77 70
58 59 9
80 61 42
53 18 35
93 71 9
58 21 37
78 22 72
14 89 51
47 57 34
13 47 88
81 75 83
58 83 85
79 84 81
61 86 1
55 24 5
79 1 2
89 50 68
58 23 2
24 58 53
35 15 11
27 14 79
81 12 90
49 54 8
9 77 72
26 6 93
55 92 56
34 78 60
78 88 22
26 25 89
23 61 28
25 88 47
52 89 14
73 47 38
54 22 31
12 22 45
40 92 70
67 12 69
62 20 61
76 56 64
27 14 14
39 88 84
18 45 15
27 58 76
59 14 55
39 82 62
90 90 16
58 10 32
27 36 74
90 91 28
93 82 39
20 23 26
4 64 93
53 90 50
14 32 19
1 32 80
4 84 35
32 23 46
67 58 78
64 84 69
82 2 43
6 45 4
62 85 48
46 14 59
37 72 61
63 77 83
42 81 91
11 91 18
62 46 90
36 70 93
65 64 1
66 14 41
68 24 22
24 81 70
82 93 54
15 85 1
47 13 80
30 26 4
28 53 40
5 69 22
52 16 45
14 6 25
21 87 9
27 92 28
16 12 31
3 39 38
65 9 31
63 83 17
60 54 5
37 34 58
38 71 49
67 56 15
49 68 31
29 64 73
72 87 92
41 55 3
73 66 13
14 82 54
81 77 18
92 79 1
17 71 41
56 28 66
62 66 19
12 26 18
92 6 65
29 24 14
63 67 7
66 13 8
43 61 69
29 7 65
93 43 78
63 56 74
87 69 22
84 65 45
46 78 24
16 66 2
18 51 15
25 43 34
55 86 27
18 24 91
9 12 63
75 87 1
25 38 31
81 17 72
59 18 40
34 90 53
14 67 13
83 25 22
66 88 78
17 67 58
87 9 28
62 82 7
91 92 14
82 70 72
2 53 52
91 57 58
68 77 92
84 43 29
56 92 78
68 11 84
82 90 54
34 76 22
86 51 79
74 9 63
81 38 54
79 38 16
7 6 17
24 92 55
64 18 59
90 50 71
87 20 37
63 6 86
29 72 83
53 89 90
70 52 81
50 91 62
44 49 11
19 42 54
48 16 9
44 66 10
45 2 73
8 63 59
24 24 40
56 37 35
5 18 24
60 20 90
47 40 31
53 18 40
51 36 54
76 33 81
68 37 79
58 78 1
33 47 76
12 73 65
10 89 53
51 38 28
12 38 14
44 22 86
28 85 9
76 18 45
84 27 30
5 61 7
46 87 71
36 19 93
42 90 34
8 62 20
75 23 22
11 58 31
34 43 67
90 19 32
78 37 3
52 67 73
82 78 48
16 53 5
79 3 59
40 71 5
31 47 37
3 59 9
41 48 74
88 44 89
49 86 62
35 53 44
30 50 48
2 83 24
67 2 38
9 3 20
47 27 89
54 4 37
86 40 14
33 43 69
28 92 46
36 24 49
41 2 51
89 77 60
79 52 63
58 21 69
80 42 50
6 30 72
62 67 10
9 68 70
61 75 93
70 60 56
38 80 29
90 81 68
39 7 87
38 10 64
51 62 58
6 28 30
45 21 78
60 89 35
30 56 45
53 2 38
90 39 92
32 41 50
77 29 40
30 59 70
48 27 72
45 72 39
87 25 91
19 30 7
4 2 39
53 71 60
25 69 54
5 89 46
67 63 35
61 6 42
33 34 63
77 49 86
27 5 26
13 46 30
68 29 21
34 64 88
7 2 89
49 76 75
19 14 2
39 52 86
50 24 22
10 15 63
63 56 86
12 27 62
89 84 27
32 13 39
34 1 40
59 68 70
50 82 80
52 27 72
9 75 6
85 78 79
59 25 71
80 93 57
82 93 25
30 12 92
78 83 36
46 63 53
38 31 50
53 22 69
58 56 2
15 77 62
22 49 20
74 60 2
25 11 15
54 61 76
71 76 75
92 92 32
31 83 90
45 11 49
75 80 40
2 19 16
6 47 18
80 51 46
15 49 75
52 9 49
71 68 64
39 92 49
25 9 68
19 53 65
41 7 33
87 35 39
84 82 58
18 50 66
55 9 88
20 48 65
92 21 54
21 87 55
72 88 91
10 20 47
34 19 81
3 36 16
11 20 76
52 31 5
83 9 4
64 76 52
10 74 74
79 48 88
24 71 78
44 33 57
55 15 29
45 63 51
74 48 17
58 60 91
92 89 25
21 83 60
42 93 81
9 66 42
8 1 83
77 45 86
91 21 28
41 67 53
12 59 19
60 47 79
52 39 20
22 15 52
36 48 9
79 81 69
18 33 46
11 69 17
14 49 12
27 18 40
9 37 69
71 8 15
6 78 25
69 22 71
29 80 91
79 77 56
10 13 33
16 35 61
92 62 89
65 57 88
45 10 18
21 74 54
3 69 79
23 75 74
84 93 79
2 3 21
52 23 61
89 4 4
15 53 55
16 89 31
23 87 41
21 48 81
11 17 53
59 75 16
75 27 29
78 68 11
17 29 11
33 31 33
64 66 45
34 9 35
17 83 44
6 28 4
12 56 71
92 17 89
69 70 79
52 17 42
7 62 28
55 20 31
46 31 90
5 71 73
80 76 10
49 34 67
39 86 21
20 62 66
45 67 21
82 81 48
90 3 51
55 56 7
44 23 88
9 41 85
89 89 17
34 90 36
6 68 79
13 50 33
26 34 68
87 62 66
78 79 13
9 92 6
3 5 60
34 31 44
76 8 74
84 13 56
12 54 59
67 27 41
8 6 1
34 23 10
91 10 66
11 27 57
58 60 68
48 3 10
30 60 10
28 36 7
71 61 9
37 12 93
67 6 66
60 93 3
79 42 3
46 81 55
9 92 45
19 69 3
85 25 85
29 11 34
66 13 74
35 3 78
67 29 26
38 66 54
18 8 53
2 35 31
82 79 14
15 63 87
45 24 28
60 88 17
57 75 84
71 13 87
79 25 46
93 93 53
28 30 16
47 60 51
69 66 61
55 71 51
1 34 85
11 29 61
87 40 83
57 24 71
71 30 42
47 10 26
43 59 37
58 58 57
68 83 52
23 54 67
19 26 11
35 8 93
70 19 58
53 27 91
15 61 39
33 29 28
90 59 81
59 47 90
35 16 5
60 87 59
41 52 25
29 47 19
47 22 88
30 74 10
39 61 81
44 42 44
57 27 28
63 86 53
41 86 63
29 86 26
43 35 13
86 30 12
31 55 83
31 86 10
4 58 83
82 7 44
81 41 9
80 75 20
69 55 86
82 3 64
2 29 61
45 75 37
41 85 40
9 83 36
42 78 20
40 16 40
59 26 32
17 43 63
11 78 20
44 12 28
47 23 14
91 41 92
91 90 25
24 61 2
64 88 11
88 5 62
71 34 66
2 6 66
26 72 40
83 35 52
22 89 7
47 17 69
19 48 90
76 32 78
25 33 84
35 17 61
90 10 4
51 17 60
9 93 91
75 89 89
83 39 3
91 46 30
79 20 88
69 72 13
90 88 21
83 42 49
89 77 80
24 65 24
28 93 31
22 78 67
18 14 34
48 7 48
39 31 35
1 43 3
38 55 30
59 73 13
29 30 73
26 22 53
77 36 11
24 57 16
61 64 32
41 24 55
46 45 10
93 43 53
85 84 7
13 24 86
62 49 60
2 16 16
53 35 19
83 25 57
10 28 15
15 15 49
58 82 38
16 23 14
45 15 46
59 10 33
85 27 66
40 39 48
80 45 89
54 29 28
39 21 25
13 81 73
27 8 61
83 30 35
28 78 57
38 46 65
76 30 73
14 75 83
15 90 16
32 87 11
28 72 70
69 65 27
21 40 48
43 37 85
5 71 79
4 82 58
13 13 17
87 41 19
62 43 88
91 19 45
32 26 81
27 78 42
17 18 4
58 32 51
49 15 57
67 51 1
73 70 50
72 65 35
3 50 60
57 23 70
57 56 90
93 84 50
82 39 90
33 14 37
16 43 19
89 74 91
12 81 50
20 17 74
23 65 92
24 93 19
67 46 74
46 62 66
12 53 31
7 54 8
83 30 13
12 44 21
65 71 13
92 42 77
86 70 54
38 84 26
6 20 13
1 82 61
1 5 66
24 11 64
82 56 76
49 3 72
3 29 64
37 21 62
75 90 53
17 66 51
25 36 6
74 21 58
12 25 33
56 86 13
48 38 63
90 35 39
79 18 83
93 61 36
11 85 63
13 8 35
2 5 47
5 63 71
28 38 49
70 77 5
32 47 32
39 29 75
63 61 10
10 48 37
48 41 86
48 12 36
49 7 70
7 9 27
41 8 74
93 18 88
27 59 86
36 70 91
76 59 17
83 80 75
25 43 21
70 66 5
51 66 89
4 68 62
68 32 93
48 35 71
18 45 9
62 82 58
71 67 74
2 32 24
83 84 31
87 64 79
32 43 87
48 63 70
80 8 81
60 28 47
11 14 86
85 8 51
36 32 70
88 54 88
23 17 16
20 2 70
19 29 17
26 21 59
24 56 57
28 56 12
92 30 56
50 43 60
66 71 36
48 79 31
23 72 36
50 50 13
70 39 83
46 52 48
71 72 23
13 33 50
93 60 35
53 74 90
15 92 64
71 34 35
34 27 53
76 14 79
77 70 50
91 33 47
67 59 39
39 24 77
62 83 76
66 43 42
35 8 4
93 21 13
57 15 75
21 87 65
58 61 80
13 60 54
35 79 60
31 61 58
68 74 90
68 35 48
34 44 37
67 66 81
72 23 23
16 76 8
72 84 32
18 66 70
41 77 59
64 77 59
66 50 60
93 3 26
12 55 20
26 19 7
63 49 81
55 65 33
15 15 47
29 52 24
93 59 33
43 16 81
73 30 24
59 60 20
88 88 79
85 48 27
62 82 46
6 63 91
54 64 71
9 42 87
4 61 50
8 21 45
72 60 22
44 12 74
63 73 33
48 88 4
93 39 57
13 44 25
12 21 75
76 58 85
40 74 54
9 80 91
20 82 3
50 80 20
39 84 76
69 48 8
41 26 8
1 11 7
93 10 93
37 87 12
4 42 54
77 51 92
5 58 43
27 40 2
35 77 32
26 23 79
6 23 82
31 91 62
45 76 93
93 12 56
74 34 63
33 25 72
23 89 17
54 68 49
15 79 73
25 45 68
21 65 63
15 59 10
60 91 6
65 86 40
44 2 83
7 38 23
74 8 50
41 68 22
49 37 81
88 19 80
87 60 79
65 78 70
34 65 36
34 9 9
61 8 30
51 63 65
69 26 26
16 4 73
73 74 42
26 14 23
48 27 68
1 87 82
60 32 61
8 63 52
48 67 7
43 37 2
34 15 36
88 30 36
5 92 57
70 14 82
51 38 55
5 43 44
17 31 75
58 91 48
79 7 18
45 48 19
66 89 28
49 67 35
51 41 71
3 36 5
24 70 30
42 48 82
81 80 25
9 84 3
18 91 81
68 68 65
74 84 34
7 30 91
90 66 53
56 58 18
5 54 69
36 68 38
46 82 40
53 88 62
77 59 17
26 5 75
57 63 36
30 63 38
5 12 75
1 54 27
62 69 22
55 68 35
54 72 19
9 87 56
86 37 18
20 60 3
57 42 44
48 68 40
46 66 49
88 76 56
66 60 37
92 66 67
42 68 52
47 59 35
34 91 8
76 63 13
80 82 90
73 33 87
69 78 65
79 88 45
43 88 79
5 20 12
68 78 86
67 22 25
16 74 73
86 34 59
47 72 47
53 53 38
8 43 9
29 1 56
55 66 59
67 93 21
42 36 1
41 87 83
67 29 67
61 18 38
21 4 46
76 81 52
64 92 93
18 46 26
64 77 75
40 90 36
20 82 89
86 40 11
23 86 25
89 59 17
19 13 4
86 78 49
90 46 30
40 75 4
1 48 23
48 74 36
42 43 65
43 24 48
35 82 70
18 86 9
53 51 7
72 48 1
1 25 69
34 6 36
14 32 1
16 82 46
2 28 46
68 75 90
51 39 46
16 12 3
7 4 44
69 29 92
14 45 91
60 64 22
62 60 41
69 14 84
24 60 18
29 15 11
88 46 89
91 24 72
5 24 8
48 29 4
29 12 50
5 33 12
47 58 86
63 20 2
69 80 51
22 17 44
24 90 74
67 56 20
51 63 19
33 73 68
85 63 56
51 50 91
38 17 38
33 23 22
69 49 89
24 77 25
47 39 34
8 64 10
47 72 46
15 41 42
45 58 75
76 46 61
6 82 27
12 3 50
35 26 43
84 49 68
71 28 68
33 75 46
19 17 17
27 55 24
70 72 67
44 39 33
2 41 41
1 26 46
68 91 42
29 15 82
66 31 43
19 27 23
69 87 57
68 4 8
31 84 82
9 40 55
66 9 34
35 70 1
75 84 89
80 10 54
74 92 83
92 73 92
79 50 42
83 37 22
83 31 87
3 31 81
16 17 3
21 66 38
68 26 56
39 78 78
56 13 14
87 93 20
55 60 87
68 76 84
93 31 13
18 3 12
75 66 56
49 47 26
54 25 23
6 88 8
30 69 17
35 79 38
86 44 44
23 46 13
7 65 64
80 77 9
90 67 18
60 59 29
63 30 59
55 22 65
47 34 42
75 7 72
45 3 29
86 35 30
93 79 75
14 83 21
63 19 25
4 73 52
38 40 36
61 14 87
34 45 92
55 86 70
33 71 64
57 25 46
66 89 8
66 89 51
44 65 72
39 58 16
24 93 42
4 77 48
67 66 9
80 27 36
46 11 93
77 71 25
76 26 70
12 52 51
80 30 45
70 68 50
55 80 62
39 84 50
61 85 87
70 47 52
6 16 27
32 82 81
37 12 87
86 30 67
38 57 48
67 92 20
62 54 22
65 19 56
4 75 4
70 92 59
53 65 61
45 13 22
87 16 73
63 89 53
37 49 35
39 18 34
14 64 1
30 44 57
55 92 44
33 70 55
10 48 69
91 36 33
3 28 92
30 47 14
10 44 43
71 36 83
75 76 67
44 41 83
41 48 67
39 84 92
11 10 54
1 23 79
17 44 18
62 27 81
47 67 37
53 32 57
52 33 50
87 10 89
71 83 34
25 14 82
42 6 76
65 65 24
26 53 68
32 32 75
92 21 75
25 84 39
23 91 49
49 55 87
71 41 49
23 53 24
14 58 92
64 3 68
50 25 68
5 45 7
68 43 18
15 35 58
28 66 67
16 85 35
29 55 86
60 5 64
51 20 74
15 73 64
70 35 33
7 33 50
40 56 86
3 36 90
36 35 36
71 12 65
69 88 66
34 81 71
52 68 82
7 8 37
87 7 78
33 54 88
30 36 22
2 75 52
90 91 66
67 74 30
39 61 6
28 18 5
55 26 34
34 5 89
79 28 37
64 18 89
89 5 68
71 62 90
11 91 54
58 51 88
90 51 35
53 10 12
44 7 21
42 55 13
10 70 54
36 11 50
67 1 91
61 77 90
44 48 3
16 67 39
29 88 28
85 35 43
72 48 93
48 49 38
80 79 69
10 22 2
11 20 10
34 27 23
72 80 1
54 64 6
29 9 12
40 93 13
19 25 19
15 34 63
76 89 63
44 64 60
48 42 24
33 34 83
93 75 20
59 9 26
43 37 29
83 73 85
47 86 67
49 40 68
81 69 77
53 43 7
9 86 11
48 30 57
81 81 87
89 40 13
15 79 1
89 93 49
65 25 55
17 44 31
81 52 88
80 15 9
47 73 54
28 36 79
57 31 41
40 17 72
76 70 13
42 90 28
57 31 2
65 87 46
70 85 17
30 88 9
56 83 10
12 10 5
39 17 19
73 34 57
45 57 27
46 58 49
33 65 38
35 73 69
50 21 48
29 90 49
82 51 59
74 72 38
33 53 70
4 12 25
4 71 43
50 42 23
85 3 42
15 40 66
52 36 18
26 32 48
54 26 66
44 76 72
89 89 6
8 56 39
43 35 88
14 73 89
69 67 65
21 41 18
32 67 16
22 7 52
72 83 13
84 39 74
9 34 23
83 23 62
81 84 50
55 90 32
7 6 71
22 44 82
64 92 33
30 11 27
68 82 55
42 90 53
49 31 68
78 87 46
77 12 85
52 88 12
68 78 5
25 42 19
2 41 32
31 36 90
90 47 75
54 36 70
39 18 87
31 1 53
60 81 63
28 12 45
3 58 88
76 33 3
89 73 56
87 51 25
27 81 3
47 58 39
74 51 21
56 10 40
71 76 52
59 17 42
48 26 29
80 32 38
59 57 45
6 46 74
40 55 76
18 34 14
28 19 36
14 9 48
64 54 17
27 72 49
48 38 14
24 5 50
82 18 24
62 89 80
68 81 75
43 92 69
78 56 42
92 28 20
32 56 16
5 83 2
67 77 23
88 76 55
1 58 61
13 76 74
55 2 22
7 7 43
92 57 43
93 79 7
13 79 72
38 54 44
6 24 66
2 12 21
49 55 58
90 74 58
81 23 74
22 77 39
61 3 66
53 40 84
59 15 6
55 85 88
9 43 2
22 22 77
46 71 65
59 68 88
88 22 73
22 55 15
64 1 44
20 8 24
87 27 65
83 34 57
64 4 73
60 18 31
39 18 59
3 54 81
18 78 17
83 45 14
32 73 34
16 67 30
26 63 49
28 37 33
60 45 12
91 44 18
74 67 72
24 11 44
35 76 46
64 38 17
32 63 57
2 80 5
92 15 65
81 84 6
59 84 30
56 3 75
77 50 40
38 9 17
43 18 70
17 44 42
30 6 55
21 29 14
24 46 52
66 86 4
89 89 27
55 63 81
45 61 79
64 59 18
16 66 34
64 53 24
69 74 39
44 48 55
42 36 66
83 34 24
24 52 92
75 66 32
14 10 23
89 21 66
77 89 76
4 89 77
6 55 86
22 44 61
43 80 6
38 42 17
75 87 15
24 19 60
11 34 54
65 7 13
75 36 92
38 68 43
78 78 8
73 21 44
4 6 41
7 26 53
93 19 43
65 57 78
36 74 69
61 14 29
22 18 40
51 82 88
67 10 48
46 47 24
92 5 24
32 31 41
24 90 11
43 7 52
39 47 27
90 61 68
88 39 10
52 68 3
36 31 27
2 23 59
90 36 11
1 9 25
3 14 45
30 35 20
3 69 10
78 92 76
9 86 89
83 26 21
56 60 88
1 65 76
86 33 83
47 73 76
46 74 84
69 88 58
49 47 48
25 13 68
36 21 59
28 24 7
78 56 72
52 79 17
2 38 10
52 89 59
28 17 21
70 71 53
42 78 5
78 35 82
19 86 26
9 93 28
38 14 62
3 26 35
80 83 79
11 38 36
80 19 78
53 88 2
87 40 75
80 50 80
49 77 86
20 52 31
85 35 88
86 48 22
49 29 38
19 60 60
88 79 83
56 43 70
13 10 62
11 56 17
64 6 87
14 49 89
56 41 89
76 51 68
90 24 67
8 16 91
24 20 47
56 76 61
22 46 31
46 69 12
87 64 85
44 56 55
34 29 92
25 3 57
42 5 8
33 75 41
48 70 68
86 24 48
17 64 68
45 27 28
57 56 16
42 28 16
22 29 38
78 7 60
90 84 69
69 36 32
56 56 43
53 13 21
23 3 87
51 56 32
60 90 44
6 48 58
34 11 57
43 40 48
18 48 83
40 50 49
80 29 27
28 17 83
70 57 76
7 61 24
84 19 22
50 89 73
23 69 8
31 78 25
71 79 4
66 45 63
63 41 26
64 74 20
35 19 3
16 10 64
7 74 27
28 2 31
88 57 29
80 72 16
6 71 81
5 55 73
78 1 77
30 43 13
79 14 45
36 17 78
12 62 66
31 32 73
87 71 53
77 48 19
69 69 59
49 42 93
58 47 17
14 66 69
40 77 17
59 73 89
82 13 65
39 72 78
68 64 36
24 77 88
40 23 66
48 89 88
34 52 62
89 27 84
41 7 84
55 17 72
12 60 36
56 17 10
60 62 40
87 7 7
55 71 6
34 74 49
48 85 50
54 43 76
81 66 8
29 74 26
26 16 87
75 7 22
19 8 30
64 92 74
88 86 33
10 10 81
13 55 73
65 82 69
20 5 67
78 86 78
77 11 63
92 54 1
32 43 24
93 6 15
17 68 77
84 53 58
22 48 10
52 81 76
5 64 30
87 40 51
44 29 58
15 47 56
88 70 64
10 29 73
15 92 10
42 57 40
14 15 5
3 93 59
54 93 87
66 36 14
48 30 78
57 62 47
87 32 6
85 28 3
14 81 36
43 67 74
51 85 59
11 57 7
47 35 21
70 19 42
25 85 40
49 14 88
87 15 33
10 85 28
25 57 77
74 82 73
23 61 46
64 33 58
47 27 28
72 71 44
6 22 37
55 70 57
58 15 7
77 63 87
26 11 7
46 66 84
72 60 68
11 77 7
18 39 24
13 74 87
84 30 86
85 69 65
18 9 92
55 76 9
35 68 60
5 6 71
90 8 35
28 54 33
70 41 41
82 12 89
24 31 57
56 51 20
13 87 43
11 33 77
91 36 62
55 12 79
49 79 33
44 50 68
45 17 70
49 60 84
3 89 48
91 50 57
78 26 82
13 93 56
91 26 28
9 86 65
70 9 52
48 10 79
53 16 56
26 48 64
5 59 29
44 25 13
71 85 63
40 3 43
82 32 63
77 80 62
62 35 57
40 34 41
50 37 17
70 32 46
66 55 87
81 68 2
29 44 65
1 58 31
50 4 19
78 69 24
64 27 45
69 69 93
68 80 33
93 78 93
74 32 63
34 28 77
35 21 55
81 44 30
75 62 85
28 65 47
81 42 55
12 79 26
86 34 11
24 88 41
64 66 54
2 87 66
61 91 33
42 52 41
52 25 17
82 86 80
11 35 55
6 36 19
59 44 4
54 69 86
57 18 86
69 40 70
34 73 40
42 55 11
79 65 60
70 78 37
14 39 45
65 69 55
71 36 83
17 8 78
73 50 26
92 35 14
50 90 29
53 35 2
70 90 70
81 65 45
19 42 21
74 66 62
63 4 49
80 79 87
12 61 16
64 36 9
61 81 84
25 33 91
71 7 19
47 18 34
13 16 63
15 64 41
9 79 91
92 69 11
9 67 79
50 75 23
3 42 59
16 42 41
82 11 42
42 46 20
92 49 82
3 49 59
63 85 20
53 60 22
38 8 45
56 26 87
52 53 63
68 82 67
54 32 65
46 88 55
31 44 79
90 87 39
67 13 64
90 84 81
57 69 35
40 19 67
45 73 44
21 51 82
39 7 81
51 31 16
48 15 7
4 55 52
46 33 26
80 84 51
12 63 51
62 93 6
78 74 59
68 86 9
36 92 80
87 25 35
36 83 57
24 61 34
47 34 75
49 28 7
32 39 32
73 36 36
60 12 84
74 20 60
90 93 3
89 22 86
31 89 39
52 16 31
3 31 19
89 10 55
86 59 26
19 1 55
58 61 11
53 88 88
87 44 71
48 2 29
72 15 30
13 24 34
73 59 89
89 5 15
71 52 77
69 64 14
13 39 11
41 61 52
22 40 34
42 70 48
46 55 53
48 12 13
71 11 62
2 55 44
52 50 83
18 16 67
15 4 35
5 19 74
24 76 8
58 30 55
31 57 83
60 24 79
85 83 50
1 20 7
33 70 68
25 47 48
65 47 49
78 88 3
6 52 92
38 82 42
80 54 41
93 2 9
79 32 56
87 24 38
6 20 40
12 22 36
64 49 3
75 60 13
44 51 39
45 63 20
80 81 66
83 78 60
31 61 16
4 90 91
48 93 27
72 74 36
54 6 85
35 42 83
77 91 8
48 68 53
32 70 23
1 91 58
44 12 38
30 42 66
50 48 15
80 17 53
63 4 34
44 30 22
22 49 61
20 91 70
85 46 55
81 32 17
22 52 26
39 32 17
34 73 9
16 70 72
84 18 69
91 31 42
11 1 74
22 69 28
7 4 65
54 61 22
21 82 50
34 24 38
19 42 82
21 38 48
27 78 32
20 76 10
57 92 40
1 38 76
86 40 60
15 33 79
54 78 33
90 6 49
92 26 42
51 21 13
74 80 62
60 50 74
58 46 24
3 56 91
80 66 11
66 54 46
55 59 10
8 12 57
64 89 90
31 85 59
36 77 31
71 53 10
7 85 47
6 2 16
6 31 14
49 7 75
87 39 66
4 18 69
52 66 86
22 54 40
3 75 46
41 4 20
88 77 13
88 53 34
29 70 22
2 2 41
33 15 22
15 77 1
50 85 11
45 65 70
79 93 93
11 56 25
2 25 7
64 1 52
56 13 92
41 32 61
27 77 27
70 2 90
52 90 92
54 68 63
29 67 41
23 85 26
76 88 63
62 60 5
44 47 81
45 15 86
65 93 69
76 64 60
35 49 9
40 44 9
65 36 77
70 18 18
85 16 34
23 21 21
33 43 92
28 63 80
21 23 54
2 90 28
32 24 85
20 62 89
88 85 17
7 88 5
58 21 74
22 43 50
26 1 68
72 87 9
28 28 80
35 15 25
50 43 22
21 32 50
73 55 34
87 36 70
20 36 48
69 61 6
57 17 7
59 8 10
4 47 10
38 39 30
28 49 89
53 41 56
37 33 92
87 37 9
9 49 30
51 77 92
56 83 60
59 58 1
80 7 91
46 63 59
89 71 50
24 53 38
91 37 83
29 44 41
86 58 2
57 6 12
12 3 89
57 14 7
25 58 51
38 46 31
31 45 89
15 32 91
32 74 86
37 45 86
3 31 85
77 52 71
81 79 5
56 15 39
13 44 66
31 26 19
29 73 72
30 37 36
78 79 39
51 8 22
82 93 63
32 49 33
5 29 71
31 24 68
41 72 66
70 59 18
60 14 82
93 51 8
33 43 59
11 66 5
47 90 83
87 40 91
31 71 11
86 79 25
64 87 7
64 47 33
59 36 12
59 29 56
55 3 62
69 43 59
67 63 8
30 32 15
10 28 45
81 21 14
37 14 21
89 89 90
58 83 90
79 90 68
53 87 55
21 25 88
53 42 14
9 19 11
82 78 33
78 17 5
75 64 5
90 15 93
74 26 2
37 13 43
24 10 26
31 47 16
57 50 6
74 66 45
70 18 49
19 85 9
90 78 58
92 12 70
23 80 46
50 55 43
93 4 44
64 82 15
7 2 7
7 93 81
40 92 26
14 30 17
67 22 26
67 82 40
30 65 10
7 1 4
69 93 45
30 61 82
23 17 56
28 9 86
82 49 63
80 75 66
49 56 41
89 17 57
32 76 41
87 56 83
12 69 67
8 31 69
72 22 50
26 40 49
23 65 5
39 29 43
80 91 10
76 35 81
11 29 51
28 60 46
56 47 65
37 66 52
93 24 45
31 90 13
76 7 85
65 76 62
10 42 6
5 48 43
26 76 43
71 26 36
47 51 39
59 20 3
4 10 26
15 75 51
35 84 92
90 39 41
79 9 76
42 27 40
92 11 35
31 11 57
60 41 44
83 26 25
1 87 5
74 16 13
11 28 45
32 26 4
66 33 16
34 40 50
6 11 77
8 16 10
53 60 47
7 24 57
51 34 43
18 28 23
82 58 21
24 52 53
39 89 85
53 60 8
16 23 82
12 1 36
20 50 40
66 92 87
14 77 55
53 44 67
73 47 90
16 66 93
16 29 6
49 1 15
48 71 21
23 36 76
33 8 11
58 27 66
47 80 38
17 71 22
52 13 31
75 24 61
24 63 20
60 81 49
68 75 1
65 93 31
85 33 2
45 14 57
35 31 86
14 2 39
5 16 84
41 42 35
18 87 82
79 15 25
9 34 80
31 28 31
54 39 24
93 74 1
58 67 1
57 13 34
74 45 55
65 41 4
47 44 62
93 1 3
44 29 14
9 72 85
85 77 73
59 30 88
52 19 18
64 93 31
23 13 83
18 11 93
29 43 4
31 5 75
49 50 41
66 19 64
19 1 90
22 83 86
81 87 36
62 23 16
7 14 32
71 61 38
92 90 10
37 86 88
26 31 41
67 32 27
5 80 10
47 81 26
88 89 84
87 44 12
16 82 45
44 70 57
65 52 80
77 12 54
7 89 44
48 8 12
23 18 41
18 45 52
3 1 84
57 40 79
2 28 20
31 59 44
30 78 6
77 28 48
50 64 69
78 20 22
88 8 37
25 63 45
30 75 83
32 30 26
73 10 80
64 38 49
39 20 6
82 6 77
11 42 93
73 12 82
71 40 60
7 79 88
49 61 33
60 69 3
73 39 70
59 32 4
40 45 11
65 13 11
57 64 66
18 38 36
5 57 66
92 52 73
4 1 9
67 15 88
82 81 71
68 62 56
80 78 38
78 79 82
56 32 78
31 30 81
14 52 13
12 47 19
88 67 61
91 40 59
81 32 60
61 32 54
81 16 83
74 22 73
12 25 85
46 36 40
42 85 40
11 12 4
75 77 26
40 22 61
42 86 9
26 83 51
49 3 14
93 10 86
53 35 42
13 47 22
56 6 56
89 21 10
60 87 34
10 46 90
46 67 72
33 79 59
74 30 40
74 17 58
53 1 18
52 11 58
22 81 31
35 93 79
6 8 87
46 20 79
47 2 18
54 73 67
47 24 68
44 19 74
48 71 41
40 77 32
32 87 83
56 46 53
19 30 27
85 40 49
29 40 37
22 24 69
54 61 21
33 74 86
10 8 42
13 6 31
30 74 38
74 75 30
52 59 70
14 60 59
78 46 68
63 32 76
48 80 91
10 86 25
22 59 43
62 63 40
5 15 35
63 48 5
36 62 50
57 49 3
32 47 72
27 23 76
58 16 31
79 43 57
38 2 72
93 30 34
26 72 79
6 86 71
91 73 73
7 85 11
93 57 40
2 60 33
87 61 54
88 37 9
44 60 48
60 56 76
28 46 64
46 81 19
8 14 25
30 70 43
42 35 30
26 17 33
64 12 69
21 42 29
29 62 68
40 88 43
77 13 71
8 39 84
29 70 34
51 61 7
78 49 74
70 18 8
72 29 56
49 42 19
70 1 57
63 18 25
49 67 59
53 82 52
16 88 42
58 90 10
14 39 25
29 41 57
72 14 36
42 39 81
89 70 76
8 82 13
68 86 79
59 41 71
74 63 78
28 25 72
9 21 61
15 18 50
8 70 3
26 68 91
16 55 58
41 63 30
61 69 46
50 23 31
1 78 26
62 47 46
45 65 48
64 54 81
57 90 31
39 59 23
22 69 34
41 5 20
46 64 47
25 74 72
62 3 72
81 85 28
12 32 61
81 37 15
46 78 88
26 74 45
9 65 24
75 17 88
63 62 34
4 31 79
24 15 27
7 20 57
80 92 52
72 81 78
36 66 63
4 79 43
4 44 16
38 84 83
20 48 87
68 17 45
26 84 22
77 56 7
32 91 4
61 45 81
3 46 54
30 18 31
49 65 57
15 75 80
54 78 12
64 32 59
63 10 79
41 19 39
83 55 16
59 3 6
43 56 92
11 15 49
57 65 66
86 75 78
34 69 2
92 83 44
64 18 21
70 9 43
38 90 71
89 59 42
87 48 1
24 9 87
21 16 33
91 61 55
77 67 88
56 31 62
10 16 75
5 14 11
60 73 16
24 46 14
38 23 34
48 50 52
61 13 41
78 55 57
81 68 48
80 32 33
52 89 76
21 14 4
77 76 17
50 87 18
51 11 9
46 27 57
5 62 1
45 90 77
76 6 33
80 41 43
68 58 93
74 58 45
16 48 77
43 39 35
26 52 75
32 62 93
78 60 48
53 23 69
54 17 60
11 14 62
24 80 14
20 44 56
4 88 7
64 22 37
21 27 48
61 61 91
63 82 62
17 18 55
46 91 79
1 79 56
20 11 57
41 78 25
67 2 18
63 72 16
30 79 1
75 14 26
59 26 32
46 33 31
42 10 18
54 47 26
69 85 1
66 59 87
9 85 58
74 15 86
55 56 73
32 53 34
89 8 42
23 91 40
13 65 30
31 68 29
45 90 47
30 81 79
57 32 9
24 7 53
75 80 85
20 20 93
28 1 45
58 2 93
88 35 80
25 80 51
30 37 76
33 47 50
35 73 77
89 2 68
68 57 8
1 71 67
50 50 59
60 78 79
5 37 5
82 67 88
86 66 93
81 85 41
14 62 37
76 13 38
58 65 44
85 53 31
64 49 28
81 43 57
42 45 27
9 26 33
83 50 42
90 31 54
2 42 19
8 51 10
70 26 18
81 85 20
39 87 15
39 74 91
86 89 21
14 34 25
71 16 22
18 52 72
29 51 2
75 18 11
16 93 25
63 3 31
65 70 54
74 22 8
63 69 84
9 59 42
57 51 78
7 93 42
40 89 39
71 49 20
7 69 73
50 86 70
2 14 26
91 80 26
31 10 30
56 40 65
8 28 31
26 13 25
75 83 76
68 80 93
2 71 4
74 74 9
46 75 46
5 49 83
83 58 30
23 76 36
91 40 78
72 82 53
73 25 53
5 75 39
19 66 23
16 44 50
5 78 48
21 57 62
57 62 32
36 90 86
84 1 69
81 74 38
90 54 52
52 27 53
75 9 38
52 57 11
1 91 57
88 36 61
8 36 61
35 59 46
22 9 43
37 70 91
85 20 59
6 50 16
14 82 44
14 52 32
73 69 87
89 31 24
18 49 43
26 43 26
33 64 20
62 78 79
69 25 32
75 14 35
73 2 42
86 56 25
34 90 48
23 64 14
20 83 84
34 21 81
37 19 1
76 18 46
47 1 14
49 12 41
89 79 22
67 6 81
55 70 2
62 12 25
62 69 23
15 38 78
92 28 9
18 87 27
5 12 8
12 42 54
47 41 65
8 90 68
15 71 4
50 63 90
18 11 45
70 10 28
19 51 77
6 26 70
28 16 39
31 24 38
20 88 58
45 13 21
30 82 59
30 31 60
77 47 76
49 60 5
7 14 62
24 85 22
44 37 8
46 51 49
64 93 39
18 61 30
9 56 34
55 52 36
45 33 7
75 30 49
90 92 59
10 55 56
38 28 25
34 32 79
65 80 22
23 93 5
49 27 32
75 49 87
76 20 47
72 17 84
13 28 56
86 34 54
78 65 77
34 25 35
86 19 10
33 9 93
8 41 55
59 20 31
92 44 50
88 68 27
38 4 12
71 58 21
57 39 77
87 10 55
22 39 1
59 37 25
48 79 75
26 46 93
8 88 51
18 34 6
49 71 13
60 52 32
54 82 8
3 92 37
48 91 55
37 88 75
29 38 54
3 70 79
74 28 7
19 66 2
53 81 62
17 79 67
43 24 68
55 81 35
15 62 15
38 55 42
75 69 75
45 85 77
4 36 87
43 68 36
36 22 25
68 40 31
33 41 2
27 7 8
1 93 9
21 77 89
42 37 19
46 68 56
10 80 7
15 8 21
14 18 28
72 8 78
4 53 52
52 63 31
33 2 52
28 69 30
34 8 83
60 61 61
86 59 33
68 87 66
86 15 87
48 50 51
42 17 69
37 13 12
82 93 57
12 33 4
91 35 79
38 5 70
53 36 5
57 87 71
89 54 55
17 31 90
71 23 7
49 48 1
92 67 36
50 80 92
36 45 88
43 2 7
93 9 81
21 35 75
23 21 45
51 61 27
21 79 17
32 80 46
67 64 86
75 58 75
71 87 69
49 8 93
32 87 2
34 53 79
11 48 7
76 82 39
3 81 92
87 52 71
46 58 93
18 43 82
45 57 62
93 8 43
32 3 17
48 58 22
59 41 18
25 14 83
51 53 5
80 90 59
46 30 71
74 8 12
56 16 52
78 72 18
26 3 19
44 82 58
25 63 93
82 12 74
32 37 3
23 10 81
64 64 60
60 14 17
92 91 14
5 14 81
57 4 3
12 91 20
13 50 30
53 14 52
56 89 33
79 76 92
48 78 17
44 9 43
62 73 68
90 72 37
68 82 1
9 53 31
17 55 36
44 6 34
59 3 5
10 73 84
61 91 36
71 90 5
57 85 25
70 45 45
55 69 51
10 56 24
15 67 7
76 38 2
31 24 30
91 84 61
41 31 47
21 53 57
73 92 33
81 49 80
21 88 18
40 81 35
11 41 65
79 39 76
30 48 74
5 36 39
66 29 48
49 30 45
30 89 22
27 56 93
39 30 14
49 49 23
30 29 77
68 9 41
49 8 89
50 3 53
75 45 84
40 61 55
60 34 81
65 40 14
32 32 38
89 47 89
24 82 85
23 21 37
55 84 67
52 42 49
38 60 71
51 9 57
82 80 51
49 17 65
17 84 25
40 52 39
86 32 46
35 74 58
52 51 54
14 34 87
58 8 79
46 4 81
87 4 16
65 8 16
60 83 69
70 73 16
21 42 48
76 80 8
8 13 44
38 10 63
56 51 1
18 11 42
11 91 3
67 13 70
38 44 10
36 42 18
70 23 74
90 65 52
65 77 41
82 77 25
57 26 23
72 88 33
75 50 18
37 15 76
78 36 30
81 43 9
33 37 87
20 19 2
21 77 22
17 52 83
1 51 53
24 16 2
4 79 62
58 36 59
8 19 28
73 85 27
48 46 2
93 85 40
26 14 66
85 19 34
75 89 10
64 23 22
5 28 74
25 30 34
90 47 62
77 58 55
83 50 30
51 22 15
49 11 58
46 64 43
60 23 10
88 79 18
24 21 43
89 40 88
32 87 91
50 13 45
33 30 91
30 45 38
35 72 60
24 60 55
17 43 11
84 12 50
78 20 7
3 14 88
40 1 28
41 11 78
88 70 50
57 47 51
68 64 73
13 78 65
27 57 22
63 71 85
31 5 85
36 14 74
87 21 31
41 17 53
45 54 74
51 37 35
67 55 78
57 81 73
72 77 45
11 75 8
45 48 28
79 82 2
77 32 44
61 76 15
82 65 50
60 2 64
60 70 75
18 41 63
74 46 91
5 83 65
93 80 53
83 33 93
2 19 72
43 63 53
37 93 49
52 30 51
21 84 78
48 52 79
55 58 70
11 6 43
84 92 36
90 67 10
15 66 30
8 45 29
65 32 90
9 16 18
20 73 3
15 68 7
87 65 36
66 54 36
74 61 15
81 17 89
20 60 81
30 91 45
73 60 57
17 71 6
91 89 91
80 52 11
78 26 41
56 77 16
24 92 70
51 87 60
52 52 58
43 45 79
28 61 86
13 64 24
54 42 15
39 62 34
46 62 37
82 12 43
86 50 18
32 85 2
42 57 39
61 67 89
4 49 16
79 7 4
40 56 43
75 78 3
68 85 72
9 59 34
9 24 14
9 50 55
7 83 63
34 15 92
5 91 38
11 68 1
32 52 81
17 92 91
17 36 43
64 28 16
81 37 25
76 27 72
80 50 22
58 29 72
35 65 46
92 4 2
3 88 47
52 53 91
75 69 66
20 83 14
5 73 73
63 78 82
63 38 30
83 56 14
39 27 13
57 64 77
92 1 12
32 34 33
23 48 9
53 88 28
28 74 27
73 68 49
10 75 62
6 35 90
85 11 13
21 46 16
54 42 77
35 74 47
39 81 83
2 14 8
9 85 74
70 90 52
92 7 67
89 81 19
62 35 6
15 23 44
50 32 52
17 84 34
7 34 72
41 34 17
61 40 42
30 31 61
93 60 63
71 71 59
75 55 7
75 24 67
20 30 50
60 43 3
60 59 11
85 70 15
21 62 17
84 89 85
68 86 91
41 87 32
70 34 26
71 70 17
91 50 93
54 12 4
19 90 62
64 70 34
23 53 50
63 48 54
63 55 53
71 91 30
15 46 34
6 92 17
54 45 25
74 45 1
26 81 76
75 68 71
9 13 53
29 74 89
40 33 70
69 44 30
36 52 26
63 82 46
15 28 83
46 13 82
30 37 76
12 83 28
88 26 26
35 81 76
64 86 39
27 34 70
55 77 4
14 36 75
64 65 92
80 42 38
76 60 47
60 13 78
79 2 28
25 3 61
57 14 60
30 33 70
15 44 36
39 2 71
25 57 12
69 8 5
79 74 92
27 24 38
57 48 45
2 2 73
53 44 6
13 87 30
70 20 70
77 62 24
20 84 7
16 36 10
46 82 19
70 52 37
4 35 5
7 27 18
72 61 93
50 42 61
51 34 74
44 53 33
1 15 60
21 14 86
32 22 55
19 45 31
40 82 53
83 54 3
44 11 86
27 83 86
28 90 50
58 85 30
23 79 57
24 13 27
59 72 48
33 5 78
17 26 90
56 68 35
68 83 88
41 88 29
38 18 2
55 50 50
61 58 45
70 64 44
42 57 54
78 73 90
52 3 3
20 4 5
64 81 12
14 41 2
74 32 51
65 80 4
73 12 8
66 28 80
28 76 3
17 27 54
25 24 71
51 78 37
41 50 37
32 58 15
74 20 49
63 55 32
10 89 17
27 84 88
73 29 18
26 86 15
65 83 19
71 81 84
15 9 19
91 68 82
36 30 45
14 34 21
16 8 83
12 7 58
72 15 85
15 12 30
70 69 39
46 32 69
47 1 78
43 44 88
57 13 61
27 66 63
82 35 4
77 89 76
89 82 90
89 87 21
74 37 16
70 82 71
2 67 43
34 29 69
46 15 65
61 50 4
59 44 8
2 25 12
92 39 23
15 41 14
3 85 41
12 30 62
19 65 71
23 84 13
68 46 40
43 9 33
38 60 35
17 6 14
23 35 77
77 42 13
69 86 18
44 43 30
2 51 26
85 61 8
82 62 65
90 28 42
73 70 69
78 47 38
64 56 44
35 62 32
1 62 7
10 7 16
39 93 26
18 65 22
14 88 31
78 78 60
87 30 70
76 40 13
78 64 81
68 58 93
88 70 82
76 60 31
3 85 77
46 4 73
77 87 69
75 22 45
26 28 26
24 19 85
53 85 7
54 7 13
10 19 81
81 63 39
6 88 85
35 76 39
92 20 25
43 85 86
83 57 12
82 71 25
67 4 69
62 61 61
89 85 16
29 41 26
25 67 21
87 3 93
79 25 52
75 16 6
64 70 77
10 10 87
59 91 65
34 48 38
69 5 85
19 86 11
75 61 56
44 26 80
59 75 74
42 39 78
31 72 91
15 34 55
86 11 5
9 73 31
72 76 42
83 92 62
77 51 80
51 33 37
35 76 53
4 4 20
6 59 24
30 46 10
75 17 28
85 46 61
27 84 26
53 39 16
23 23 59
9 91 1
21 47 81
17 32 20
42 74 41
66 19 19
71 44 4
79 70 84
77 28 67
63 9 21
66 14 20
14 55 78
47 49 39
20 81 86
83 24 46
57 76 91
21 63 83
89 81 55
86 67 21
52 9 10
69 59 60
89 38 55
73 12 60
76 89 4
40 70 30
85 87 22
44 62 60
13 59 12
45 75 80
18 1 35
1 34 69
1 54 72
10 51 13
51 82 1
11 65 38
81 5 51
2 69 50
59 8 14
68 27 56
46 85 89
68 85 88
3 81 56
53 46 24
18 41 63
44 1 32
70 80 62
65 31 4
34 87 41
81 55 47
63 93 36
81 9 54
4 15 15
47 64 59
1 11 32
57 5 3
49 11 90
81 52 60
45 74 64
5 82 53
44 5 31
47 48 50
17 67 69
67 91 93
79 49 18
43 41 56
37 49 93
65 13 42
73 27 13
79 65 20
81 86 30
52 20 50
56 62 49
74 50 62
10 81 21
61 63 47
17 73 70
82 22 53
29 6 10
56 12 92
71 15 86
11 81 7
88 40 80
75 87 9
18 44 5
20 45 23
89 73 92
67 6 77
54 38 10
88 74 81
7 36 26
51 15 69
57 16 48
7 5 8
81 81 74
67 63 70
23 39 53
2 27 41
58 28 68
90 34 41
8 74 55
36 82 82
46 50 27
32 38 36
58 48 17
17 26 72
44 40 10
50 58 1
11 51 57
72 16 43
5 30 2
56 23 48
53 34 15
86 82 53
35 71 77
90 2 33
60 79 26
2 71 29
70 18 28
46 87 41
3 68 52
92 28 38
34 58 81
82 53 93
65 57 75
24 80 67
88 5 62
68 29 69
62 28 15
23 14 10
91 75 36
38 32 21
58 12 54
89 24 9
66 1 63
74 57 56
26 71 34
19 36 43
70 83 41
18 51 4
77 88 48
1 54 78
72 40 69
47 50 66
89 30 3
84 66 76
12 17 34
47 55 30
35 80 53
79 75 93
9 54 40
83 57 70
92 87 8
46 55 16
3 56 68
56 3 76
34 73 56
10 61 13
31 93 93
14 66 8
22 24 6
11 25 6
87 70 29
19 62 66
93 14 51
6 91 63
78 39 87
30 65 20
92 3 63
47 36 13
55 20 49
89 35 23
58 88 42
51 33 62
9 81 35
62 73 54
20 76 71
87 13 52
59 35 52
26 25 47
58 41 18
37 51 16
37 4 25
14 19 50
56 57 44
71 24 42
49 46 14
23 19 72
90 46 12
16 18 68
64 93 78
72 19 39
69 59 25
89 16 61
34 86 78
80 64 70
40 93 44
58 17 64
37 83 50
75 7 57
23 11 60
70 11 51
62 86 84
38 52 80
18 85 53
44 65 47
36 49 67
45 59 39
45 61 65
82 82 9
25 20 41
70 31 46
72 47 62
63 22 78
9 55 31
23 66 66
30 26 13
80 32 73
78 15 41
31 48 74
35 51 35
47 10 9
84 63 56
58 54 7
47 88 26
77 51 1
93 86 35
81 36 63
72 39 74
48 1 35
16 54 74
5 83 17
50 17 86
17 62 32
57 23 30
77 45 58
3 69 5
31 20 60
42 17 47
34 70 78
48 63 73
93 21 76
30 27 81
72 56 34
54 50 43
28 78 65
70 71 2
18 11 80
28 48 24
61 53 74
72 37 73
29 78 55
52 21 49
62 61 29
14 92 54
27 42 69
93 91 71
90 3 70
60 86 70
80 88 16
64 23 10
85 61 61
81 28 20
63 81 77
34 56 74
45 59 68
76 20 44
24 15 21
24 34 34
19 22 34
41 12 26
84 39 28
66 18 71
22 90 11
10 4 41
18 79 48
50 65 24
76 17 10
17 6 56
26 55 57
73 46 51
49 84 26
90 60 47
51 11 25
41 39 84
72 54 43
67 34 83
75 42 61
27 26 92
58 3 53
49 45 19
77 71 32
41 32 74
37 40 88
33 19 17
19 57 71
42 32 28
35 40 42
89 16 55
46 53 30
34 70 80
20 20 60
36 9 11
60 44 28
33 86 4
68 41 92
10 80 50
89 10 14
61 20 46
92 20 47
89 33 29
9 18 26
47 86 53
24 78 80
2 70 70
18 34 46
87 11 30
45 29 61
14 22 85
90 81 7
61 91 1
26 77 25
66 50 71
50 42 1
85 64 29
13 34 20
46 17 92
26 57 5
17 91 73
9 3 76
86 24 46
83 8 51
9 2 36
92 17 66
68 40 54
48 89 14
58 25 46
19 23 86
17 69 87
23 84 60
18 90 78
86 18 56
81 43 46
86 62 2
89 11 55
11 11 76
72 37 92
55 67 76
14 93 31
81 79 21
25 40 75
81 92 39
93 51 55
63 84 5
24 29 15
59 42 76
55 50 23
46 88 48
71 21 67
9 89 13
31 55 58
70 47 22
75 30 90
47 2 25
1 60 79
75 25 47
79 52 11
79 89 50
23 41 29
71 85 45
25 14 20
68 20 69
21 8 60
30 79 1
17 56 36
69 73 74
45 1 41
49 25 91
36 49 62
67 9 36
31 64 79
87 82 19
84 67 51
49 68 25
82 9 13
57 64 21
35 66 48
84 3 21
55 82 65
83 36 68
36 17 82
48 18 26
79 85 25
38 24 23
50 30 1
68 19 47
64 12 19
13 16 88
51 3 90
70 59 11
51 75 92
93 73 90
47 8 93
85 31 16
49 68 6
30 18 87
57 12 74
11 66 29
59 1 77
12 88 69
67 39 83
6 66 3
75 73 57
39 84 67
29 81 3
17 21 68
3 2 70
69 13 41
46 48 71
28 16 21
79 23 44
18 61 57
12 11 75
90 54 46
77 16 84
34 74 86
45 93 43
24 61 49
21 53 79
49 74 36
44 70 20
29 55 74
91 45 65
22 10 27
2 22 24
85 16 39
55 52 64
40 68 13
67 30 90
84 55 48
65 66 86
78 18 90
64 37 5
86 50 6
78 70 37
75 61 82
84 45 73
48 78 92
64 1 79
49 72 64
57 43 9
41 81 66
54 69 29
75 86 3
86 63 68
90 21 58
49 27 73
31 19 88
79 27 69
7 39 59
24 77 39
42 71 41
17 21 3
29 86 68
43 10 47
46 23 37
67 71 9
34 65 92
21 57 11
52 12 51
77 40 40
44 21 24
63 10 89
21 12 67
11 87 58
52 64 36
30 82 17
35 37 70
4 53 81
79 61 49
18 26 71
64 40 55
9 92 59
92 83 17
20 13 27
2 49 42
73 32 92
90 19 35
22 32 22
19 3 46
55 45 33
44 28 52
41 73 40
18 85 54
9 36 79
68 66 64
6 37 68
82 14 85
91 83 87
73 7 91
71 47 65
75 28 33
62 65 30
47 46 42
5 88 77
38 36 18
27 17 17
14 70 52
20 20 4
60 51 62
68 67 72
57 19 90
44 36 12
80 82 16
50 55 91
45 89 76
37 91 3
67 9 38
73 66 39
87 22 65
19 30 42
72 54 5
25 55 16
53 28 36
72 1 44
50 15 57
16 61 82
91 89 77
63 81 13
18 20 78
15 40 87
41 86 53
61 8 90
13 87 71
54 64 1
69 46 4
26 25 48
23 27 82
66 22 47
62 47 33
91 83 31
84 60 35
4 44 45
29 37 3
80 40 1
87 30 32
12 5 14
83 81 13
37 33 3
77 47 78
39 25 92
21 34 24
3 28 60
45 81 43
3 8 78
81 9 58
5 73 39
23 58 54
84 49 33
92 67 60
64 47 9
20 38 93
82 5 27
1 54 17
80 86 30
18 10 37
15 56 24
68 10 7
84 30 19
6 24 2
88 77 84
83 31 34
86 33 57
56 90 79
18 69 81
7 70 10
23 14 66
37 40 78
34 1 11
59 18 27
27 79 41
7 70 19
82 83 14
43 32 42
43 51 19
79 1 38
16 63 45
71 41 4
50 12 69
69 14 7
45 69 3
6 31 38
50 86 25
16 90 70
32 28 33
20 24 61
27 71 91
36 73 85
51 26 50
35 90 15
40 66 33
42 46 50
83 47 7
11 51 66
15 51 15
80 69 57
25 36 81
18 18 85
84 89 12
16 65 33
44 54 33
41 20 70
30 41 22
51 53 4
53 85 46
67 71 66
50 7 68
34 58 25
47 57 30
87 22 65
27 56 18
52 32 59
2 71 13
20 12 77
62 41 5
48 77 16
39 34 15
57 8 47
33 72 46
50 37 61
45 19 24
45 91 22
62 78 58
1 71 55
27 1 5
48 85 41
6 33 44
50 55 73
82 64 91
90 90 46
8 76 23
26 49 11
82 80 24
7 63 4
57 65 86
84 57 80
78 28 64
77 8 92
37 53 63
90 79 23
12 47 65
21 79 62
63 62 14
53 7 65
60 36 76
61 46 56
63 13 54
54 93 39
44 2 32
69 58 8
44 28 72
62 39 82
20 19 8
88 41 32
83 86 58
91 47 71
65 68 71
24 89 71
62 82 84
63 22 49
25 26 72
60 16 50
21 25 34
89 68 54
40 91 8
51 60 52
75 76 45
65 78 45
9 52 68
65 12 84
31 45 82
11 53 4
15 63 35
22 50 61
70 50 17
17 27 7
2 10 93
12 36 48
3 14 76
83 6 1
22 77 10
77 34 27
43 75 86
58 79 33
51 62 52
8 46 56
92 54 34
6 43 88
91 11 92
33 80 52
7 17 81
81 53 76
51 39 22
31 63 54
92 10 39
63 67 14
63 78 75
49 48 81
54 57 8
23 24 21
90 47 19
65 83 39
15 84 19
73 93 61
21 16 40
61 44 93
49 93 2
58 16 89
49 74 44
91 75 14
60 6 76
56 39 6
90 29 22
12 58 21
52 16 2
53 16 40
74 66 13
80 91 35
20 76 35
41 35 33
47 88 31
77 20 65
30 85 10
85 52 74
87 53 31
92 92 22
10 34 74
5 71 75
41 58 65
36 31 87
67 14 30
88 29 93
80 92 74
68 93 18
92 88 52
44 70 31
51 76 20
9 63 53
85 18 69
24 26 30
43 53 89
25 82 83
75 35 71
6 6 59
62 21 18
17 18 36
55 49 51
81 57 49
93 23 34
74 45 12
68 10 69
38 89 44
59 20 45
30 1 67
66 6 82
23 69 34
90 69 44
17 52 37
86 91 58
37 63 6
37 18 82
2 55 21
9 49 64
20 13 89
60 56 66
75 70 6
75 18 51
42 78 4
65 33 89
73 15 55
46 41 18
47 64 52
77 13 67
52 38 69
54 63 88
17 27 83
38 25 31
39 6 54
77 77 84
53 24 11
44 32 1
55 72 15
39 67 29
52 35 13
82 67 51
73 14 89
50 47 90
70 10 23
76 45 70
6 55 73
37 62 25
85 59 54
53 43 60
85 16 86
55 42 64
33 92 50
87 13 59
77 16 34
75 81 44
1 30 18
21 74 67
13 10 23
53 30 78
11 71 6
65 66 34
64 48 54
80 72 14
45 7 71
54 77 27
73 64 14
51 11 27
14 28 62
72 31 66
41 8 86
93 65 52
56 58 74
42 28 51
58 39 67
48 52 60
45 14 20
63 49 12
35 81 29
89 38 84
52 8 16
1 93 81
15 72 66
63 10 78
69 31 52
48 38 93
17 2 65
54 69 31
20 57 55
71 40 1
44 72 58
80 35 75
5 10 77
57 17 57
69 67 91
93 54 86
81 90 76
89 5 15
45 23 85
41 60 46
34 87 45
93 85 45
21 22 82
12 35 82
14 84 91
82 90 74
68 68 12
89 90 44
26 57 82
71 44 80
16 71 36
91 5 6
12 90 39
32 76 62
72 88 67
85 3 77
70 73 91
10 72 85
11 57 5
19 82 90
27 88 34
42 55 19
68 14 47
80 69 43
91 5 89
82 19 65
55 32 71
8 55 31
66 26 36
1 48 34
21 59 85
57 17 77
55 91 90
27 31 30
45 87 86
13 44 87
3 35 73
54 47 51
37 63 49
54 40 7
68 10 91
31 22 79
77 38 20
63 74 79
36 81 51
44 43 79
3 17 79
79 46 24
3 62 39
19 14 66
55 71 88
41 16 8
39 20 84
37 51 28
93 15 17
60 53 20
88 20 25
75 2 27
70 48 20
21 23 3
18 44 22
34 14 41
82 72 76
70 92 40
26 47 92
5 67 78
61 26 49
87 73 59
91 17 61
93 24 1
39 80 31
75 65 82
71 74 8
75 50 88
70 92 48
50 30 81
83 73 49
17 48 55
76 74 70
76 28 17
84 91 50
92 86 46
12 17 77
85 43 65
53 91 15
4 50 71
43 77 64
49 64 27
69 53 17
83 33 53
45 11 62
79 76 35
68 89 92
59 86 17
46 49 69
53 78 83
37 88 20
61 45 28
21 35 19
27 69 70
15 90 68
21 53 4
15 25 17
54 65 43
53 45 76
40 77 21
37 23 39
73 49 76
41 44 12
75 81 68
37 87 69
62 51 19
71 5 43
26 19 5
80 75 56
49 77 22
65 23 19
59 61 7
85 17 16
57 2 36
82 17 32
64 79 31
55 46 75
90 61 15
26 57 43
89 52 75
24 22 7
59 69 20
8 65 45
20 13 56
12 83 35
41 67 89
19 9 49
48 49 80
7 89 77
23 77 4
57 92 2
27 14 27
13 61 88
12 93 15
27 89 27
42 59 13
87 32 83
50 48 84
21 65 8
73 85 84
36 32 4
48 42 43
8 43 56
63 37 8
89 32 11
33 6 12
76 87 73
3 36 67
24 63 77
68 82 42
67 91 14
4 81 89
3 4 64
61 36 42
29 78 6
72 6 25
27 6 70
89 29 41
6 17 15
69 34 41
67 82 39
61 61 10
77 70 43
38 88 67
21 41 39
17 81 29
22 61 50
17 48 40
13 22 21
19 16 90
24 83 44
37 50 24
81 46 46
27 78 9
64 5 37
46 56 80
6 69 70
8 3 87
91 12 48
8 92 70
52 7 67
22 65 46
28 87 31
39 33 62
45 8 61
73 82 55
53 61 63
93 8 78
66 71 27
62 1 69
59 85 77
7 84 28
34 59 9
24 32 8
81 42 70
20 67 14
42 7 11
9 60 43
72 35 4
8 16 54
62 80 25
92 33 52
74 5 44
57 22 90
69 16 83
91 72 77
50 5 88
29 47 76
93 15 14
36 36 33
6 11 72
62 10 59
5 64 72
70 11 10
84 69 22
69 51 76
87 39 41
5 61 43
79 50 78
2 79 67
57 82 2
5 33 23
77 42 77
41 22 84
48 71 88
82 73 26
83 57 22
90 84 86
65 53 56
57 71 88
88 88 28
44 71 29
69 66 18
41 15 85
80 16 43
49 39 72
65 70 13
90 82 52
87 54 87
40 83 73
40 48 20
90 60 16
40 7 32
13 36 39
3 52 66
81 91 31
81 27 73
71 45 28
15 21 87
4 9 37
24 13 64
90 1 80
30 54 54
20 31 15
9 4 64
55 35 37
31 69 38
12 6 23
63 11 60
25 88 40
86 81 29
61 29 9
67 5 62
70 93 71
88 24 2
2 7 6
55 78 17
14 72 53
33 6 81
44 11 80
52 47 47
12 52 79
67 66 7
82 5 49
3 71 4
82 34 27
6 30 93
63 23 93
91 37 24
33 41 64
41 18 33
47 8 79
28 47 64
62 88 19
15 9 9
45 32 29
71 1 2
2 35 84
4 21 44
49 76 92
42 37 18
87 6 74
78 78 19
50 67 27
56 50 12
33 13 28
28 63 76
87 28 32
40 36 64
17 48 58
67 53 87
17 54 8
58 8 35
55 92 50
31 41 24
55 75 73
73 78 47
7 3 34
25 15 33
39 37 82
18 49 32
58 60 29
57 38 62
77 49 92
2 56 25
77 30 52
42 23 38
6 10 31
16 4 65
18 21 44
85 10 53
16 67 82
32 74 4
52 60 34
80 69 83
61 28 90
73 31 2
8 53 7
57 34 18
83 26 88
75 11 36
81 19 57
26 13 11
54 3 71
62 84 93
34 78 69
80 27 84
22 2 82
5 16 44
8 80 16
66 64 12
53 67 31
31 63 90
89 14 19
39 41 23
90 23 88
37 27 48
80 23 89
5 70 6
60 66 37
82 31 55
30 21 29
89 79 76
19 4 85
78 83 75
48 61 42
79 79 9
60 14 81
55 54 81
59 32 25
40 89 72
55 49 84
29 22 35
41 17 67
93 6 80
10 46 47
20 67 46
28 87 77
77 8 50
91 19 18
57 44 14
89 30 5
26 53 54
13 2 57
44 89 61
59 48 46
37 36 57
39 52 50
40 62 68
84 79 82
82 43 83
13 66 44
26 64 14
78 92 75
49 87 83
55 33 54
47 26 58
33 53 53
61 46 74
60 31 75
78 56 4
19 79 28
35 24 43
49 16 74
12 43 49
18 92 3
29 51 58
4 7 30
82 9 60
27 1 64
15 47 10
43 76 93
92 82 93
58 22 44
58 93 90
92 7 78
24 81 72
56 38 92
55 21 68
36 90 42
5 69 66
80 11 64
85 37 16
59 12 66
50 47 39
62 55 35
18 19 57
37 35 45
7 53 38
3 79 77
42 75 35
38 47 19
64 20 91
9 80 46
34 75 55
13 4 54
27 54 18
86 17 36
21 51 49
64 66 58
11 80 10
55 30 76
53 70 27
57 18 29
8 73 58
34 21 3
5 49 79
42 2 35
53 3 54
58 81 68
5 12 65
51 65 3
29 58 64
56 31 82
77 67 82
27 36 21
17 42 52
69 76 12
90 64 50
5 33 61
6 82 46
15 63 28
33 91 48
2 62 88
81 42 56
84 64 49
66 74 40
76 86 31
24 26 32
67 62 6
83 37 91
92 86 2
13 66 11
44 91 6
25 44 71
34 26 35
15 35 14
3 46 17
16 41 18
81 24 50
84 70 67
23 49 42
41 73 76
88 51 66
93 31 28
79 3 60
79 61 19
78 32 91
1 68 47
75 21 84
65 7 22
27 23 43
62 83 90
61 64 7
91 20 57
2 73 62
57 69 54
56 31 42
19 12 30
6 24 60
67 90 5
33 42 93
1 38 30
59 79 46
14 63 4
72 34 31
28 75 67
69 23 81
8 90 79
62 38 74
30 15 10
69 16 31
79 38 12
86 74 33
92 2 27
49 74 15
32 83 5
61 3 43
28 55 8
93 7 77
39 25 36
33 18 7
29 32 87
62 13 4
32 34 22
6 44 71
4 80 29
37 45 1
67 89 1
8 9 63
49 66 56
56 21 80
8 33 74
22 77 51
27 33 19
89 70 85
85 57 25
40 61 1
56 85 64
39 35 57
45 75 71
6 88 63
10 70 5
45 88 37
69 10 68
85 65 86
25 89 86
80 66 24
43 63 2
62 64 83
74 93 16
18 6 60
86 1 39
5 81 87
13 61 27
12 29 83
22 54 89
82 5 21
50 58 21
59 7 92
24 82 91
54 2 19
41 69 93
53 48 45
22 14 79
48 93 88
38 13 35
62 69 75
14 28 32
91 78 32
90 38 28
17 35 46
82 10 27
26 88 77
57 80 91
71 47 62
5 68 68
31 87 47
89 36 87
49 79 61
36 60 78
2 74 29
86 80 18
12 45 46
81 45 46
83 15 79
48 42 38
83 86 53
26 92 35
83 24 82
67 73 16
19 64 14
55 23 1
79 8 74
26 92 49
71 9 7
32 36 1
40 67 23
53 89 7
91 10 23
33 73 66
11 32 81
18 76 77
14 11 50
13 85 27
76 46 68
6 11 38
86 58 91
64 43 49
4 81 66
25 54 93
61 44 74
78 5 50
85 49 49
37 19 23
58 13 50
26 91 75
25 80 89
78 8 78
17 23 90
7 8 92
4 59 46
93 83 57
28 89 75
36 46 17
79 21 13
54 23 72
18 37 21
74 63 35
84 59 38
65 70 59
37 59 13
1 11 23
62 65 14
53 38 22
71 17 43
26 11 86
21 89 72
67 16 51
22 23 82
92 44 1
66 82 69
87 88 84
19 36 59
57 4 14
81 28 11
19 13 50
23 60 43
80 73 21
92 22 13
65 29 22
37 93 45
82 69 79
44 58 49
46 65 38
55 48 18
8 81 29
29 31 78
93 13 15
56 45 14
73 38 63
73 16 70
87 67 74
15 36 44
3 9 57
79 53 72
11 2 47
93 5 63
36 29 62
73 78 16
21 82 79
25 82 38
21 10 26
76 45 85
40 11 47
46 84 15
38 14 54
58 86 56
93 29 6
74 86 5
12 47 28
11 87 7
79 76 12
76 17 24
23 82 92
45 1 4
12 18 64
12 34 91
60 26 8
39 22 88
23 25 32
41 17 29
69 77 15
1 40 73
5 25 12
88 53 19
4 48 75
2 88 51
67 52 29
33 55 56
76 81 15
79 46 46
77 58 2
43 19 10
75 16 11
85 60 79
16 68 30
68 29 89
55 76 57
77 76 65
36 92 41
68 17 48
69 24 46
92 2 84
73 26 1
41 58 48
59 29 52
57 59 22
1 52 4
55 66 30
9 63 70
6 84 77
52 75 6
22 72 55
66 32 13
47 30 12
19 35 93
7 34 35
45 17 77
28 55 3
12 36 74
63 69 30
50 19 77
17 89 20
23 63 83
58 61 28
5 93 92
81 91 48
2 9 79
87 5 20
52 37 69
19 40 35
69 20 59
31 17 85
92 61 63
15 48 29
50 69 68
40 25 15
28 91 19
54 12 70
67 82 16
47 26 74
14 80 69
44 50 61
85 31 18
16 49 33
5 27 19
36 42 31
27 9 14
66 82 66
77 88 87
23 79 22
49 92 70
17 72 13
74 23 33
44 44 12
77 15 61
16 46 65
5 44 86
33 69 90
53 51 91
67 13 37
72 71 24
19 1 38
54 65 43
70 58 41
22 84 29
76 85 90
33 15 31
80 7 55
31 30 51
63 81 21
51 24 38
83 59 78
93 67 31
33 24 77
25 18 39
29 91 46
50 41 77
44 38 82
11 2 11
12 38 82
93 30 8
75 26 23
37 72 61
32 7 49
47 81 4
71 50 90
64 31 41
93 12 69
10 90 87
41 5 19
59 40 15
92 4 67
81 87 45
19 6 39
18 49 62
40 92 6
87 63 54
1 69 44
18 62 46
88 42 73
55 75 71
3 92 33
77 13 17
22 86 29
68 22 18
24 3 44
76 70 9
70 47 8
38 46 14
67 92 52
27 29 42
79 22 81
52 35 25
73 83 45
45 43 66
8 46 81
82 25 50
48 85 19
92 92 81
27 16 9
30 17 79
82 37 51
79 66 30
80 44 82
3 7 18
25 16 36
90 40 54
16 3 90
57 40 63
8 36 30
71 83 12
52 31 42
86 21 56
4 80 58
35 32 59
45 70 30
46 4 78
59 62 79
2 37 46
13 74 26
21 83 79
13 91 48
92 38 64
51 62 29
38 81 46
72 69 20
14 3 32
73 11 5
31 25 34
4 86 8
50 63 82
61 24 34
69 36 59
2 68 58
75 82 51
37 25 16
46 33 62
57 64 10
33 70 24
56 22 89
33 31 1
31 86 21
88 85 51
60 72 9
54 72 24
53 88 62
16 83 45
54 4 75
19 55 35
59 10 25
33 29 80
79 49 64
32 92 14
3 74 87
84 71 21
9 73 37
71 69 88
66 14 33
40 87 1
62 5 44
10 89 67
92 60 9
92 13 92
66 67 87
60 81 83
76 14 11
83 22 41
9 70 5
61 54 53
40 86 44
81 67 31
47 27 48
9 49 86
47 93 12
21 28 67
73 13 58
65 86 10
71 33 70
6 85 11
24 10 21
32 74 4
49 54 70
51 80 68
12 84 74
35 42 1
17 36 15
61 68 71
10 22 7
76 87 3
48 91 87
72 16 34
28 35 46
41 10 50
79 21 9
42 90 91
46 7 34
44 11 85
15 28 90
36 45 29
65 56 13
58 4 79
83 9 34
66 25 3
77 13 49
84 56 19
59 11 74
88 57 87
83 18 32
12 75 24
36 27 73
79 29 88
17 1 58
91 72 17
75 7 38
83 35 70
17 8 86
31 70 32
48 50 9
65 88 75
81 62 81
44 92 87
49 60 44
30 69 47
79 37 88
56 79 12
63 14 29
64 39 60
23 8 90
17 54 45
55 51 46
47 62 3
12 68 57
50 36 70
29 27 40
47 77 66
3 2 30
65 13 61
26 46 91
26 25 74
71 50 15
56 52 12
16 25 1
84 53 53
61 8 16
4 92 31
79 72 28
18 89 20
90 16 2
40 28 63
91 83 79
20 93 84
38 50 36
66 34 8
3 50 87
85 24 73
89 75 70
40 29 13
36 69 85
27 53 78
88 21 14
38 66 78
42 83 71
76 57 24
23 65 62
61 10 6
24 43 72
51 54 26
51 59 66
35 63 24
55 61 12
62 44 38
80 59 66
86 57 3
72 63 81
85 63 16
66 7 41
87 42 30
54 47 40
1 16 80
47 86 77
75 49 43
31 2 89
20 22 49
60 78 50
46 34 92
34 20 23
14 11 41
22 30 57
7 50 86
47 70 78
55 35 80
65 4 76
58 81 33
8 23 9
86 51 8
30 75 24
23 91 67
48 4 40
49 23 52
11 2 56
90 36 45
34 25 4
12 79 45
49 6 16
82 41 50
33 49 20
57 88 6
67 46 72
53 9 20
19 72 52
70 61 92
89 44 5
2 87 79
90 93 10
73 4 20
78 77 91
89 15 20
33 22 12
93 14 61
40 10 78
69 2 33
79 80 38
71 54 64
57 37 39
70 1 5
85 2 13
51 55 24
14 14 52
65 16 63
66 55 70
59 33 77
87 49 60
46 14 58
21 79 13
54 8 32
6 85 63
34 59 64
39 26 76
14 63 93
47 45 30
33 4 69
61 67 42
37 66 93
17 46 31
24 9 68
19 90 93
9 71 73
74 68 42
27 89 58
79 73 88
44 67 35
68 70 44
64 91 75
79 51 17
26 87 88
46 3 88
64 33 9
21 45 92
67 88 24
39 19 32
36 76 61
68 8 89
71 34 74
89 14 9
49 2 12
82 55 13
54 12 32
10 42 52
21 34 15
4 71 82
3 2 67
40 42 16
24 54 16
11 7 22
48 8 62
73 13 24
11 81 45
86 54 50
9 37 79
6 38 61
21 19 68
88 76 72
1 90 27
9 16 67
65 33 76
64 36 36
4 54 18
43 36 83
40 47 88
30 91 28
1 4 78
77 12 3
72 77 73
59 75 17
22 20 1
62 49 29
35 41 8
90 52 10
27 47 85
39 35 69
50 44 69
25 69 80
88 67 33
81 26 71
72 84 71
57 16 35
55 30 26
79 70 3
68 91 63
8 82 14
19 30 75
13 31 33
25 74 79
34 7 9
21 33 12
33 85 70
84 42 92
18 44 63
90 11 79
26 83 61
59 28 83
16 18 42
78 66 79
60 39 91
62 63 9
29 4 46
43 79 23
1 74 60
20 42 27
79 52 81
21 88 26
38 42 75
85 58 26
79 87 82
67 66 52
14 73 51
22 55 42
58 25 55
41 13 10
42 45 17
1 55 28
70 49 26
18 13 28
55 18 19
29 50 83
1 77 10
30 82 60
27 9 48
29 75 30
41 9 5
42 50 78
5 62 43
18 45 83
7 83 93
6 20 82
64 40 90
16 48 17
30 41 34
8 52 57
18 56 33
63 4 54
56 42 88
54 85 30
50 15 48
69 91 56
60 79 24
59 90 25
20 90 45
91 86 65
20 1 73
93 80 83
70 57 57
74 81 75
43 76 88
36 51 5
88 11 75
10 46 5
79 27 22
66 18 37
63 73 31
49 12 39
78 3 12
88 76 41
48 89 75
74 52 63
88 86 24
59 54 34
46 57 50
66 83 15
22 31 60
31 35 54
41 89 52
22 30 4
73 48 89
72 1 12
80 36 70
47 52 51
34 92 92
4 36 82
83 20 39
32 78 44
80 2 46
42 78 73
5 42 53
56 47 36
1 34 67
16 35 68
82 22 79
71 84 57
34 4 20
28 42 12
26 59 81
74 53 70
1 65 48
22 14 53
83 85 16
91 48 50
43 23 34
39 46 6
50 83 38
55 26 65
15 41 89
60 31 45
43 82 15
11 61 81
4 48 42
13 2 42
54 83 81
66 59 63
40 23 60
86 79 70
54 21 8
66 64 33
83 10 28
88 61 75
54 67 27
10 21 71
42 82 63
21 70 83
4 65 87
81 21 50
45 72 89
22 44 14
43 44 13
75 63 91
62 37 44
10 4 20
12 15 75
47 81 12
39 43 90
55 27 25
1 34 42
29 81 12
90 33 70
34 55 88
40 20 4
10 55 13
84 10 88
71 87 59
76 71 75
52 9 48
42 23 92
12 25 65
63 93 13
2 9 17
53 29 73
53 8 21
31 79 76
3 93 44
40 70 89
45 40 22
14 68 1
78 3 45
91 93 29
54 8 13
41 84 64
71 5 14
2 81 6
51 49 44
82 47 33
74 27 73
80 48 38
4 81 53
61 41 34
45 81 16
91 2 38
23 60 48
3 12 13
44 31 3
91 16 40
15 48 12
77 66 37
92 16 62
34 31 82
82 31 49
53 28 23
47 91 14
26 47 71
14 43 63
43 61 81
57 75 80
39 69 15
40 5 83
47 5 14
32 45 73
28 58 40
81 18 70
30 22 37
18 35 45
53 48 86
41 49 85
42 70 4
87 56 42
28 12 61
61 73 62
13 14 52
25 79 85
67 26 83
29 60 74
86 40 63
8 4 57
46 17 65
24 4 76
90 8 26
54 25 66
2 10 35
55 1 93
5 75 60
85 67 59
55 76 20
69 29 43
69 16 2
43 61 65
40 67 93
73 80 39
92 8 24
57 70 87
38 76 24
31 43 91
52 60 34
89 43 35
53 31 28
69 22 38
43 87 46
67 66 48
44 59 60
76 32 49
86 90 14
18 50 24
31 24 59
14 37 38
43 39 17
65 11 26
6 74 13
46 20 30
80 43 3
5 11 29
34 24 86
10 25 29
66 62 28
38 40 3
61 15 53
27 25 27
6 38 52
5 15 46
61 19 70
2 66 81
55 41 9
1 55 28
65 84 75
46 46 30
22 33 23
33 59 59
70 66 36
44 15 87
20 45 38
34 22 73
83 63 11
27 66 3
80 53 37
43 49 25
26 76 49
16 12 92
65 63 3
39 58 46
11 25 58
63 5 31
83 63 27
67 79 90
48 18 42
89 49 93
20 1 30
50 45 68
84 85 20
46 19 32
83 64 67
37 69 74
54 46 3
36 14 69
63 26 90
8 12 66
93 48 15
22 47 57
38 57 33
93 30 7
18 67 20
33 73 51
51 34 38
79 18 28
63 47 28
10 89 12
58 19 44
34 77 69
40 56 48
78 63 34
31 21 7
3 55 50
88 80 71
21 80 19
12 62 51
20 57 68
45 47 93
8 24 26
44 80 8
68 40 22
77 24 4
67 18 79
44 90 13
57 59 50
42 51 81
24 80 17
62 41 45
83 69 83
15 28 93
48 4 3
68 65 4
77 81 35
1 33 88
75 86 81
78 87 46
2 42 10
38 81 68
48 73 11
30 87 62
19 56 74
4 7 13
17 79 61
57 56 45
76 41 23
56 63 14
67 40 31
31 76 39
51 8 32
61 65 60
70 28 3
18 92 57
57 63 56
54 25 49
8 29 30
84 87 50
9 68 9
34 48 65
82 50 81
9 59 60
55 72 43
88 13 45
6 49 42
19 66 78
23 6 65
55 52 13
24 55 13
27 59 41
16 33 57
2 49 24
11 88 4
39 1 71
78 89 18
40 35 70
3 44 68
56 15 69
16 76 47
47 68 39
66 29 37
61 82 67
4 81 7
7 41 29
33 66 22
35 55 34
46 10 9
71 21 64
20 35 86
2 91 61
11 52 24
43 16 82
68 47 28
38 23 76
6 1 6
37 84 65
87 58 68
36 79 27
83 55 51
30 34 74
52 50 8
92 63 93
53 78 54
43 1 77
59 21 36
48 28 20
91 29 66
51 10 22
27 4 6
75 23 56
43 15 59
71 83 3
49 70 47
19 83 18
67 35 14
84 86 51
88 72 50
5 83 27
7 64 66
27 25 16
69 60 8
15 87 29
92 73 12
37 70 22
79 86 38
17 25 84
49 63 15
38 26 73
29 75 61
70 31 7
26 87 44
64 54 53
25 51 66
40 15 9
38 80 75
37 50 68
4 7 70
89 41 23
48 13 66
62 59 9
32 85 19
34 18 70
78 81 26
44 26 49
31 90 81
46 26 41
14 40 72
61 7 70
54 7 26
57 62 59
50 21 29
75 64 17
49 93 47
77 14 71
87 32 32
46 1 87
75 63 21
8 63 86
34 52 78
58 34 71
88 60 20
61 49 3
33 75 84
57 56 44
89 41 89
15 70 6
71 56 1
21 9 44
3 88 83
21 89 38
61 85 56
25 21 18
59 22 49
34 75 30
78 14 47
59 76 90
12 11 28
27 60 26
74 74 32
25 45 5
8 70 76
1 87 64
49 53 28
48 29 24
28 24 91
55 31 55
58 9 84
56 8 67
64 46 92
48 3 19
6 39 44
31 26 13
4 16 88
86 43 77
16 87 8
8 66 71
15 77 68
93 51 55
20 41 78
11 68 38
8 8 61
59 38 66
61 68 18
77 89 6
29 90 88
82 36 57
18 67 77
15 23 34
53 23 24
62 22 66
65 59 74
66 90 3
34 45 6
45 32 37
22 56 53
79 73 22
53 70 50
43 53 33
82 34 11
18 73 73
78 39 87
63 32 69
76 75 56
8 23 8
33 87 71
14 57 1
39 1 20
10 18 31
48 25 93
62 20 5
83 75 31
12 9 72
1 91 41
8 93 46
69 59 69
52 35 17
44 20 6
88 64 66
14 86 2
42 19 73
53 87 46
87 57 65
27 26 73
12 72 27
34 46 75
19 14 52
67 58 93
73 10 79
6 67 71
70 15 65
14 79 59
81 79 52
32 72 27
5 9 68
85 14 11
35 44 52
15 68 45
28 83 56
56 64 26
72 12 62
82 43 9
13 48 55
77 49 59
73 65 44
73 40 90
65 71 25
9 89 75
63 30 92
10 5 74
88 93 55
65 3 58
79 19 89
48 45 9
25 22 14
39 37 80
32 47 13
72 21 48
12 48 20
71 37 85
70 48 91
57 5 59
60 70 25
23 7 91
87 79 79
64 42 61
88 19 30
45 5 90
83 53 21
51 67 93
75 51 69
