100
36 14 30
14 8 7
39 37 6
19 39 7
35 3 28
46 51 38
15 5 35
18 35 11
37 51 25
34 15 11
34 49 48
14 9 29
49 23 32
38 46 23
1 29 44
5 40 21
50 21 44
35 13 35
12 9 31
2 47 1
11 36 43
42 13 51
23 28 30
23 18 14
5 20 10
35 36 31
32 40 51
46 16 50
37 9 34
43 6 25
25 18 42
44 8 10
42 7 46
29 3 33
4 39 33
38 15 38
33 44 16
12 11 46
40 8 7
37 40 31
14 4 29
50 38 8
13 41 43
8 25 21
13 11 27
40 26 47
36 48 49
15 41 17
43 6 31
1 28 16
47 25 4
25 42 39
23 9 16
32 43 29
26 2 27
38 7 49
19 1 27
15 23 40
43 27 8
4 3 17
30 41 14
20 36 14
44 2 48
48 30 36
31 51 19
25 44 9
33 49 18
9 44 35
33 31 18
46 3 44
39 31 31
33 4 10
5 2 51
39 48 11
43 12 27
29 25 39
5 46 35
4 28 29
17 5 36
22 52 49
39 7 23
35 41 23
34 3 22
8 44 45
46 40 1
44 42 3
29 19 45
47 34 52
35 36 27
48 34 29
39 31 18
52 17 43
5 14 1
8 48 26
49 22 32
16 22 1
33 29 4
13 15 22
45 23 5
31 8 25
