10000
73 59 43
50 66 5
2 61 5
28 9 12
73 12 72
44 48 59
10 8 53
69 9 14
47 67 53
26 4 37
17 44 60
20 46 22
47 25 30
66 32 36
70 52 44
53 19 58
25 34 37
65 42 49
48 55 35
27 6 29
7 34 24
55 30 51
70 26 53
65 58 69
58 48 54
72 50 2
48 65 37
55 48 73
24 37 7
22 10 5
39 71 56
22 39 67
64 73 46
53 61 12
47 25 70
72 27 16
16 23 44
60 45 57
38 29 27
52 65 14
35 58 20
9 24 66
71 63 42
43 6 2
21 60 33
12 59 17
25 31 58
24 30 20
68 48 62
8 22 44
52 50 40
68 68 15
42 54 65
14 56 22
23 38 36
14 6 58
16 25 24
10 69 64
61 38 65
73 45 58
14 60 36
64 13 69
14 53 1
54 40 21
67 64 19
48 67 51
7 26 56
28 41 49
57 21 58
43 40 40
13 51 35
44 11 19
35 55 50
35 52 60
36 21 26
8 12 72
45 30 69
11 20 25
70 50 7
71 70 20
18 20 14
37 15 30
60 51 17
29 18 21
7 72 9
70 1 46
35 20 54
37 24 69
69 6 69
29 33 48
53 22 50
11 9 16
32 21 24
67 7 65
52 34 53
14 58 68
35 67 49
44 8 33
58 21 33
3 72 18
2 8 59
52 20 9
72 43 67
45 37 38
42 47 12
72 30 54
36 13 53
56 37 6
51 73 53
32 39 36
12 4 20
27 16 37
39 51 4
11 43 46
36 37 48
57 61 61
10 31 12
30 26 27
66 29 52
68 55 7
72 47 42
57 45 68
31 51 7
71 35 24
69 2 11
56 32 5
70 69 59
55 38 6
44 47 1
55 57 61
21 37 45
7 70 4
53 14 33
38 69 49
5 21 24
21 59 68
33 9 65
37 36 35
23 72 60
4 37 14
27 15 9
56 11 16
62 24 66
45 12 66
48 19 36
3 20 47
8 20 44
54 16 55
31 15 10
35 36 66
2 25 6
50 60 39
68 71 72
16 68 38
45 9 29
3 34 54
52 46 58
38 33 33
47 18 71
1 2 63
45 25 44
12 62 23
37 48 7
57 33 22
67 46 67
24 36 49
56 11 10
12 2 66
71 35 31
56 19 13
23 58 61
52 41 2
5 55 58
10 35 59
42 13 44
30 65 72
8 2 61
17 48 69
22 2 32
21 36 47
53 65 15
70 29 3
73 27 23
46 32 2
57 35 36
42 72 21
7 64 47
20 72 27
36 58 47
34 2 52
16 26 6
40 36 44
64 44 58
57 9 20
13 20 56
59 20 11
48 11 65
20 30 71
42 32 61
14 50 6
37 38 41
10 16 58
34 73 61
19 28 41
27 48 54
70 13 8
24 22 17
24 37 7
27 45 21
63 70 23
69 71 73
47 25 35
15 64 51
54 2 55
44 13 49
72 31 53
72 10 20
42 56 1
12 38 31
1 40 3
1 26 54
38 28 42
53 67 73
65 25 10
43 47 34
11 51 24
49 31 32
21 1 61
70 26 42
59 26 26
27 29 30
70 60 32
3 70 9
50 27 38
55 62 2
63 4 68
55 66 63
26 8 54
44 9 70
57 10 37
37 67 18
51 69 14
64 24 56
73 35 49
71 26 25
10 10 11
5 56 69
7 1 22
70 51 55
69 66 19
62 20 13
47 2 26
10 52 14
54 12 72
46 25 1
63 28 18
8 4 15
10 40 58
62 4 43
16 68 29
51 19 25
3 32 71
73 60 43
45 29 62
6 26 40
39 21 30
20 1 11
61 40 73
29 44 15
43 34 46
26 34 5
45 71 66
38 34 51
33 14 34
70 49 69
31 44 19
53 70 4
1 24 37
6 42 64
67 3 13
14 21 47
71 25 73
58 60 42
40 72 23
43 49 16
51 20 21
67 37 14
36 60 35
10 31 12
59 67 44
33 24 66
62 64 58
5 58 58
61 23 14
32 7 45
4 4 5
32 73 10
25 41 13
14 51 31
58 51 66
43 13 69
12 43 28
26 70 22
15 3 57
14 70 51
29 9 34
15 24 13
20 48 34
36 25 58
33 49 38
62 45 57
60 57 64
37 27 70
14 32 53
14 72 62
9 19 73
67 15 48
55 16 31
63 37 56
4 29 5
51 24 43
25 71 32
45 62 59
11 2 22
1 21 49
32 55 51
62 57 13
21 66 13
69 5 25
72 52 71
66 71 37
17 31 17
72 46 61
48 20 49
15 49 1
30 58 41
4 40 18
64 51 60
20 34 14
47 70 41
4 68 33
21 52 12
19 34 66
17 58 7
10 9 10
54 19 59
27 35 14
39 51 41
6 52 17
52 40 34
2 73 67
14 22 72
7 3 71
39 8 53
73 50 8
43 1 31
19 16 5
4 4 34
50 12 55
15 32 64
16 69 23
36 52 54
53 39 48
22 57 62
27 34 23
10 30 1
4 6 14
58 42 69
12 42 38
8 44 17
24 24 42
67 59 11
73 5 66
73 40 16
58 28 13
67 37 32
50 29 53
34 6 21
31 5 3
37 9 44
43 26 6
32 64 66
42 35 20
28 51 2
42 73 42
63 64 18
48 65 8
69 57 10
9 71 30
38 26 43
38 33 55
28 19 34
58 8 18
52 38 46
41 57 42
20 65 68
54 30 27
25 2 67
23 43 35
10 8 7
9 3 19
53 30 27
29 19 33
39 12 14
11 51 33
36 38 67
60 39 61
30 66 67
64 44 58
22 6 12
27 65 49
49 28 37
27 70 51
72 43 47
19 50 50
29 19 32
38 23 38
2 8 35
61 39 54
37 58 41
69 71 49
49 48 44
54 58 15
1 16 8
11 63 70
54 69 61
25 20 40
7 12 33
53 57 4
56 26 56
39 57 45
1 33 13
73 23 8
8 19 59
69 69 40
57 13 30
43 6 61
2 34 24
48 3 6
42 18 60
23 34 15
15 6 7
9 28 48
21 13 35
69 30 41
6 40 65
43 50 1
44 22 37
41 69 24
5 10 61
39 56 71
34 67 8
1 39 62
14 19 8
21 11 35
14 19 50
39 19 16
39 24 55
17 53 72
44 48 3
58 50 37
53 7 12
30 52 3
72 34 32
20 47 29
45 54 5
12 13 3
50 10 34
39 44 35
5 40 53
60 17 52
12 42 71
71 14 65
36 41 30
73 20 17
33 59 1
35 54 50
8 16 18
3 73 51
46 64 38
53 42 19
5 25 42
65 60 17
26 49 4
7 13 30
59 31 7
26 60 1
20 51 54
55 18 58
18 27 58
49 13 4
60 5 18
31 10 23
27 65 64
12 69 48
67 8 37
59 72 68
36 3 63
30 61 33
33 24 57
31 51 26
9 73 14
58 58 6
38 73 36
31 59 19
42 64 72
21 25 52
69 30 18
42 37 28
1 56 36
62 41 61
43 13 16
12 69 71
39 59 72
41 59 57
72 29 12
11 23 35
1 49 63
57 30 30
60 47 62
38 27 71
70 72 52
33 50 31
8 49 30
22 6 31
60 52 12
53 64 15
22 51 18
28 23 1
29 18 43
70 48 64
15 35 18
52 17 46
33 23 25
31 13 29
11 9 4
13 47 51
17 60 68
56 44 35
38 51 26
20 65 14
38 71 21
71 22 30
43 53 67
69 53 10
45 41 42
32 21 45
46 12 21
21 56 31
48 55 19
4 50 52
4 31 10
65 62 71
1 60 65
58 6 25
20 8 71
52 68 15
64 33 35
5 2 19
34 38 55
30 43 60
60 16 47
14 28 11
51 3 22
27 61 11
72 2 52
9 58 12
55 50 40
35 37 28
26 62 17
56 17 7
27 53 25
43 59 56
33 10 52
15 30 59
43 45 21
24 6 29
31 11 64
63 50 72
19 2 67
15 4 5
12 19 23
65 30 20
36 67 59
6 23 68
68 16 54
35 20 9
60 28 45
27 33 17
64 18 52
70 17 59
56 56 3
32 13 3
38 51 45
33 32 27
11 26 26
34 38 54
46 44 9
55 68 18
59 26 5
60 23 1
4 4 33
7 26 24
69 13 13
36 73 52
37 73 49
27 5 40
51 30 55
59 40 21
59 6 23
72 35 35
71 23 26
46 45 67
26 42 31
50 10 15
28 47 9
61 67 53
45 21 60
38 2 57
32 5 16
21 31 44
65 38 17
55 39 31
21 34 31
7 29 32
52 28 8
2 24 47
11 32 6
54 34 72
56 64 23
21 38 67
5 25 30
4 19 4
30 52 2
45 62 26
53 51 67
12 32 38
24 36 71
19 6 37
28 27 4
40 36 45
35 65 35
60 44 9
67 53 68
65 34 49
40 27 16
51 7 25
29 11 66
71 16 45
42 54 28
37 15 35
14 55 68
43 6 31
69 49 61
22 59 41
36 60 9
47 23 48
9 40 14
19 46 25
24 12 6
29 35 33
62 69 51
35 44 9
20 53 57
23 71 16
72 32 32
6 49 11
38 38 58
33 39 6
62 70 41
11 50 45
48 71 37
47 63 9
3 34 4
32 19 39
22 15 22
18 27 7
24 72 5
30 45 32
11 25 9
14 44 49
4 63 43
59 62 39
58 21 60
8 19 20
11 13 57
66 34 55
9 15 7
47 37 2
2 29 18
25 63 73
2 68 67
37 37 35
49 55 8
33 32 62
24 24 13
43 22 40
44 34 23
57 67 52
40 62 28
54 61 65
56 6 36
48 39 23
48 18 17
50 70 39
66 31 56
44 30 22
42 64 31
73 37 16
60 59 54
25 45 70
38 33 42
58 11 6
33 57 55
29 11 62
11 72 18
33 30 68
1 22 8
22 25 12
50 59 37
36 63 27
12 29 39
57 72 28
70 28 50
54 17 64
27 16 72
43 15 12
29 49 18
54 61 19
62 5 48
5 60 30
46 29 65
58 21 49
54 44 22
41 4 68
42 57 3
69 5 27
62 10 23
48 60 68
21 45 24
14 61 31
6 48 71
37 32 4
54 15 21
45 66 49
13 2 2
48 73 20
11 43 5
47 42 43
64 53 60
61 49 12
34 11 22
51 38 18
57 6 15
68 14 62
52 26 37
44 39 47
68 44 28
33 58 30
17 39 1
46 45 34
22 65 41
10 1 73
36 37 27
54 63 40
45 32 8
9 22 12
45 20 34
73 70 28
26 66 66
52 31 2
2 48 20
58 69 31
61 5 4
5 46 14
69 30 21
36 27 34
65 40 21
30 50 65
15 22 54
44 71 11
35 66 20
39 24 11
42 35 56
53 18 55
19 44 18
26 40 71
1 35 52
12 22 32
33 39 41
52 61 66
36 26 7
28 10 49
11 70 20
58 52 8
39 37 8
17 39 20
56 21 54
63 44 21
5 52 43
4 43 14
20 66 69
9 25 39
50 6 33
73 1 58
44 57 19
44 34 19
16 5 42
33 23 72
9 17 68
55 46 70
59 31 71
38 8 6
42 69 12
41 3 67
30 51 59
30 7 33
29 66 24
26 1 58
48 27 53
63 64 73
55 28 22
28 13 33
45 1 1
56 23 38
45 68 19
63 73 24
69 48 27
25 31 46
57 14 44
46 37 65
3 11 41
56 49 18
50 67 20
5 39 23
56 67 72
71 35 13
50 44 70
8 56 11
19 61 29
45 2 23
69 9 42
20 9 59
42 7 56
45 26 71
56 53 11
34 14 5
6 43 45
32 3 31
17 62 37
36 15 33
65 49 37
47 73 19
3 6 37
35 52 63
69 45 50
23 8 8
55 48 23
29 26 24
6 40 35
37 40 68
50 14 50
27 43 7
25 34 1
40 7 10
20 32 58
71 58 70
17 4 45
3 56 73
39 13 38
19 27 16
13 58 63
9 55 47
40 11 64
4 49 67
36 22 8
54 29 67
32 38 23
51 21 20
39 64 66
37 70 65
29 49 60
47 33 62
23 8 6
26 32 26
12 56 63
65 8 40
3 52 24
71 72 22
69 27 50
58 42 11
8 24 67
59 25 16
61 31 63
34 25 46
41 54 68
51 66 60
72 28 47
40 35 64
37 29 7
9 29 41
72 38 58
46 4 58
45 18 8
15 27 66
33 14 30
35 58 48
61 15 30
72 54 15
32 55 30
38 16 69
50 73 60
30 35 50
67 19 63
67 44 55
6 43 72
24 66 46
18 3 28
73 20 14
15 52 13
23 13 52
63 37 33
59 25 68
26 4 22
19 35 27
16 30 40
51 35 37
32 62 4
43 9 10
21 33 11
28 21 26
17 22 44
30 23 51
59 33 36
68 54 9
12 63 28
7 31 31
29 63 67
30 15 65
65 56 36
26 55 69
51 70 33
16 46 5
38 52 22
55 5 49
55 72 30
38 58 35
37 64 4
73 40 29
56 59 25
21 52 73
17 26 70
50 29 65
32 59 28
60 33 43
26 37 31
67 13 40
60 8 58
2 73 11
41 71 70
68 4 13
17 64 4
24 18 58
21 10 40
43 29 15
66 2 14
41 35 42
16 35 36
45 32 23
59 42 52
53 72 72
46 52 31
13 61 34
34 50 25
35 67 26
62 11 23
6 10 11
48 46 49
67 43 8
49 65 56
56 3 49
28 15 17
18 16 65
43 67 71
73 31 58
22 54 1
12 30 7
62 64 9
2 69 4
18 40 19
1 32 25
5 35 49
72 25 19
3 3 7
25 38 52
13 1 67
2 6 53
55 22 61
13 32 52
65 24 14
28 11 1
4 41 8
1 34 44
24 65 51
64 63 47
9 50 22
46 45 16
15 15 42
31 18 46
10 60 57
39 37 2
24 20 9
25 24 72
8 6 61
18 2 33
70 10 44
31 5 1
23 9 31
32 61 66
61 46 55
14 52 73
41 55 52
32 68 28
70 51 25
59 53 26
43 56 12
3 72 12
17 72 62
31 6 46
22 42 3
15 58 30
38 9 66
12 28 71
20 59 37
19 45 8
28 28 17
68 53 65
14 53 26
10 7 46
36 33 58
69 3 29
63 73 3
67 50 17
30 12 20
9 10 6
43 52 42
52 38 57
36 29 60
37 6 14
7 12 72
51 23 29
53 32 24
64 38 24
38 45 24
68 71 65
19 15 21
71 44 41
37 47 68
63 19 35
37 44 24
16 65 15
41 63 28
42 69 57
69 66 37
7 14 23
27 65 31
57 20 18
29 15 17
30 18 65
6 69 71
65 65 45
13 39 50
24 36 69
61 51 65
46 65 68
27 66 7
24 34 13
60 69 42
37 4 8
3 3 58
37 36 19
39 52 5
57 60 46
17 58 19
30 18 68
25 38 55
59 48 55
37 22 3
18 25 39
15 2 15
45 6 65
51 15 9
22 36 48
65 26 36
62 8 27
65 50 8
67 59 44
13 46 16
34 47 55
13 43 9
32 51 21
35 31 71
35 24 1
60 29 1
1 46 3
16 26 47
27 6 55
48 48 36
32 71 23
9 59 2
53 34 4
69 56 49
30 29 19
50 70 3
25 3 31
52 32 23
58 22 67
4 69 4
47 54 53
25 37 21
62 31 57
65 9 52
27 43 59
56 41 21
5 11 26
35 40 28
2 67 55
72 9 53
42 2 41
32 3 16
45 53 52
24 5 23
41 56 61
60 10 35
28 20 63
28 72 51
26 49 66
47 66 67
71 10 9
68 7 68
18 21 8
20 38 45
50 37 61
46 73 1
19 45 48
72 8 50
17 63 58
5 55 68
63 51 59
29 2 41
25 55 61
28 49 37
63 59 52
4 57 32
46 54 15
25 16 11
20 14 53
73 73 19
16 49 36
60 10 40
48 60 10
20 3 44
60 25 36
46 15 54
71 22 63
10 49 32
7 36 43
46 53 30
27 61 19
32 6 15
53 39 14
31 13 33
15 10 30
36 6 22
48 16 26
34 23 9
1 51 62
70 42 63
19 33 72
11 1 30
27 32 53
9 22 36
17 24 53
73 58 69
58 60 35
20 40 41
31 38 38
68 36 2
23 17 12
55 62 59
43 61 58
38 50 51
14 33 20
67 68 5
39 48 5
39 39 26
69 50 62
35 64 55
16 32 53
15 28 5
50 58 69
23 17 61
54 14 43
16 37 19
5 18 49
53 11 27
12 12 38
3 16 60
65 58 61
70 56 50
49 47 8
72 7 2
69 54 69
34 47 36
56 19 10
13 28 7
72 23 42
41 73 54
71 32 47
8 26 58
45 37 68
9 73 27
30 51 24
29 6 3
54 4 12
23 8 43
55 60 51
29 53 62
29 11 22
60 62 15
33 30 56
11 17 54
58 31 36
65 17 66
37 20 68
52 51 10
13 68 51
20 33 70
70 65 39
56 10 19
31 58 35
18 7 15
44 18 37
51 41 11
53 23 40
25 67 22
73 37 47
35 7 39
66 54 60
55 33 33
28 34 71
19 43 7
64 62 42
58 14 39
48 10 64
72 1 66
22 35 11
31 73 56
39 19 12
55 72 23
13 44 54
41 45 31
58 66 40
55 40 23
2 62 11
44 48 6
29 5 43
47 53 7
30 73 30
42 20 42
24 48 66
19 58 51
48 2 39
9 52 40
46 10 16
3 21 72
6 27 40
7 69 32
30 3 66
67 20 50
40 39 40
63 52 28
21 37 29
30 11 8
4 12 43
64 19 57
24 70 18
29 54 29
44 19 72
71 17 31
59 72 28
10 65 40
46 55 29
1 41 14
8 29 57
70 36 65
73 21 48
43 53 7
69 1 60
36 1 36
8 37 2
49 11 32
50 23 12
15 35 33
22 51 62
72 63 57
55 36 69
40 5 27
62 35 69
21 6 41
6 16 18
9 18 66
54 58 44
43 17 6
59 30 60
59 22 19
17 71 22
33 31 13
33 20 4
3 2 59
54 27 58
60 26 55
35 16 19
36 37 27
41 21 59
21 46 20
31 36 62
46 54 1
34 58 22
14 31 54
28 54 44
34 60 3
62 17 49
36 60 67
2 36 4
61 42 28
13 28 62
28 36 2
5 20 10
31 28 16
13 61 58
15 9 25
67 25 49
48 48 24
18 53 28
26 38 19
25 21 58
73 5 53
24 61 69
48 14 59
51 33 9
67 8 22
53 41 25
51 2 59
46 2 2
30 35 33
41 65 29
37 17 13
50 11 67
53 26 28
6 66 69
69 47 67
32 61 6
55 33 33
52 24 65
28 42 31
67 5 2
4 60 33
28 48 4
45 24 69
22 72 7
58 16 65
68 20 3
60 20 72
57 32 19
14 41 46
47 67 29
19 23 70
61 66 54
59 13 60
66 32 28
15 40 2
2 38 71
29 34 2
58 56 58
11 17 6
32 24 5
2 11 38
64 21 31
14 6 21
30 52 23
23 3 56
12 7 21
68 2 27
15 35 42
6 6 44
25 31 18
40 3 13
52 32 67
41 27 21
53 11 6
33 72 59
53 22 63
16 4 23
1 71 38
4 69 11
50 21 64
63 28 71
3 41 20
27 50 34
18 22 3
71 33 58
42 36 42
14 11 50
50 23 3
42 43 67
50 45 50
36 27 44
26 8 24
7 4 18
24 33 67
31 24 31
39 16 27
67 46 17
12 59 54
56 69 32
19 16 28
44 55 33
71 21 55
67 13 19
31 62 11
44 6 20
39 57 25
69 44 57
44 39 49
25 63 14
73 4 68
73 69 28
55 11 27
43 4 15
57 27 36
31 45 34
23 7 42
48 13 59
10 73 14
71 28 70
35 37 32
16 8 48
4 20 8
70 14 31
46 31 62
55 1 27
71 20 11
4 66 57
17 64 58
58 42 54
32 53 33
48 28 69
8 19 69
24 29 15
10 5 9
20 48 30
17 36 41
51 13 61
29 44 18
7 39 24
28 7 61
19 10 47
67 21 11
37 73 25
32 69 27
71 67 9
69 17 40
61 6 70
11 56 70
50 41 48
9 38 70
60 19 30
17 58 64
64 11 55
20 23 72
18 66 14
24 20 11
3 48 2
32 14 27
6 38 72
29 8 67
47 37 7
22 29 51
56 7 71
3 49 58
36 62 67
6 63 50
30 64 21
6 21 24
45 71 68
10 31 10
66 7 38
6 37 63
15 53 51
11 27 46
38 62 58
61 53 32
7 58 65
7 63 27
16 21 64
25 22 40
52 13 15
26 26 52
41 53 53
15 18 37
8 27 47
3 71 27
28 26 21
2 60 69
63 41 61
15 7 68
20 66 14
64 5 72
61 36 19
39 19 12
72 40 38
59 6 7
18 11 53
16 1 41
2 17 7
51 11 8
57 24 54
35 7 59
34 59 46
15 25 9
50 34 24
42 27 21
48 66 3
33 15 24
64 39 32
20 1 66
73 42 63
36 42 2
43 58 6
59 55 9
38 22 59
69 64 53
10 37 37
31 44 12
61 16 4
9 64 44
13 30 59
7 30 24
29 16 41
37 48 55
49 18 17
54 12 6
67 3 4
26 11 21
44 26 19
44 43 67
27 18 67
34 56 58
34 22 22
61 13 69
57 58 61
55 16 22
65 73 7
57 55 15
21 64 2
44 41 70
58 71 22
5 57 69
14 39 34
43 9 52
70 63 2
8 19 54
29 51 37
70 6 40
2 37 66
16 40 67
37 62 43
59 41 19
13 45 47
4 21 14
33 24 44
15 51 9
31 14 46
13 29 43
41 62 38
22 73 40
52 24 15
62 69 36
5 28 31
49 56 29
29 32 25
66 55 67
59 15 15
56 30 40
29 3 8
11 59 46
49 62 51
9 38 54
69 18 44
31 11 50
69 54 19
48 19 17
20 11 39
34 67 28
57 61 32
63 38 46
39 37 48
32 50 53
3 41 50
69 24 14
61 55 21
7 48 11
58 39 42
68 19 59
61 39 38
12 10 5
36 70 65
72 30 33
39 71 25
66 58 64
52 58 13
60 9 46
16 57 25
41 56 21
1 39 9
23 47 5
53 36 52
20 5 28
8 21 68
29 24 20
37 66 36
44 13 29
26 64 52
66 35 28
22 31 61
20 57 72
13 10 52
35 49 73
18 68 58
57 30 33
52 27 59
22 41 53
60 11 28
11 21 68
6 21 72
66 69 31
61 49 54
56 11 37
18 8 49
4 34 5
54 18 69
37 13 63
63 73 32
45 41 41
48 72 63
10 73 16
32 46 43
65 13 24
33 31 68
1 22 58
4 18 47
18 54 33
18 12 2
11 41 71
55 29 10
73 60 24
47 43 72
51 63 34
33 12 71
52 73 3
68 41 60
33 23 44
22 1 30
54 23 2
8 58 23
57 32 16
40 63 48
28 11 72
60 15 70
21 21 38
20 61 27
35 36 34
42 54 55
10 44 43
16 1 22
52 32 15
22 40 15
35 29 60
48 36 9
48 41 56
69 68 33
22 36 42
1 37 67
11 5 63
25 13 68
51 48 71
40 2 24
36 26 20
25 32 71
27 57 31
12 18 5
61 51 12
12 11 56
55 39 21
27 22 56
10 15 9
6 56 55
46 32 52
53 71 38
65 42 61
28 1 53
29 29 28
65 35 19
15 44 29
33 41 48
26 29 24
64 67 72
10 38 60
25 58 34
62 52 7
68 5 12
8 64 16
58 72 7
4 12 56
49 21 9
52 42 31
27 53 41
27 64 45
22 70 45
29 25 54
67 42 35
32 47 44
39 51 63
68 24 53
38 73 22
35 51 8
28 39 46
55 47 70
31 26 30
56 25 43
19 47 50
67 10 68
43 51 59
34 66 12
33 63 22
57 51 63
15 40 40
56 54 73
29 27 31
14 20 41
18 36 60
64 59 31
37 4 25
38 37 26
71 71 14
21 64 8
43 69 34
60 68 19
68 50 50
39 60 61
43 53 40
43 23 66
55 26 5
58 27 67
17 73 48
64 70 71
13 14 40
7 31 37
29 3 9
35 25 22
5 67 41
39 10 54
25 58 53
58 59 36
54 36 11
45 67 14
60 50 7
39 24 18
32 15 56
33 51 5
36 52 43
51 55 38
59 24 68
67 9 3
30 51 42
68 72 4
44 14 14
24 65 59
21 13 1
40 70 29
52 73 71
34 67 62
38 59 45
36 37 15
40 31 15
48 47 12
59 62 4
37 26 10
8 58 10
19 44 64
70 33 30
4 13 45
9 47 36
39 14 25
32 34 2
61 28 19
34 71 51
58 48 56
47 18 22
61 13 22
67 54 20
73 44 22
18 33 12
18 6 49
27 21 28
27 20 58
55 4 42
40 16 56
21 4 28
69 68 54
5 12 59
33 12 48
53 63 17
65 68 68
13 58 42
19 60 30
68 56 67
29 36 49
35 44 28
50 10 66
13 57 51
61 31 21
15 29 28
40 37 64
15 55 44
66 30 47
13 48 67
54 56 7
33 53 63
65 28 17
12 31 45
40 46 44
49 1 27
49 37 22
36 43 38
53 21 16
26 47 58
32 53 51
49 12 30
7 71 31
30 35 42
34 41 50
58 61 28
21 64 41
5 55 42
15 61 24
61 65 19
27 29 73
15 51 57
4 66 15
15 8 14
67 60 49
22 58 22
24 15 2
30 3 20
46 55 31
19 41 52
21 25 25
53 10 9
60 25 51
30 1 40
54 10 43
52 3 10
24 63 54
7 54 10
33 41 62
9 14 2
21 19 32
6 5 25
32 13 20
48 43 39
31 23 71
22 56 71
52 65 57
44 55 65
70 70 50
1 17 63
16 39 47
66 33 16
69 10 5
11 15 21
20 45 9
63 32 67
11 45 73
29 24 25
42 57 30
36 10 4
60 24 56
30 55 36
31 7 67
41 3 66
19 18 38
24 13 43
36 10 57
10 2 50
49 5 59
11 30 69
18 73 2
13 66 30
61 10 66
6 17 37
5 20 17
16 70 64
9 45 56
25 66 48
72 59 26
34 65 52
41 19 46
8 41 56
51 32 40
61 24 72
37 63 16
2 58 58
15 51 66
16 46 20
42 68 15
26 1 68
33 48 28
43 7 25
56 71 10
62 14 64
56 51 68
70 38 41
60 1 62
29 20 29
22 49 14
28 36 22
50 30 23
1 66 70
57 32 43
31 64 42
7 25 63
58 26 11
71 56 8
64 7 49
65 3 57
38 22 27
34 51 27
6 16 33
32 9 56
48 45 38
40 37 41
18 52 73
45 48 59
21 32 40
24 57 26
39 37 36
57 62 55
33 55 22
38 45 14
41 13 42
69 22 16
60 54 1
50 34 48
49 64 22
34 62 12
21 34 67
69 63 41
15 21 58
33 8 23
11 25 11
31 64 40
15 49 57
71 8 57
14 61 58
5 24 71
10 21 13
54 49 69
19 42 69
11 23 65
4 72 46
44 27 27
39 10 67
3 57 45
11 24 56
29 29 2
64 23 45
17 67 27
13 40 16
9 54 39
32 22 65
3 64 53
45 57 54
38 17 2
7 55 42
45 46 46
47 12 36
41 45 54
34 9 39
39 9 14
69 7 56
60 33 27
30 13 69
54 34 20
9 15 33
21 2 12
65 67 71
37 73 17
68 60 24
70 32 42
6 49 23
66 52 49
71 13 54
46 12 20
23 71 44
56 68 4
32 61 5
22 34 52
70 73 36
16 70 10
17 72 56
2 20 41
29 30 32
59 38 24
18 64 67
28 59 3
59 11 13
24 45 33
3 60 40
7 45 33
53 37 15
36 16 49
9 8 24
7 36 45
14 13 69
5 16 61
66 54 22
49 6 10
22 43 13
22 20 66
24 34 7
40 9 67
73 62 1
17 3 17
12 61 65
48 4 33
69 3 26
40 66 44
27 50 40
13 62 30
39 38 22
34 7 29
9 46 8
7 66 7
10 21 16
42 23 34
9 70 44
7 71 22
35 59 50
37 49 6
18 19 65
14 40 38
24 57 35
1 32 68
4 58 54
62 34 61
54 18 57
53 58 29
21 35 59
12 69 13
40 3 6
71 7 49
73 56 51
22 61 65
38 41 61
19 13 11
20 22 71
53 54 1
67 5 65
49 50 55
9 64 10
20 14 60
34 7 53
57 27 70
23 10 12
2 60 44
58 42 71
73 61 56
58 1 71
33 59 55
43 45 16
16 2 48
67 10 6
36 2 26
44 32 8
59 57 13
56 28 35
9 26 21
36 2 27
68 28 34
31 31 64
58 57 8
29 20 26
67 64 49
20 7 58
63 57 35
42 13 63
45 41 29
57 66 41
63 52 41
24 21 69
34 7 21
52 41 65
20 43 49
3 9 13
1 16 62
45 16 3
70 21 22
62 1 46
39 40 12
50 47 15
52 71 51
64 40 12
60 62 53
70 12 28
15 38 29
59 31 44
51 5 2
14 25 16
1 46 12
38 16 27
57 44 36
3 3 4
43 7 69
58 15 65
13 2 46
26 3 41
5 42 33
29 62 61
42 22 3
55 57 53
41 25 3
30 70 66
68 62 30
15 40 22
49 35 61
19 60 68
16 22 52
8 61 39
25 53 64
58 61 38
38 45 69
22 42 73
14 25 56
34 57 36
50 52 22
64 21 43
48 53 44
38 40 25
13 67 14
12 8 18
31 23 58
22 73 71
58 54 37
71 4 42
16 65 56
54 35 31
45 28 17
58 23 6
53 7 66
49 19 51
59 20 55
4 4 25
31 48 3
66 47 38
41 52 16
62 9 50
72 32 5
30 29 54
35 1 31
10 57 65
20 29 10
24 3 62
67 20 51
32 57 50
12 54 54
73 60 16
42 18 46
4 14 42
38 43 41
14 64 44
18 37 68
1 5 33
35 38 39
64 3 2
73 42 11
16 43 63
20 33 20
54 55 20
73 47 30
27 17 26
69 17 16
51 57 59
7 9 32
33 50 63
25 50 33
53 69 17
50 44 25
69 35 34
51 52 36
27 64 68
25 33 6
21 56 58
52 2 37
56 68 62
65 37 72
62 44 17
41 23 5
69 26 17
51 52 9
45 35 53
25 33 45
5 47 44
49 53 61
8 9 58
68 61 33
72 21 41
21 52 34
51 22 44
54 60 52
54 68 61
52 3 56
13 21 44
66 61 10
71 62 28
18 4 2
17 69 29
65 57 45
17 21 35
44 37 3
9 53 11
2 28 10
62 8 22
59 43 60
58 64 53
22 10 33
13 20 11
59 71 1
13 58 7
26 7 23
48 55 10
22 36 59
5 47 17
26 57 17
48 19 58
23 13 63
40 53 57
6 37 31
64 35 16
40 49 8
43 32 41
8 39 70
11 38 4
5 67 39
42 67 48
71 5 18
29 57 60
11 9 31
71 17 57
56 56 64
41 27 55
51 15 62
26 37 5
68 5 25
51 69 51
23 5 26
14 20 14
59 41 69
67 27 46
37 60 62
34 9 44
55 33 48
8 73 23
62 43 45
53 44 28
9 52 28
40 3 65
23 34 73
35 43 16
48 19 12
10 11 6
9 8 27
10 53 9
47 68 8
14 71 47
20 21 58
34 7 2
71 39 35
52 18 24
58 16 7
59 37 22
34 42 2
5 28 67
28 15 69
16 15 17
12 69 47
49 23 2
62 33 21
19 15 70
68 11 49
6 68 12
29 67 57
17 23 38
36 8 53
40 50 7
23 43 40
1 46 20
44 25 38
5 24 9
3 27 72
4 59 51
46 69 49
45 37 52
42 72 44
13 16 52
36 26 25
54 43 66
70 72 34
29 68 37
27 68 46
28 22 55
17 37 48
45 8 45
38 38 63
19 72 40
25 41 20
27 51 61
18 44 16
45 33 35
6 11 23
11 44 36
21 58 23
70 70 64
57 51 21
54 61 67
30 47 3
39 69 28
37 65 58
65 14 51
34 35 73
3 53 32
59 9 19
1 37 60
72 20 61
47 61 13
72 53 34
50 27 36
71 37 7
57 40 52
51 27 55
56 16 21
7 27 45
72 26 61
18 37 1
6 62 65
17 57 6
20 51 19
57 35 25
61 55 18
60 2 28
45 61 24
47 2 16
1 7 50
54 49 14
13 48 50
32 29 12
31 12 2
37 40 64
54 24 38
9 52 18
31 57 42
35 58 3
62 8 56
40 26 20
22 49 57
48 30 18
68 65 44
68 3 70
57 22 5
4 9 57
64 9 15
7 30 60
53 62 34
57 28 13
18 28 70
30 27 45
57 47 48
7 29 72
17 20 54
50 65 58
55 66 41
31 68 63
19 26 4
71 5 26
13 34 19
25 52 18
62 69 41
65 72 52
73 35 39
20 70 41
41 65 14
47 35 28
46 9 65
6 19 36
6 42 53
41 50 5
33 39 29
73 7 42
43 5 36
29 3 23
20 35 14
65 12 4
37 21 71
55 22 30
31 50 52
72 38 13
68 21 8
38 25 1
27 19 62
9 37 66
41 33 65
38 57 62
14 14 20
23 32 70
38 23 60
45 27 25
22 6 27
52 49 64
41 7 14
14 60 24
36 62 9
3 11 26
64 12 59
44 48 43
6 57 66
46 7 24
68 9 69
41 64 27
13 23 66
14 5 31
7 53 14
53 38 26
44 15 71
54 45 38
60 35 4
38 19 37
14 39 71
31 52 28
72 20 9
65 32 10
24 67 41
61 52 10
68 10 67
71 15 4
64 47 38
34 60 73
19 53 9
25 61 54
36 66 27
26 30 12
28 73 43
31 72 27
25 29 50
50 26 44
32 55 30
68 51 54
22 31 19
62 4 16
31 72 30
70 64 45
40 68 62
2 43 22
10 69 68
31 27 44
31 65 31
44 27 30
55 45 13
10 71 30
16 48 14
59 2 60
58 66 10
2 5 43
67 50 22
14 24 19
11 36 4
26 26 46
6 32 67
10 6 21
25 21 64
60 65 60
52 1 38
24 45 10
54 67 12
18 33 14
54 43 1
38 60 38
5 7 21
31 42 33
2 72 38
57 3 17
29 18 50
14 60 11
63 46 44
70 37 40
11 47 16
32 3 56
28 20 39
17 35 67
51 6 22
66 59 10
40 35 43
28 28 66
23 50 54
65 35 63
59 50 66
10 6 27
61 61 49
5 72 31
73 42 73
29 8 26
1 68 5
4 17 22
51 11 32
40 45 25
61 41 54
51 48 34
72 27 16
24 56 14
23 65 15
22 62 46
20 11 30
56 24 41
25 13 33
21 35 39
54 33 57
39 59 71
69 45 72
24 3 69
38 46 65
2 58 47
22 53 62
66 65 43
73 50 17
32 69 54
68 28 59
1 61 56
30 35 17
49 69 5
5 49 50
30 51 56
35 16 68
41 6 70
72 37 17
43 70 24
5 46 19
21 31 42
50 6 17
36 68 4
25 6 20
58 48 63
68 43 13
33 38 24
27 3 19
41 15 22
3 52 70
24 53 11
10 20 60
1 17 47
17 2 19
14 52 61
32 64 40
43 65 25
35 20 16
41 2 44
65 73 40
15 33 21
20 27 11
38 16 63
24 64 38
2 30 5
10 24 21
65 21 32
17 56 11
56 44 57
62 59 35
8 46 3
24 1 65
42 48 3
59 14 11
22 36 39
47 16 28
71 43 6
13 54 57
37 15 33
1 39 62
72 44 28
37 8 14
56 31 25
51 55 52
37 34 21
28 36 56
21 18 23
62 70 56
57 32 71
71 63 53
28 32 51
23 26 42
33 68 11
66 35 45
9 26 2
61 18 51
28 42 5
70 60 8
10 26 67
52 29 50
7 59 54
2 37 53
68 67 70
3 66 14
37 58 62
68 20 11
22 3 1
38 43 47
23 70 51
38 37 25
15 8 11
61 5 35
57 34 64
18 62 54
62 20 6
73 67 8
27 16 45
49 64 65
30 3 32
16 42 6
65 21 67
31 59 24
70 13 52
59 52 3
35 33 22
53 19 48
68 22 65
25 61 57
21 42 28
61 34 52
13 73 70
29 57 28
11 11 71
10 57 14
25 12 73
69 51 6
27 17 35
35 32 38
71 16 40
65 56 66
66 26 56
12 2 46
71 42 8
70 22 12
5 21 58
27 1 39
29 2 25
32 62 13
47 8 16
24 38 4
8 36 45
45 30 56
27 51 53
36 13 71
6 44 43
40 16 23
65 20 16
40 24 12
15 47 57
63 59 60
59 41 31
44 59 9
46 32 35
59 27 41
19 41 5
2 41 57
48 29 48
8 31 22
2 29 52
14 38 28
20 49 17
20 58 26
20 69 15
33 21 5
61 38 62
21 21 31
55 9 12
71 34 1
3 71 35
67 72 65
55 23 21
73 63 67
49 56 17
44 68 55
71 61 20
51 33 28
7 5 45
54 55 52
19 59 19
41 42 58
19 68 7
24 13 73
71 20 21
23 22 16
17 6 10
12 67 27
71 55 64
22 29 42
5 55 9
12 42 52
22 47 26
17 45 51
69 67 62
10 42 72
44 13 47
3 36 73
5 42 7
50 58 15
60 19 32
56 26 10
40 51 18
42 71 27
11 14 72
16 48 15
21 69 54
49 57 49
14 14 28
1 73 66
28 34 63
38 17 38
49 11 33
71 34 43
20 22 17
63 52 34
40 54 9
72 34 38
1 65 66
7 53 58
2 61 44
35 39 6
48 72 39
2 1 42
16 26 6
52 18 69
17 55 71
70 65 3
27 70 69
21 66 54
60 49 72
73 15 37
39 54 38
36 68 11
39 9 25
56 31 41
56 9 57
63 67 63
44 14 18
11 23 60
53 58 8
20 28 28
54 54 16
35 47 58
28 57 12
62 28 5
30 34 40
67 17 66
31 56 19
70 59 3
38 61 21
46 60 14
32 30 18
51 65 10
51 37 45
29 36 37
66 39 51
37 9 46
42 71 17
60 40 28
54 12 31
36 26 20
45 49 22
29 29 50
11 68 9
16 6 64
19 51 48
4 50 30
14 2 12
14 50 19
30 32 12
55 12 40
1 41 36
51 12 23
70 72 38
35 17 10
40 62 11
40 67 65
35 4 68
50 4 27
1 47 54
72 72 41
12 34 17
34 30 13
16 43 13
22 62 4
45 51 47
39 37 12
47 17 20
33 10 23
69 57 29
21 50 30
26 3 50
38 63 31
73 5 35
26 8 14
48 48 25
17 24 53
55 60 10
71 7 60
13 61 13
12 46 30
40 17 41
57 22 31
21 3 61
5 69 7
47 38 36
44 39 9
31 4 19
58 10 60
42 49 68
28 24 51
2 50 4
56 29 48
57 46 9
71 14 37
18 71 62
34 33 47
11 23 16
54 17 66
34 9 69
32 36 32
72 9 14
33 58 69
21 40 37
8 1 20
53 25 30
57 26 30
11 53 13
58 31 4
66 22 28
45 3 64
57 21 27
63 9 9
35 53 58
31 50 7
57 47 61
55 29 28
55 18 43
22 54 51
35 66 28
53 13 50
12 3 65
34 3 15
9 40 8
38 47 18
49 3 6
5 65 2
51 73 20
64 70 5
60 39 60
49 57 72
2 37 63
8 6 22
21 21 29
53 65 32
67 71 30
24 73 31
53 63 44
72 48 63
9 34 51
55 54 14
12 35 23
32 6 24
40 58 37
67 67 44
62 34 20
7 22 70
68 36 42
9 11 39
63 66 20
40 15 59
8 6 64
34 45 1
55 37 36
39 67 45
42 22 52
58 61 45
32 2 57
20 63 50
56 34 43
59 58 64
60 59 15
15 22 70
28 62 51
42 32 63
66 20 33
4 57 13
3 20 24
41 29 5
11 24 11
4 39 64
52 29 14
44 51 30
52 22 22
7 3 1
42 27 17
26 42 48
35 28 9
12 56 7
48 12 26
70 16 61
59 44 22
48 2 17
7 18 17
55 30 49
59 70 7
48 58 8
1 5 29
53 3 71
55 1 72
61 67 72
36 38 72
67 46 49
72 32 23
21 47 31
55 11 2
34 52 6
28 52 17
65 18 26
24 60 14
9 72 1
25 59 22
21 31 29
37 66 72
38 24 12
28 71 21
21 59 14
57 33 23
48 27 37
67 22 47
42 17 14
55 10 48
21 5 22
64 11 71
14 62 42
25 6 57
37 42 14
1 28 54
45 29 27
54 23 33
62 42 42
19 44 5
48 27 55
12 49 52
19 7 25
58 2 62
21 13 11
53 15 42
40 23 73
44 53 27
52 40 20
15 59 21
55 5 3
14 52 26
33 21 14
39 5 40
44 68 41
58 5 61
23 60 45
5 1 8
55 6 62
54 39 26
3 15 44
22 35 47
56 43 45
30 23 46
47 62 63
44 48 43
20 63 47
58 9 1
58 31 6
48 31 43
18 37 35
50 16 45
24 67 53
71 65 71
71 20 15
51 39 27
32 30 38
13 56 22
45 39 29
56 19 6
40 5 55
31 3 5
55 39 35
1 8 17
13 9 26
25 1 31
13 43 55
59 5 47
58 73 58
56 27 52
65 28 38
45 18 47
61 4 33
15 19 14
10 3 53
26 7 46
17 33 5
28 49 4
65 45 50
1 50 72
53 45 37
53 45 72
17 19 73
35 39 42
2 10 22
28 58 65
45 64 19
53 44 39
51 44 71
13 54 63
47 55 48
55 11 14
5 9 4
31 15 24
43 61 8
67 14 21
17 39 48
2 54 52
49 33 6
64 56 62
37 7 32
4 60 13
65 19 34
4 43 4
46 47 50
52 49 35
18 48 48
55 26 7
65 28 54
30 38 53
65 32 4
53 47 14
51 12 19
34 10 66
50 56 60
41 3 70
53 61 38
6 40 48
67 34 22
72 64 20
26 22 66
13 7 46
27 72 17
13 64 44
20 14 17
20 36 72
17 72 34
18 28 44
14 33 62
23 58 37
40 47 35
1 67 73
44 6 17
17 62 49
72 50 1
8 44 15
44 7 23
31 25 68
13 1 58
49 26 66
11 49 72
22 71 44
14 58 63
43 3 65
15 44 31
45 15 17
66 40 48
6 46 25
36 52 29
8 15 56
69 4 25
11 49 54
12 69 40
36 41 9
11 66 47
58 38 3
7 7 40
63 62 64
19 45 53
68 26 36
34 3 53
25 60 29
3 71 71
45 48 31
59 53 28
20 45 43
21 7 66
56 24 41
66 31 24
64 71 6
36 27 31
42 71 10
58 35 69
30 68 4
48 55 44
59 4 63
51 1 10
69 52 53
26 71 1
20 66 12
67 37 9
50 5 58
14 62 36
70 1 8
3 66 4
17 41 50
48 66 14
22 50 40
66 32 13
65 54 37
50 34 17
20 43 61
16 39 51
52 26 50
59 36 15
30 33 14
43 70 41
15 53 69
52 58 20
20 38 36
30 24 4
26 34 72
47 12 21
14 23 4
66 36 19
49 37 2
21 20 38
69 54 60
40 56 11
70 5 57
39 34 68
70 45 13
9 5 32
54 55 22
55 29 64
27 18 68
51 65 19
67 45 22
64 47 70
31 70 28
30 12 6
27 73 20
41 2 62
65 46 51
25 31 72
11 32 61
14 5 2
42 71 3
52 19 27
28 32 25
4 15 12
52 31 15
49 15 72
73 26 14
46 72 33
22 14 36
19 4 55
48 30 46
14 17 35
11 24 31
62 34 65
69 8 63
26 9 70
46 65 63
71 20 42
16 29 24
55 58 21
54 34 58
43 70 12
4 68 58
56 60 41
47 29 18
51 44 73
26 64 33
25 58 13
59 17 40
33 6 44
54 12 25
35 24 3
14 43 21
17 16 68
47 48 17
34 9 61
34 6 55
65 61 26
51 8 34
54 7 41
1 26 49
22 44 56
49 9 44
15 21 37
5 25 35
67 68 9
53 55 72
51 39 56
39 47 9
16 3 29
3 10 4
9 51 73
28 61 69
5 62 56
3 52 3
19 70 32
5 45 22
43 35 35
21 6 25
24 19 56
30 13 6
60 53 21
50 61 66
30 30 26
39 29 12
41 15 32
11 57 16
22 44 56
55 55 51
71 63 72
53 66 26
32 51 6
38 10 59
2 46 70
39 72 17
42 1 33
38 48 33
16 44 9
49 50 55
64 32 71
22 28 40
24 64 32
68 11 20
43 12 47
49 14 44
14 11 26
3 37 24
25 62 44
50 57 70
58 69 1
57 67 18
30 71 44
26 26 43
20 71 5
12 31 63
51 29 15
57 56 15
28 4 30
16 65 64
3 46 19
62 73 50
60 15 7
18 54 23
47 1 4
21 17 9
50 20 32
21 27 49
43 25 58
69 23 9
42 5 21
59 51 11
7 19 55
25 65 67
66 72 19
44 72 1
9 10 56
33 35 15
62 42 52
59 30 65
26 66 37
30 38 38
25 30 27
44 52 61
71 45 64
16 28 73
60 47 70
61 49 15
70 58 35
66 37 32
63 71 6
3 63 23
18 28 40
23 43 49
65 36 20
21 52 24
66 20 28
34 9 44
62 64 55
42 69 19
31 31 51
43 30 15
64 26 60
31 60 35
28 50 48
23 2 51
47 62 66
21 2 23
31 51 55
60 73 32
17 28 53
50 66 17
7 42 61
20 41 38
58 31 39
71 72 9
70 52 38
21 44 24
17 71 72
63 72 1
58 47 67
7 10 13
70 48 17
38 14 71
42 15 63
31 3 44
69 22 62
27 8 4
8 56 64
4 42 21
45 72 13
34 5 39
19 10 71
16 27 34
61 48 73
19 22 21
45 30 44
11 1 53
57 52 70
4 45 40
66 16 10
1 43 57
63 36 56
71 72 9
8 61 49
63 40 19
57 24 12
5 70 52
47 60 26
14 63 49
37 7 12
38 42 55
56 15 27
48 50 45
55 66 43
61 49 52
9 32 34
16 55 31
32 60 5
70 42 13
36 12 6
55 33 9
72 44 59
72 5 68
43 28 72
28 42 69
31 9 47
27 57 65
6 53 66
19 48 2
38 16 27
4 45 10
47 32 4
26 23 27
64 49 34
53 72 53
6 32 24
43 9 61
17 55 41
69 5 36
14 70 2
20 10 26
30 48 44
67 54 8
2 3 48
39 11 28
19 16 37
14 35 22
58 18 65
70 13 36
28 39 54
3 35 25
45 7 55
25 67 29
48 21 49
31 59 56
61 34 8
42 21 66
26 29 69
45 18 4
5 45 8
58 24 24
33 71 67
39 57 57
15 40 47
1 25 71
22 37 69
38 45 52
15 39 41
60 50 4
58 27 60
9 60 16
38 62 59
21 3 12
64 9 7
47 34 60
61 58 22
58 51 4
38 11 6
16 6 17
43 13 30
68 15 7
35 8 17
39 32 34
11 67 14
15 48 19
68 43 21
16 44 13
55 63 33
21 63 51
11 73 68
70 70 5
27 16 1
18 42 57
15 39 51
34 60 68
34 4 50
56 19 18
68 45 33
13 54 34
1 59 51
67 45 62
6 37 2
8 12 49
33 68 43
29 73 53
55 46 21
10 22 51
35 34 23
41 10 27
6 59 13
18 2 24
6 56 43
9 42 28
56 34 51
48 46 48
45 46 12
63 14 28
67 62 53
63 4 57
12 39 1
58 53 14
30 15 66
13 32 64
50 41 73
55 24 38
30 2 68
39 30 54
9 15 30
55 44 60
69 66 14
50 35 58
10 59 26
27 44 22
1 3 61
12 30 6
50 56 46
11 41 13
50 51 38
42 54 59
61 32 41
44 31 55
69 55 71
55 49 69
22 68 27
67 23 53
30 7 51
70 6 41
20 40 13
10 61 61
33 37 18
72 28 8
10 14 15
33 65 20
66 12 34
38 28 17
11 71 69
11 72 61
57 63 12
2 22 35
58 17 24
31 6 55
52 49 21
39 54 15
29 20 20
21 70 44
50 35 23
55 1 40
61 38 18
50 71 47
57 6 49
65 10 13
26 31 21
40 6 47
4 10 29
54 57 32
62 48 30
43 41 9
16 44 60
62 33 32
40 21 29
71 33 58
59 21 45
46 27 62
59 33 4
32 18 54
21 49 68
15 23 1
52 9 45
55 19 72
60 16 10
67 24 12
15 54 69
39 17 22
69 47 46
5 64 18
6 45 59
1 46 73
61 43 12
52 63 15
7 64 57
19 29 1
38 43 19
13 42 25
34 60 70
29 6 24
65 17 55
24 15 5
36 34 24
41 32 31
68 71 5
66 65 70
35 27 43
40 13 6
63 18 73
1 32 6
33 52 9
72 26 17
30 62 27
50 20 69
39 32 3
29 23 68
5 50 52
17 6 10
38 49 67
42 55 13
73 34 38
61 5 43
58 67 55
38 59 22
9 24 19
19 4 28
41 24 73
43 23 34
3 4 35
72 65 59
64 52 58
36 30 51
72 62 24
17 68 70
48 14 44
9 51 19
43 36 5
33 17 39
47 15 2
27 50 18
73 43 1
8 46 29
57 7 52
15 34 46
5 40 35
40 72 45
16 16 35
29 21 25
72 42 61
1 4 19
3 29 60
16 8 1
23 53 68
64 4 19
51 46 68
12 39 12
14 54 21
3 63 60
14 45 3
47 25 20
1 31 40
53 57 61
40 3 46
52 15 5
19 67 47
71 55 37
32 2 51
60 57 51
8 47 26
23 47 44
40 50 38
7 13 35
62 40 10
44 20 12
30 2 43
40 23 2
3 21 71
16 26 26
18 30 66
3 39 29
49 23 2
25 66 38
24 20 49
73 41 72
18 1 19
54 49 60
6 67 36
11 68 37
67 25 64
44 12 39
36 54 16
3 34 14
6 45 45
23 16 18
49 49 13
57 41 51
64 17 68
10 57 18
33 25 5
58 65 54
8 67 40
36 29 62
26 61 47
30 11 33
23 12 5
29 4 33
51 17 7
44 65 40
37 52 36
15 27 13
25 14 58
15 11 60
30 38 4
13 5 14
4 38 39
34 31 70
22 41 10
56 20 21
50 17 11
71 27 59
69 14 6
44 73 7
17 67 38
12 69 72
72 24 39
54 55 69
26 34 40
55 50 11
46 52 62
6 62 72
68 57 55
5 33 44
14 17 51
64 52 58
2 72 46
56 69 65
4 58 4
5 21 49
51 68 39
1 14 61
7 62 64
41 62 66
11 58 69
60 31 29
63 3 12
38 72 26
27 56 31
7 12 46
15 58 18
26 68 8
26 63 43
10 16 32
51 41 40
21 59 49
25 60 67
66 26 4
9 3 5
69 66 63
4 36 64
28 67 34
1 2 5
48 45 16
31 33 30
2 41 19
48 41 56
36 6 44
49 24 22
69 27 19
65 5 72
61 12 59
40 12 29
28 30 37
38 52 67
40 9 50
63 59 6
70 12 18
1 10 9
29 63 6
31 59 37
45 38 16
43 66 34
67 63 20
31 29 37
31 21 40
8 39 63
64 69 73
47 24 24
22 12 63
39 73 53
62 48 73
71 71 41
8 28 41
51 53 18
4 54 21
38 13 39
8 42 31
5 3 10
37 68 69
36 11 71
50 42 32
9 42 34
18 60 40
54 45 52
67 11 44
19 32 69
46 13 35
23 40 71
69 41 27
40 18 3
3 23 57
49 22 12
58 18 37
71 73 12
33 18 57
4 4 71
63 27 51
40 19 13
1 25 9
25 40 56
50 39 25
69 53 38
17 8 60
19 27 20
55 73 72
5 14 33
68 58 12
70 67 12
71 71 28
67 54 72
63 66 12
28 9 17
63 62 35
18 53 20
3 8 15
45 43 39
67 62 69
27 24 34
29 67 19
2 66 19
31 8 51
54 58 28
47 25 25
10 39 65
59 39 65
43 33 40
39 58 57
21 54 17
43 51 44
46 70 70
53 65 23
50 1 20
65 9 44
5 66 20
43 16 34
36 39 50
62 65 52
64 1 20
5 15 49
55 71 6
43 11 49
23 38 39
17 38 22
18 35 21
21 37 31
66 35 72
14 9 21
14 29 16
62 11 48
66 50 23
50 49 63
50 48 22
4 44 1
58 42 63
57 59 39
38 30 66
22 4 9
25 1 60
33 3 64
13 22 10
13 41 66
18 55 1
70 57 4
58 14 21
11 45 9
33 69 66
12 46 44
69 12 30
33 52 20
16 73 54
37 41 31
35 65 62
12 27 18
38 67 28
69 44 59
53 72 4
8 65 73
62 41 68
64 17 10
14 45 42
23 21 53
66 2 41
50 8 45
51 1 47
2 4 16
34 53 19
35 41 44
40 32 8
67 25 20
36 39 65
20 31 56
21 7 22
26 34 14
22 3 4
55 5 60
9 31 72
6 35 21
67 4 70
51 32 7
21 66 67
73 40 26
58 5 24
8 45 18
5 58 56
23 53 17
28 49 51
13 58 21
20 68 68
70 39 56
18 25 36
6 62 42
36 28 9
56 6 67
14 54 10
67 70 46
67 26 61
48 42 30
25 29 59
67 13 49
12 28 32
13 10 61
25 44 4
40 52 22
41 14 61
56 48 12
61 64 26
66 26 7
32 44 37
54 29 10
34 44 22
39 7 30
39 21 58
44 48 63
61 11 26
10 59 70
22 12 58
37 22 50
70 62 48
6 3 27
63 27 36
3 12 72
69 21 43
66 20 28
51 42 12
24 62 27
28 41 61
56 59 33
44 17 15
23 13 73
62 66 3
51 29 13
18 10 64
48 44 63
21 35 26
70 14 8
9 67 25
58 56 49
69 28 54
61 64 70
29 28 22
68 63 54
6 45 21
29 52 61
60 34 4
9 16 23
10 70 46
50 30 68
56 46 70
45 41 56
12 27 1
47 41 69
42 19 38
23 25 30
44 49 73
25 57 27
60 20 62
16 16 41
9 49 52
53 32 38
27 38 4
47 41 23
62 54 54
26 9 40
56 10 2
4 30 48
25 25 58
51 6 71
18 23 5
6 53 6
7 24 58
22 67 50
34 69 64
31 37 48
65 2 26
53 27 22
30 2 57
48 8 13
48 8 14
40 30 39
4 69 35
23 21 58
18 7 9
34 47 73
38 9 23
57 31 60
2 39 46
5 56 16
34 72 70
13 54 21
7 12 65
60 31 21
72 24 48
7 18 41
62 55 21
9 3 24
6 44 59
32 3 22
39 52 29
38 34 21
37 11 63
17 40 4
49 60 66
21 26 64
5 49 36
30 23 16
65 72 16
25 70 23
59 69 10
54 10 67
48 22 16
30 2 41
19 72 14
42 45 45
73 20 32
46 2 44
66 70 33
21 31 53
2 67 24
9 66 31
67 65 41
72 10 17
8 8 15
44 21 39
29 19 71
24 60 59
7 68 56
11 35 36
55 65 22
11 57 17
6 36 31
55 66 60
57 2 64
44 43 19
35 70 41
6 36 23
49 35 41
15 42 60
18 42 18
61 66 29
54 55 15
45 11 60
68 8 13
4 59 49
59 66 56
13 18 70
43 12 28
50 10 43
41 37 45
52 52 62
65 30 33
34 61 70
18 38 58
62 22 59
51 32 65
15 13 73
11 28 61
57 55 61
57 26 64
28 46 27
19 65 27
58 67 70
72 36 8
35 50 28
13 66 38
22 40 28
71 11 67
57 68 60
60 51 55
51 51 57
8 47 73
30 57 68
55 4 45
16 11 6
48 2 44
53 7 30
12 12 6
18 6 36
25 33 65
71 12 43
5 7 62
54 63 63
10 19 65
68 35 17
17 57 52
5 52 1
54 18 51
64 44 16
30 64 22
69 15 43
39 35 43
56 45 36
1 66 34
57 46 64
68 46 34
13 23 62
67 53 23
62 59 18
42 62 47
19 70 49
35 8 52
43 58 4
65 16 9
69 70 41
73 28 50
47 22 69
24 70 18
23 13 24
7 33 50
61 32 23
70 67 27
65 41 34
70 22 69
48 11 18
26 46 35
11 51 30
69 62 7
17 53 8
22 65 72
26 26 68
45 68 73
10 68 28
50 1 34
45 48 65
39 15 30
15 72 16
67 69 19
24 32 8
4 44 13
8 47 3
73 49 14
67 60 60
1 61 7
21 5 52
68 40 32
32 72 5
22 28 49
2 42 12
35 34 60
18 41 40
68 35 59
2 2 49
51 26 32
60 24 48
44 27 40
52 26 5
38 71 63
26 28 16
20 1 52
7 31 26
73 42 55
71 24 33
53 14 41
30 10 23
69 73 51
1 12 45
50 8 50
45 37 72
15 50 59
55 3 2
37 12 32
19 27 4
70 11 46
68 38 26
5 12 24
27 29 6
18 2 6
71 27 52
40 66 33
47 58 47
22 55 55
22 52 38
2 53 70
1 51 48
56 10 41
18 36 51
53 24 23
14 59 6
34 60 42
30 70 18
17 35 61
31 67 62
9 33 60
20 72 65
57 35 33
18 38 31
72 15 64
70 67 72
19 68 41
60 55 44
57 35 25
51 3 9
57 62 32
57 47 54
27 50 28
5 49 39
14 70 45
19 66 36
51 55 36
20 53 25
9 66 58
39 73 23
15 52 73
33 49 59
27 40 63
73 71 39
3 27 33
57 16 11
40 10 48
70 40 51
62 34 55
47 72 9
62 68 49
24 15 65
52 8 56
42 38 37
4 44 17
11 12 17
66 43 35
59 43 28
12 5 43
22 62 19
38 17 33
36 35 12
41 53 49
60 40 8
43 13 59
28 65 60
64 46 35
70 4 18
8 23 34
29 50 8
46 57 16
13 17 32
1 45 14
15 27 15
70 6 64
40 71 47
43 72 43
32 36 6
11 41 6
35 26 4
51 26 26
42 65 16
42 34 49
28 13 27
48 18 20
51 4 9
27 17 12
60 56 6
45 57 48
27 28 68
70 42 60
20 19 3
32 13 46
32 67 45
17 67 59
72 29 9
17 30 13
53 6 42
5 62 73
26 57 34
26 59 65
33 55 7
48 9 71
73 34 65
65 46 64
35 47 49
70 40 67
12 19 1
22 50 71
26 36 25
43 42 68
6 41 1
30 48 26
45 36 44
9 71 25
29 72 44
62 56 73
18 43 22
65 9 3
29 27 71
6 10 34
32 57 24
55 31 22
21 46 32
30 32 48
60 29 40
11 21 67
18 10 50
61 58 27
36 19 9
54 24 64
3 46 20
60 12 34
36 35 1
39 5 32
31 58 16
4 29 54
1 48 10
12 35 51
7 38 1
24 1 41
55 71 36
56 63 20
52 58 22
61 27 46
5 12 41
19 50 29
26 52 16
36 16 21
21 46 18
27 12 49
15 68 39
31 62 33
67 25 12
32 47 42
48 31 49
56 41 23
2 31 17
68 22 19
58 9 36
16 28 28
36 45 68
20 55 59
25 5 64
64 31 49
64 5 9
64 2 39
24 20 30
52 40 12
63 52 7
67 29 54
49 32 11
34 18 19
17 10 22
20 5 43
50 8 3
67 62 16
10 2 25
40 70 29
54 46 16
47 11 26
69 25 30
30 59 54
4 41 68
19 67 69
70 73 35
69 17 23
9 62 59
47 29 46
49 35 27
34 38 52
36 36 40
9 50 47
65 32 5
21 11 19
26 68 9
62 73 68
72 1 39
35 17 57
32 21 29
63 53 25
10 42 5
60 22 7
6 9 57
53 70 71
53 59 61
56 18 69
49 68 47
51 32 54
35 43 27
56 29 13
18 58 51
17 43 38
14 67 7
64 70 62
34 64 50
50 37 70
6 20 39
10 66 24
47 2 14
35 66 57
3 54 17
41 56 25
52 57 41
9 3 17
42 69 56
71 67 71
5 72 7
3 43 40
60 63 34
42 18 70
34 69 63
22 5 21
68 66 40
43 54 38
14 50 40
24 4 56
45 44 65
46 26 16
62 67 22
55 19 61
51 33 50
29 57 60
40 73 70
42 29 33
4 20 28
34 15 59
17 47 7
65 35 22
38 7 5
3 20 21
71 51 9
9 4 46
33 53 57
36 61 70
1 65 30
2 64 24
19 12 51
19 65 59
57 38 23
58 53 4
28 68 7
25 48 65
34 9 70
49 35 3
43 58 6
24 68 57
14 29 5
6 40 20
17 29 48
16 25 1
1 67 64
14 43 48
26 61 70
19 49 20
61 53 43
33 16 25
49 57 56
69 72 46
71 7 5
34 31 34
21 6 13
35 71 4
65 35 4
40 38 32
28 54 12
26 51 6
28 27 72
72 45 72
44 49 8
23 12 34
36 63 20
31 33 43
54 17 6
15 46 73
21 36 42
19 51 36
37 15 49
15 6 52
46 18 59
59 31 1
71 48 54
54 8 58
38 12 14
19 32 70
38 66 14
73 45 19
20 65 2
54 59 44
25 4 53
49 20 69
18 51 20
55 28 14
19 31 5
57 1 4
57 60 72
52 48 60
55 36 59
2 47 14
5 43 42
26 44 70
22 29 52
27 48 17
28 16 7
62 29 54
25 10 46
15 28 56
12 41 51
45 45 17
13 26 11
31 3 39
45 26 70
43 41 42
53 69 29
38 67 37
62 24 9
1 18 47
48 40 44
14 44 41
43 67 48
11 57 36
54 7 5
44 72 9
19 54 64
45 28 71
40 29 62
43 58 42
21 20 50
66 61 15
23 44 16
25 56 67
58 37 34
25 45 46
38 70 42
30 45 17
34 1 21
57 42 43
4 24 8
60 33 13
37 69 44
32 20 49
7 24 72
7 31 47
5 19 10
47 5 18
54 8 46
43 10 69
24 52 52
10 27 28
48 52 61
37 6 53
46 36 22
59 11 70
62 62 64
72 5 63
45 43 25
44 6 72
47 55 33
52 1 72
16 24 26
50 47 4
63 4 38
11 3 53
48 60 56
24 59 13
73 39 68
6 71 3
45 8 46
19 72 73
29 14 25
19 26 9
49 41 52
25 69 33
26 19 3
33 38 8
45 37 23
27 21 21
60 47 71
31 69 2
65 66 70
27 16 19
37 25 32
52 30 51
49 17 43
73 47 30
33 42 5
12 16 9
36 27 5
10 29 8
12 1 24
55 18 28
43 48 52
49 56 22
49 20 53
27 47 12
21 63 26
60 57 54
57 10 16
29 14 13
59 71 2
45 57 22
16 46 58
65 52 49
28 55 31
50 13 19
30 56 20
53 19 32
50 48 24
60 40 50
40 12 7
72 26 38
44 71 31
1 33 10
6 51 45
28 37 6
34 36 21
38 72 32
44 63 40
37 3 57
9 2 57
66 66 6
62 38 16
53 28 5
56 29 66
12 23 3
7 23 33
71 49 61
42 42 51
1 14 22
47 51 71
35 66 39
20 47 66
49 27 2
57 30 14
48 37 68
31 22 37
26 43 32
50 55 4
50 2 63
31 23 1
11 25 3
35 36 35
3 71 32
27 6 34
52 8 55
28 55 68
31 57 6
63 8 63
44 47 33
71 40 13
17 20 42
55 55 44
36 3 51
10 61 66
26 8 44
8 47 10
34 2 22
66 72 64
4 11 54
38 23 68
58 3 24
15 64 13
11 7 9
58 35 45
51 65 26
28 30 16
46 34 38
17 64 44
43 30 13
10 69 12
30 70 3
32 8 43
39 18 20
5 27 46
63 66 29
61 14 67
42 21 29
67 5 15
17 28 71
21 54 46
53 39 57
62 63 24
33 59 6
43 43 56
36 9 65
38 56 4
19 61 13
51 67 49
26 31 52
11 21 27
30 29 9
48 43 17
18 14 21
10 13 69
28 18 67
25 43 42
73 69 58
21 8 60
28 57 66
61 20 29
73 35 42
17 66 27
3 2 29
14 52 48
46 29 56
17 68 64
64 29 15
33 32 43
37 37 46
2 6 73
14 4 29
33 8 13
33 72 71
51 27 18
46 64 6
47 72 12
14 68 2
59 20 13
28 55 60
60 11 60
29 27 48
63 34 56
3 23 27
13 41 62
65 53 51
20 52 69
33 42 43
69 18 32
26 17 63
67 37 67
31 35 14
5 40 36
51 44 43
23 39 45
27 3 5
62 7 63
38 64 59
54 52 2
27 48 14
42 17 64
26 13 46
3 5 27
48 67 59
42 73 17
68 72 34
62 56 6
69 64 47
46 39 27
9 64 69
15 66 59
65 7 56
25 28 58
29 45 70
73 20 15
72 61 56
8 24 2
9 43 40
62 40 67
60 5 28
17 35 7
8 1 3
15 63 55
23 10 50
69 35 11
34 32 49
33 27 40
13 26 62
54 4 39
6 50 71
7 11 69
60 63 37
31 41 63
64 37 59
2 2 66
46 63 51
13 7 68
60 33 25
66 14 40
72 36 68
60 16 49
31 68 23
51 36 64
55 15 57
19 14 27
14 59 56
45 12 72
39 21 13
26 60 20
41 3 5
40 30 63
26 39 68
71 36 4
26 59 13
60 3 24
21 59 12
7 18 32
10 39 58
1 17 54
16 51 67
2 61 25
6 62 42
1 46 6
70 36 7
31 32 57
16 13 49
25 36 12
20 40 38
64 69 39
42 35 10
53 54 38
30 25 6
20 24 62
25 23 25
44 20 48
44 24 57
58 6 45
47 15 69
42 3 26
6 32 19
20 19 60
45 50 31
62 60 20
52 24 69
50 49 54
5 66 73
34 55 45
50 42 21
12 9 44
25 30 17
62 42 32
34 9 13
12 22 64
11 73 73
55 43 12
6 13 27
57 40 5
62 1 48
25 39 56
4 46 5
24 64 1
46 31 15
20 39 51
44 21 2
44 19 58
60 56 24
59 64 63
28 12 13
24 31 40
38 40 37
63 43 26
60 72 57
11 32 29
52 11 42
25 49 69
42 16 6
19 21 15
54 22 58
66 12 53
18 9 35
10 29 17
54 28 5
24 53 38
54 34 37
34 53 4
29 5 51
41 39 61
50 8 63
42 68 41
24 17 19
51 56 66
25 72 48
2 59 29
73 33 8
43 45 38
71 63 54
38 69 23
11 71 49
34 70 3
49 65 43
53 63 27
5 26 61
38 34 57
21 40 55
55 4 57
42 45 46
5 54 73
45 3 65
51 8 66
21 9 67
5 30 34
68 55 26
72 3 54
20 42 3
26 41 47
1 33 28
61 26 55
21 53 17
37 11 49
20 71 60
12 5 53
51 57 47
41 20 40
69 7 29
49 10 53
4 58 19
2 56 59
36 64 41
58 34 14
62 28 52
71 49 7
5 24 55
5 36 16
17 66 31
64 6 5
1 20 22
41 14 41
1 24 42
4 56 5
60 20 69
32 56 14
26 29 43
47 31 40
25 24 4
68 18 28
50 47 60
53 30 3
46 53 68
66 49 66
3 36 30
17 4 20
54 6 35
11 59 69
51 27 53
32 38 20
47 38 64
8 38 23
70 37 48
43 73 47
36 29 28
63 36 21
57 5 44
40 64 48
51 43 49
55 8 24
44 23 72
44 41 69
68 25 69
24 39 26
60 41 64
10 44 25
39 35 68
38 34 59
17 28 23
54 63 25
17 71 52
71 47 42
31 30 8
22 67 3
38 37 30
42 13 33
65 49 12
36 63 50
57 33 55
7 58 57
68 37 30
37 52 35
48 56 52
30 28 12
48 16 10
15 17 62
70 45 5
11 20 3
24 4 16
65 31 65
71 73 31
5 31 56
4 9 71
5 18 42
19 24 25
2 59 2
64 67 7
67 65 47
17 58 47
55 9 8
64 50 44
10 4 39
68 47 56
50 45 39
51 53 19
66 39 64
48 6 45
4 39 7
56 5 36
37 54 27
58 17 27
2 63 68
6 18 46
11 20 11
25 45 50
46 64 44
34 44 30
32 27 62
60 3 35
5 48 21
13 47 11
4 9 34
72 35 2
19 64 29
42 40 69
10 57 65
36 14 41
18 50 6
66 54 23
73 35 61
38 47 67
18 27 61
22 11 19
54 63 30
31 53 42
11 58 47
40 69 3
22 40 24
23 61 30
50 13 40
40 17 15
60 26 2
46 5 72
43 34 2
24 29 58
55 68 19
70 3 51
45 59 3
35 25 55
52 25 66
5 20 44
27 50 66
21 3 51
35 4 30
2 28 3
62 61 69
59 21 53
3 56 25
43 38 31
1 29 12
5 41 59
32 67 15
72 24 33
11 67 44
43 58 59
43 2 42
32 28 30
73 22 20
40 34 56
69 33 71
55 37 50
32 54 14
22 12 23
55 2 62
24 61 62
17 51 37
12 17 73
1 16 60
13 52 1
39 14 66
72 29 43
10 5 42
33 68 55
48 1 64
68 38 35
19 9 65
65 70 33
63 52 66
11 37 70
22 30 43
54 46 3
10 33 59
64 1 15
29 32 11
73 9 61
69 24 2
32 65 6
39 60 60
29 5 44
56 60 48
19 6 11
10 68 40
49 67 60
2 5 6
50 73 22
5 22 19
58 10 39
46 18 7
7 35 1
58 35 13
5 9 65
34 9 46
68 23 59
32 12 32
7 41 56
59 66 40
59 22 33
21 8 13
15 44 10
1 31 40
43 38 69
57 67 20
63 73 68
2 16 59
17 46 44
28 62 58
40 14 60
18 23 68
39 37 47
8 15 20
64 61 43
39 5 61
12 47 62
73 2 33
73 31 64
56 47 63
49 28 51
5 21 71
34 26 1
2 12 2
6 24 22
38 56 40
43 42 50
35 72 26
44 58 57
38 22 65
67 63 43
62 53 50
46 42 54
26 27 43
36 18 2
42 17 1
71 6 3
16 56 43
67 49 2
13 41 26
58 50 41
6 7 47
36 60 19
61 73 40
10 24 57
23 45 20
4 44 39
16 36 48
41 60 55
3 61 59
58 11 64
13 38 39
9 62 5
43 31 28
47 54 72
17 29 43
66 27 6
6 45 61
12 4 53
31 40 50
43 59 27
64 19 7
8 70 29
22 53 27
57 15 11
43 4 62
68 11 45
35 9 65
17 65 39
46 47 71
32 25 14
15 4 41
11 36 68
40 43 66
29 48 41
67 21 18
30 65 33
63 37 60
45 33 17
71 26 51
8 17 3
25 46 21
38 55 66
35 37 17
13 12 2
50 29 9
34 69 13
4 25 5
34 17 43
30 71 37
36 71 63
49 56 55
40 55 71
1 6 20
39 38 31
71 46 33
50 66 60
21 8 35
2 64 65
4 47 19
72 11 71
9 11 5
42 39 57
30 51 19
61 61 73
21 9 65
18 53 54
18 62 7
34 17 12
44 36 43
69 48 5
31 27 51
27 19 41
26 67 21
39 67 58
50 20 17
1 8 38
19 11 18
69 10 33
55 11 15
64 4 45
43 28 32
16 28 68
7 23 48
58 52 59
58 62 13
54 49 15
51 53 44
50 8 53
26 41 2
26 38 10
69 41 30
28 33 31
54 46 68
25 18 47
61 63 13
40 38 44
33 28 59
42 60 10
31 13 6
6 52 1
22 19 40
69 72 47
48 70 69
68 3 72
8 3 48
26 29 52
73 2 57
9 52 18
23 25 4
3 34 59
27 26 36
20 15 50
12 55 57
55 4 33
64 26 53
16 60 8
36 61 35
8 44 39
41 27 38
26 68 60
68 65 2
19 53 30
72 21 58
64 16 26
6 68 44
35 73 10
43 11 23
65 3 1
20 59 55
15 27 64
9 60 61
71 6 58
10 31 58
20 39 31
60 44 57
12 55 22
52 35 29
61 26 69
3 21 41
6 3 37
58 42 61
51 55 25
19 56 38
1 19 43
22 37 23
73 67 24
35 62 1
35 25 44
19 17 70
26 23 51
70 39 55
1 8 24
9 11 67
19 2 66
16 49 42
66 9 10
55 38 33
11 39 58
68 60 24
10 72 1
51 43 55
47 60 25
64 40 11
35 55 60
1 62 57
61 10 34
15 63 59
12 4 20
52 67 2
7 29 32
62 72 66
32 44 66
69 35 23
33 72 15
64 27 24
31 72 37
58 63 44
11 50 54
31 66 47
27 59 45
72 18 55
56 55 3
54 47 12
24 30 53
69 32 59
14 28 54
58 13 53
16 4 42
1 18 1
58 41 41
12 63 61
48 67 1
50 54 36
66 14 1
51 37 47
55 64 33
11 25 41
7 39 24
64 16 29
47 2 1
4 60 14
73 49 4
34 66 36
69 46 41
61 14 43
19 41 46
25 8 36
19 51 49
28 45 27
42 70 3
63 38 64
50 44 66
12 52 65
28 54 60
59 64 69
7 2 44
64 53 15
41 13 26
59 51 36
11 3 48
14 48 62
53 48 30
4 46 7
32 45 36
31 46 44
24 38 21
39 15 7
52 27 21
13 49 67
67 72 12
70 57 10
15 34 14
24 53 54
46 50 34
43 65 44
68 23 60
12 10 9
73 38 40
67 62 19
28 11 53
32 42 56
66 51 31
40 3 65
63 21 42
54 1 42
55 50 31
61 36 28
1 9 38
10 37 58
31 9 50
5 23 6
7 11 4
8 54 61
62 73 14
23 45 30
21 28 42
60 26 44
3 33 37
21 51 22
40 3 54
21 66 64
31 67 43
46 69 28
44 10 41
52 33 73
19 14 22
2 41 5
4 10 32
13 13 47
25 15 9
20 11 16
46 54 30
31 17 9
47 48 20
29 61 8
33 53 16
56 50 70
49 16 40
22 33 59
14 26 9
35 17 27
29 40 46
73 6 43
31 23 71
6 1 48
55 36 53
48 39 35
68 57 22
14 8 62
4 36 30
21 31 20
8 17 39
5 23 36
20 52 60
52 64 12
11 48 16
37 42 66
73 48 65
13 20 6
25 26 2
44 12 48
58 48 11
47 62 28
12 69 41
20 26 9
20 65 72
55 49 35
17 18 62
58 4 48
73 53 46
22 49 50
14 10 38
43 54 53
43 12 63
34 29 66
63 13 2
25 55 52
66 66 47
67 19 68
58 45 20
14 41 14
70 53 68
34 43 31
64 36 20
54 53 52
36 50 61
32 68 43
72 27 48
15 34 41
70 64 15
69 31 67
43 23 28
48 10 37
6 34 64
62 46 29
2 57 1
67 52 47
4 22 2
68 27 14
14 26 2
21 67 38
68 55 5
67 64 56
19 38 58
61 37 4
28 51 52
45 7 28
15 29 39
53 65 36
70 22 17
15 63 50
2 68 73
56 47 72
53 62 37
45 28 52
5 53 70
42 6 15
1 35 21
47 49 22
51 56 30
21 31 31
10 33 22
7 31 73
20 34 43
34 40 10
25 63 71
48 69 25
66 71 65
10 39 46
59 60 26
72 28 58
40 29 27
67 14 73
4 10 60
19 40 57
13 50 23
72 53 70
28 43 34
36 72 73
49 55 41
53 8 65
24 34 47
72 9 43
60 30 39
55 40 67
62 19 8
12 70 5
54 31 10
50 6 54
28 3 66
32 49 32
62 66 32
43 18 39
56 9 64
14 15 14
24 1 54
45 21 61
73 50 59
40 67 61
8 24 17
55 14 2
12 43 50
19 29 32
50 35 1
2 26 48
18 49 24
43 20 45
43 13 35
52 4 13
11 63 12
16 31 59
38 47 27
47 5 65
56 35 31
72 62 11
71 57 43
19 23 69
36 47 31
22 46 21
67 14 56
50 53 72
53 20 61
40 14 5
13 16 4
25 33 32
36 52 71
37 16 69
72 47 12
36 41 12
34 69 58
70 56 26
51 67 60
41 49 19
60 67 51
37 6 52
58 69 12
10 16 60
10 1 2
48 19 62
6 58 16
13 60 69
51 9 33
5 43 63
28 38 37
50 65 47
1 28 60
24 25 41
61 61 44
45 1 7
47 23 11
58 59 54
46 65 22
69 46 52
40 2 67
62 26 1
21 61 22
44 4 16
71 38 6
44 42 2
30 9 8
25 41 29
21 67 17
9 71 47
32 44 73
62 25 45
52 58 10
41 5 6
1 32 66
28 27 18
19 70 26
62 27 59
72 16 51
2 61 4
6 34 55
11 15 4
3 24 28
44 24 59
55 4 63
3 54 25
28 22 9
8 44 58
73 21 10
69 61 17
20 29 29
62 34 7
44 50 49
20 59 19
14 43 8
15 64 72
63 24 12
9 24 48
57 64 43
7 60 34
70 73 38
2 62 69
70 46 32
56 3 56
28 48 25
51 45 61
58 40 41
23 28 63
38 70 24
40 66 66
13 33 71
58 52 42
1 23 70
19 6 34
43 26 12
66 29 45
43 19 47
30 29 29
29 65 68
51 68 13
55 17 71
43 26 48
35 5 13
41 70 17
21 48 25
59 6 49
33 73 55
44 52 60
45 61 54
5 25 1
40 18 66
59 33 65
22 60 45
29 66 53
16 40 44
43 55 42
73 31 63
60 18 73
7 34 34
6 15 46
49 48 10
71 23 16
38 52 22
11 56 22
8 31 40
8 16 5
39 60 71
71 52 17
47 2 42
48 1 11
2 33 5
38 46 17
20 22 45
53 71 38
17 35 72
23 51 38
13 20 14
31 73 49
6 18 65
23 42 31
73 30 22
9 65 40
24 53 34
60 33 46
49 17 8
40 14 63
58 8 70
17 28 39
35 27 51
52 8 63
9 73 54
22 37 50
10 15 54
66 38 13
6 27 43
5 33 50
45 30 9
38 3 54
22 15 28
48 5 32
34 14 67
73 62 45
28 73 63
47 9 17
61 71 43
5 7 17
20 58 21
50 7 24
61 39 56
37 3 38
50 42 62
48 8 7
12 27 40
52 58 27
13 8 35
5 57 69
48 48 32
5 57 9
48 1 19
34 20 73
34 43 52
57 56 27
2 2 17
41 37 9
37 37 16
47 10 31
51 6 72
57 35 60
60 41 22
31 60 5
72 66 55
18 62 20
61 38 27
52 29 50
3 52 24
33 32 25
14 62 22
42 25 52
52 56 67
45 67 51
68 9 10
55 39 44
42 16 70
4 57 33
49 16 11
39 38 8
23 9 6
56 60 18
25 42 7
23 41 56
27 33 29
30 1 22
21 5 1
16 32 54
8 41 56
49 67 51
45 18 71
14 6 30
18 25 13
42 23 46
2 53 26
21 16 17
41 4 59
34 44 14
11 17 50
41 22 66
47 20 3
15 13 15
42 13 55
40 55 57
6 31 4
36 18 35
71 37 11
55 60 15
5 54 14
66 68 56
60 72 45
9 48 38
61 48 41
41 58 55
12 39 38
42 11 45
42 53 22
70 13 10
21 61 20
40 29 24
2 72 6
73 53 28
17 38 2
35 69 40
65 71 36
33 17 63
70 48 11
46 47 65
3 20 38
71 61 31
6 27 63
51 46 32
50 55 66
41 45 13
43 10 2
11 62 15
59 46 66
9 67 70
16 21 59
34 43 29
58 18 50
63 49 43
59 15 9
67 5 63
10 42 22
14 43 57
44 73 13
63 27 16
27 51 49
24 36 64
18 39 4
73 5 39
30 68 20
24 18 57
37 30 46
54 27 6
63 15 18
10 54 68
48 62 50
43 51 26
62 35 57
57 7 17
63 7 22
35 6 35
10 18 29
21 58 58
27 3 53
6 60 28
72 37 1
56 65 51
38 6 29
16 31 22
29 62 22
22 6 49
5 43 11
27 20 1
24 47 5
2 68 46
18 36 12
39 67 18
66 65 29
51 51 36
67 32 52
1 73 62
45 11 29
25 62 73
13 22 70
22 45 14
66 27 66
27 12 63
30 60 34
52 1 60
12 70 9
29 14 45
66 70 55
3 19 44
31 69 36
16 5 10
70 60 46
45 32 53
63 56 33
29 17 72
46 46 60
23 44 52
43 19 60
17 36 38
8 61 13
7 12 36
7 70 8
47 34 30
24 23 24
61 9 41
67 30 28
12 33 32
1 39 67
35 5 65
71 2 60
67 35 65
19 9 48
33 42 31
60 18 73
64 10 17
54 46 20
16 22 58
64 46 49
38 17 28
55 36 36
39 59 63
31 38 26
58 8 47
30 42 36
10 16 70
39 24 2
28 51 50
18 26 71
14 2 54
28 42 55
40 68 16
4 48 34
59 66 3
43 44 19
56 9 43
17 63 60
41 14 11
36 52 6
66 1 45
50 5 72
61 36 28
47 60 58
34 69 20
63 48 39
23 21 37
5 47 60
47 1 32
6 34 67
26 12 60
48 13 13
25 12 25
62 44 8
43 10 68
27 22 31
31 71 17
43 58 4
26 51 56
14 30 64
56 70 23
49 23 47
8 9 33
69 14 64
66 17 14
24 55 34
47 66 55
22 62 5
42 54 11
54 58 61
54 2 36
26 39 46
21 69 25
32 16 50
36 54 73
8 3 65
55 67 54
34 73 6
35 45 33
14 4 60
21 19 28
29 38 3
12 25 14
36 71 40
57 55 42
39 18 37
12 30 50
65 34 38
26 19 10
29 51 8
27 72 9
70 6 31
72 34 73
29 67 43
35 47 63
8 61 44
47 42 27
43 67 11
11 57 49
33 51 25
48 13 71
4 51 25
22 2 71
44 48 34
26 19 20
8 73 17
29 15 28
4 70 6
1 11 12
39 19 19
8 36 33
44 25 10
48 72 58
73 39 28
50 34 54
11 8 50
46 3 29
27 58 38
62 42 34
36 15 24
58 68 54
50 25 11
59 34 35
16 48 53
40 34 63
10 6 47
1 47 29
40 65 2
6 52 3
60 31 36
49 35 47
37 45 59
3 54 72
53 53 51
44 50 21
68 19 60
52 30 8
56 18 15
17 58 67
26 37 38
38 64 28
14 19 4
34 42 43
31 21 23
13 4 24
25 42 17
51 37 48
51 50 1
73 25 20
19 4 36
40 35 16
45 24 31
11 58 55
45 31 19
18 46 24
10 43 16
39 15 64
53 62 50
6 65 63
32 50 53
30 58 43
71 68 38
59 41 70
32 37 8
46 11 28
29 35 55
24 6 61
25 58 38
6 53 25
18 42 61
54 66 2
69 3 29
66 2 38
40 35 44
13 47 31
7 61 69
60 45 72
50 32 40
71 34 54
12 3 69
3 51 40
19 23 29
61 30 69
43 65 2
33 1 4
20 10 15
47 46 6
6 56 27
44 27 58
4 69 11
60 38 10
53 16 33
32 47 31
37 66 68
2 55 53
22 10 29
39 65 15
26 67 26
57 4 73
27 15 46
28 6 59
1 32 43
26 45 47
26 7 37
34 71 62
26 17 54
1 9 9
3 11 48
64 11 51
49 30 3
37 62 53
41 64 29
19 6 9
2 37 24
15 4 63
48 53 26
25 49 24
49 22 23
48 70 19
59 33 42
69 61 60
58 40 56
44 58 43
33 60 30
18 13 51
2 66 20
65 38 54
60 72 59
17 2 64
9 21 1
34 58 13
60 27 28
19 68 35
51 39 28
50 35 39
63 61 58
55 62 17
34 5 60
66 71 58
44 15 52
31 55 8
49 45 70
44 62 35
4 60 54
57 69 58
36 49 1
2 33 33
10 36 8
25 54 39
53 35 37
73 41 19
51 5 25
51 7 60
17 5 65
25 5 40
26 9 59
53 58 18
60 37 67
48 24 60
30 68 18
35 27 41
21 10 63
45 24 1
48 15 73
17 20 17
13 19 38
3 37 17
6 6 14
37 66 26
36 23 48
21 31 11
59 1 62
48 60 1
61 52 22
45 10 61
38 30 23
67 33 12
63 30 21
44 60 36
47 73 52
62 44 20
31 17 35
57 57 62
53 50 27
72 44 68
48 54 48
58 1 60
9 37 20
73 28 15
42 69 42
59 38 50
22 11 9
30 19 25
29 5 38
59 22 53
40 56 47
46 48 65
72 3 12
49 54 47
57 21 67
32 54 42
68 29 59
68 70 64
54 17 20
9 25 31
7 13 73
30 38 62
60 32 16
27 7 17
23 30 57
1 31 13
72 12 65
68 27 2
47 5 49
4 44 72
26 16 3
30 38 32
57 5 14
66 33 6
27 30 56
5 55 49
26 63 21
38 3 28
34 34 2
29 56 29
65 45 45
23 39 26
20 14 28
55 43 70
22 26 37
33 26 26
73 15 54
5 23 57
50 59 51
62 71 33
54 21 5
11 64 49
22 20 62
59 1 55
64 36 63
45 8 11
8 7 35
15 49 47
62 33 50
55 8 47
24 42 9
63 7 16
17 16 50
64 6 36
25 11 50
16 21 15
53 42 20
21 13 3
7 54 60
19 17 14
39 61 28
64 45 2
17 65 72
58 29 56
42 23 7
16 33 65
68 35 40
57 30 16
64 9 67
54 41 29
66 37 50
37 27 53
23 31 31
28 3 36
64 29 50
48 1 24
28 43 53
49 8 4
61 39 62
43 10 14
22 13 2
60 24 35
55 52 45
48 37 31
52 11 54
53 22 25
11 39 25
66 56 65
44 59 22
68 56 5
55 16 38
69 73 40
46 63 14
55 21 25
48 37 33
51 49 11
65 34 14
70 28 2
10 30 43
72 67 17
71 49 48
17 69 18
20 53 47
12 60 23
9 33 54
15 54 47
47 28 46
65 65 12
35 66 65
27 2 55
45 20 37
18 61 25
52 73 72
51 53 52
16 15 57
12 4 62
16 32 49
44 58 21
34 61 39
42 12 35
61 40 12
65 3 65
48 40 50
1 16 43
48 31 20
68 7 32
15 66 10
70 71 50
11 58 25
73 44 50
20 21 59
39 60 13
68 32 3
15 42 5
42 8 20
12 6 40
14 64 66
45 40 6
6 15 14
9 31 36
5 33 23
66 69 33
43 7 50
10 16 63
39 23 16
41 47 73
63 53 50
56 57 24
7 5 59
47 56 61
13 45 16
14 24 68
10 2 63
7 42 70
19 41 43
26 49 73
16 20 22
30 50 65
42 50 72
12 35 44
43 40 27
23 28 68
38 38 63
51 32 28
72 21 28
48 57 26
1 18 27
68 67 41
68 68 60
52 19 32
34 47 8
42 59 18
20 66 28
38 36 10
33 15 4
73 28 38
31 56 57
62 43 40
63 5 58
30 13 61
12 43 30
61 4 54
54 29 42
65 19 44
34 43 25
49 57 31
72 4 63
15 31 6
59 14 46
28 17 17
34 42 36
38 60 22
25 2 1
58 67 54
14 1 53
44 44 34
29 42 24
8 51 63
55 11 61
3 61 20
4 36 18
30 21 56
23 58 64
68 20 50
47 45 7
65 44 53
49 31 1
20 15 61
28 34 54
58 49 67
8 18 41
59 48 48
38 59 32
48 44 60
67 17 12
21 13 27
41 11 31
1 52 70
13 44 39
42 7 71
22 23 9
5 10 3
37 22 28
68 17 25
37 70 19
33 33 70
17 16 51
6 43 6
2 17 20
44 72 47
53 73 2
37 41 69
17 51 52
61 29 5
40 5 37
69 68 65
50 44 43
11 37 4
70 23 68
14 59 22
57 55 38
73 20 56
19 1 14
54 11 14
60 43 54
5 19 32
48 38 61
19 69 35
51 50 40
4 48 38
46 5 36
49 6 65
11 1 16
66 67 8
61 60 5
37 5 24
38 67 36
67 1 67
41 10 44
24 33 20
33 56 44
28 60 18
41 56 44
56 11 4
39 52 31
49 9 26
4 18 42
41 26 26
65 28 37
53 26 42
54 11 40
6 5 5
32 14 39
4 39 73
63 8 41
12 70 42
63 39 30
69 72 30
47 31 15
50 47 52
69 32 1
70 46 38
25 37 54
45 55 24
34 43 36
20 42 22
44 51 34
41 9 24
38 43 4
38 73 24
16 48 56
22 43 12
51 19 30
33 2 25
10 50 33
28 70 5
33 64 69
52 69 23
32 5 6
65 23 44
19 30 23
3 14 66
22 51 51
70 33 37
45 21 33
61 48 42
71 21 27
55 50 40
50 61 28
8 7 70
7 38 28
32 35 35
39 14 73
58 55 45
41 30 67
73 15 49
6 17 52
55 12 3
72 2 47
47 32 40
51 42 48
67 48 27
72 55 5
65 62 10
17 50 11
8 33 69
28 59 66
24 29 37
55 16 16
73 27 4
22 60 18
18 35 18
32 65 40
21 3 62
52 62 68
53 44 9
25 54 10
11 56 2
66 3 26
35 61 34
58 11 50
2 61 16
2 53 39
56 27 73
73 38 60
6 42 62
51 56 5
49 12 52
48 23 29
21 37 49
68 65 57
4 45 63
54 62 47
61 7 14
1 2 23
34 18 46
11 4 68
64 36 18
27 39 52
2 16 42
4 22 54
33 10 64
46 56 54
51 68 57
61 44 25
2 46 71
18 12 66
23 34 46
8 11 67
3 33 21
41 73 30
2 29 8
52 70 11
54 17 44
28 37 63
17 41 8
4 63 61
55 11 41
10 65 54
29 15 73
30 32 41
73 13 17
55 26 11
43 27 32
22 46 64
53 68 38
7 34 30
53 35 6
70 2 58
50 42 45
14 68 67
61 30 23
38 7 22
22 18 67
66 20 45
52 59 48
4 15 21
29 50 47
33 24 60
20 40 61
35 1 6
40 49 40
13 36 54
22 12 3
39 24 27
59 33 65
3 1 70
32 31 54
32 48 12
21 46 13
63 34 57
18 29 3
59 66 5
10 34 52
72 49 21
18 55 65
28 51 19
19 65 22
45 2 39
67 67 6
28 65 23
26 72 46
46 64 40
22 37 25
25 34 26
15 6 68
40 25 65
38 66 36
19 36 33
40 46 3
72 22 23
12 65 10
42 73 4
66 24 65
40 5 42
72 71 49
28 35 36
15 67 19
56 54 38
59 65 42
19 3 37
6 58 27
17 57 57
9 45 62
52 36 54
54 30 46
20 38 44
64 34 26
44 32 61
41 48 2
56 26 50
33 69 35
21 18 54
29 29 54
72 50 28
50 1 22
55 25 26
32 20 38
34 15 45
29 70 58
60 43 7
70 29 69
52 60 68
1 37 3
47 38 17
65 66 50
3 22 60
71 34 16
11 43 69
32 13 23
61 50 55
59 48 65
64 4 10
24 37 60
69 41 63
33 40 2
9 54 63
70 66 9
42 31 39
11 30 10
33 49 47
35 60 34
40 44 65
57 41 9
30 66 68
56 6 55
57 72 60
62 36 37
25 73 31
56 24 11
44 59 39
15 21 32
28 27 28
4 71 5
49 8 73
60 13 21
58 21 7
26 20 52
24 55 33
16 4 62
50 5 72
60 73 46
73 28 46
5 31 30
64 73 26
28 7 48
67 12 34
43 33 64
34 1 36
52 48 38
64 54 22
2 34 20
21 36 4
52 16 49
34 26 33
67 18 16
63 67 44
60 27 40
22 45 28
47 65 22
55 2 30
56 24 19
37 57 55
52 25 56
21 60 68
36 10 60
71 30 22
15 73 72
41 10 37
37 57 23
58 4 12
48 6 45
4 7 28
34 39 1
8 27 1
17 30 28
28 37 5
67 41 29
47 45 42
17 5 9
16 64 10
46 51 63
61 26 50
58 1 70
6 69 33
73 28 59
17 9 21
16 30 41
70 10 73
7 1 64
14 2 36
19 66 33
69 6 1
37 49 59
50 37 65
52 68 6
8 42 65
44 73 17
46 58 55
62 37 58
62 23 67
70 53 60
38 71 68
49 2 6
34 22 35
53 39 34
41 66 61
30 25 7
17 73 18
60 5 73
42 38 36
15 62 33
46 47 2
51 15 37
49 67 43
29 13 24
36 38 27
72 32 18
64 18 5
71 49 70
52 2 12
33 6 20
34 35 56
21 11 61
72 62 29
42 73 57
12 36 63
11 69 1
17 52 32
61 16 73
16 44 36
58 25 25
2 53 69
29 40 70
47 49 71
26 36 65
11 4 51
11 71 60
15 20 52
36 48 21
33 42 33
43 58 70
1 72 52
71 71 56
57 9 37
43 29 20
68 50 22
46 51 71
1 18 27
44 14 40
13 16 56
44 48 15
55 45 53
47 37 45
51 19 36
62 62 35
28 41 6
12 49 10
60 48 12
45 18 39
47 70 27
54 42 4
39 64 50
28 71 47
73 61 9
17 69 61
34 47 2
38 9 6
44 32 61
21 68 56
17 64 72
58 59 55
38 59 15
16 68 4
43 23 50
9 26 17
34 31 41
58 25 28
2 37 41
73 10 22
15 23 53
62 22 32
19 10 1
50 18 66
31 11 61
33 60 16
73 48 56
45 31 4
21 39 71
36 31 60
51 29 11
41 62 68
44 31 4
68 60 29
72 18 16
16 40 59
50 3 21
59 19 53
54 48 37
46 25 6
59 31 4
24 42 50
5 38 23
71 13 21
44 27 55
65 60 44
15 15 63
64 46 20
46 13 66
12 64 17
19 54 65
64 45 9
47 7 14
24 4 24
43 44 6
54 57 57
68 50 15
40 38 20
64 73 13
44 69 8
9 31 25
70 59 30
72 47 23
73 15 34
39 72 66
45 58 56
59 6 1
48 27 8
9 18 70
16 16 52
4 21 69
33 55 64
26 54 59
49 22 62
53 41 48
55 31 73
64 8 56
18 44 29
31 39 60
40 37 54
10 53 56
42 16 66
23 29 4
46 4 13
57 7 35
4 39 46
61 36 13
15 54 72
41 43 32
69 53 28
5 38 19
13 19 57
4 9 55
45 12 61
44 3 51
62 13 57
62 21 18
36 26 51
26 69 30
50 26 23
2 43 58
64 9 42
19 37 30
68 24 23
27 3 60
28 52 53
49 9 11
52 65 45
6 3 23
33 1 10
36 50 30
18 67 12
1 27 7
17 21 62
55 12 71
33 1 70
34 40 38
73 47 15
38 30 39
35 70 42
44 26 7
9 44 41
70 36 39
44 59 72
6 63 66
52 24 43
59 37 70
54 63 36
15 1 32
8 30 41
73 3 46
26 26 71
11 22 2
59 72 55
71 71 42
2 55 12
13 26 62
30 17 58
41 64 53
38 49 37
65 59 45
44 30 16
26 65 44
8 32 54
70 24 65
43 35 63
9 64 72
45 49 42
58 17 37
18 58 9
53 15 38
16 19 36
5 2 38
15 59 25
48 32 53
62 39 71
53 57 66
8 38 16
21 36 28
32 60 68
43 20 31
64 60 3
63 33 24
20 41 3
27 37 13
31 67 67
41 20 29
11 64 25
49 33 36
32 67 49
47 1 29
52 4 4
28 8 58
8 46 66
16 12 7
35 21 56
52 72 6
19 4 14
68 72 3
64 26 60
48 23 63
14 64 40
5 59 73
30 2 30
19 59 59
61 49 52
51 32 31
69 17 25
55 54 50
65 12 30
64 10 60
54 16 68
22 57 43
45 25 45
36 37 3
26 29 12
13 28 55
21 20 63
18 5 28
61 23 3
33 44 6
55 64 69
25 34 53
60 28 7
16 33 29
24 51 16
36 42 40
63 63 65
61 61 45
20 71 65
3 34 18
29 43 47
17 55 7
11 27 69
31 21 12
23 9 65
41 44 70
20 69 39
43 38 71
42 45 41
2 69 70
37 36 42
30 27 55
57 23 52
8 69 26
49 24 25
35 36 60
46 6 73
61 52 38
36 68 13
7 69 30
44 64 55
51 20 4
30 59 58
58 31 46
23 22 48
64 57 42
13 28 62
27 65 40
31 29 10
24 6 14
50 46 34
34 73 46
5 5 4
66 41 33
70 34 59
5 66 21
14 37 65
50 25 14
6 33 25
37 17 65
42 66 39
8 13 55
12 70 12
45 56 57
72 28 59
68 63 13
15 52 71
57 33 34
68 51 25
39 20 2
24 30 67
67 16 12
57 43 32
64 1 21
73 67 60
12 15 56
52 40 50
67 48 7
41 46 39
42 57 24
3 29 71
72 58 5
25 41 4
20 47 3
44 7 30
14 1 66
25 25 24
28 44 8
44 63 38
13 24 6
63 33 33
3 22 71
39 8 73
21 60 69
9 36 23
70 63 14
5 7 44
71 72 73
47 59 27
7 64 48
27 25 19
31 1 25
5 65 37
33 53 73
34 42 30
66 34 30
14 4 42
60 55 19
31 62 71
22 57 29
17 30 41
64 36 29
12 7 28
20 41 1
5 7 35
11 55 14
67 52 23
23 23 17
57 5 29
68 52 6
71 51 11
30 36 7
50 70 59
32 7 20
35 27 60
59 28 18
13 57 33
6 64 28
56 55 62
8 44 43
69 25 35
21 53 56
43 73 60
64 31 44
42 52 11
70 25 73
11 39 33
24 39 72
23 25 72
73 50 20
43 51 45
69 42 56
65 6 46
22 26 26
26 42 45
70 35 26
5 63 15
45 25 45
18 6 57
27 10 42
61 15 50
21 70 2
58 5 18
15 52 32
62 3 13
60 22 29
65 37 64
19 31 24
6 30 19
70 37 61
15 58 25
7 13 48
30 18 38
44 3 42
29 18 69
40 54 71
68 28 68
2 1 24
34 23 53
64 29 65
66 49 60
2 53 50
52 53 71
2 42 23
72 31 30
31 66 10
10 64 34
58 57 67
67 57 36
38 16 50
52 40 39
10 56 22
49 5 28
45 67 58
56 17 26
60 73 32
38 34 5
63 44 52
51 42 5
12 24 52
29 41 5
51 16 66
13 32 55
34 68 17
20 34 10
61 65 14
39 9 11
55 47 15
31 8 28
13 54 60
19 49 20
62 42 37
57 17 1
21 60 54
58 52 31
14 22 35
53 57 69
69 56 10
70 69 1
38 33 12
53 72 14
48 44 66
54 67 49
47 38 29
34 31 26
48 53 14
47 24 53
4 6 57
54 26 10
35 31 36
52 2 5
52 39 70
61 27 17
57 6 4
37 39 68
70 63 64
19 46 28
48 23 16
26 10 14
7 11 13
37 68 25
45 57 45
1 40 58
53 33 64
14 17 14
39 69 7
54 23 50
66 34 12
71 25 26
27 26 62
31 20 45
22 54 8
61 54 44
9 35 72
18 49 8
63 55 57
67 62 33
19 63 51
50 45 65
13 1 6
61 28 12
31 7 4
24 28 8
43 72 13
17 66 25
13 24 63
60 47 10
69 11 70
17 73 65
5 3 48
38 50 67
69 2 53
36 15 64
48 63 25
47 29 54
30 12 39
61 67 30
57 5 72
22 69 22
71 34 3
34 56 56
4 31 6
6 31 3
2 7 1
8 46 5
56 44 14
51 31 12
44 32 26
31 30 16
59 63 26
52 14 55
61 7 42
29 19 59
68 42 29
38 40 69
64 65 64
13 19 5
55 18 3
73 3 44
18 23 44
67 42 59
43 21 31
19 37 66
1 4 37
45 49 51
20 10 38
7 63 42
49 11 40
10 61 51
62 52 51
49 21 50
59 43 34
38 7 35
57 21 13
52 28 52
1 30 37
43 68 18
68 70 39
36 29 7
42 67 56
59 20 46
1 32 27
6 37 8
41 50 23
32 47 73
72 50 28
11 18 68
15 22 28
32 40 52
22 4 2
60 45 15
18 72 24
21 8 5
68 57 2
72 58 47
41 18 34
49 3 41
53 72 16
6 55 3
44 38 21
41 33 69
13 19 57
60 34 63
19 7 37
36 6 12
18 20 12
28 65 10
19 7 47
22 47 73
51 46 10
68 55 61
63 65 42
14 33 51
21 29 53
47 61 47
46 73 22
9 1 13
68 2 2
59 18 34
58 27 21
40 50 54
61 63 43
22 21 45
54 59 31
9 61 50
35 7 16
14 21 65
40 26 33
30 1 55
1 11 44
34 68 70
30 52 34
27 7 7
57 49 60
11 52 36
58 52 21
33 40 3
30 14 51
62 9 50
32 64 36
73 14 11
73 71 69
40 69 50
58 35 41
22 49 39
43 51 35
31 48 10
27 38 15
65 49 57
26 12 50
73 9 12
46 5 54
59 46 10
21 72 71
11 39 28
9 18 10
7 55 63
28 51 42
67 63 71
59 9 44
17 9 37
9 30 49
9 7 44
54 44 25
68 13 68
33 50 66
64 65 55
69 14 63
5 5 40
49 6 29
36 38 63
45 53 57
57 66 45
38 27 43
51 62 32
41 35 71
67 31 22
64 34 2
27 61 67
14 7 3
69 7 3
43 22 69
53 3 50
56 40 33
16 58 32
40 43 53
30 67 8
63 18 68
1 22 49
55 68 58
62 3 3
3 7 50
31 27 12
43 64 33
29 5 28
21 11 58
41 65 71
6 26 33
44 25 62
45 68 18
72 9 23
49 13 63
19 27 12
25 1 55
23 13 4
48 9 59
33 19 5
47 58 46
51 39 26
18 60 15
18 31 57
19 62 58
61 67 2
19 12 20
52 13 42
38 26 34
45 42 54
70 72 44
53 52 46
48 13 34
73 63 18
15 5 26
38 60 71
70 37 21
53 40 57
35 58 5
55 71 53
44 1 27
60 43 47
14 62 26
50 51 32
41 16 52
64 8 38
14 64 21
18 68 7
10 14 53
72 69 64
39 10 34
1 39 53
73 4 10
25 49 26
29 19 32
23 39 55
22 17 43
26 46 7
23 21 30
18 22 73
16 37 46
38 53 58
53 54 36
70 46 2
57 50 60
58 28 40
57 24 52
37 4 26
24 31 3
27 60 35
58 17 54
54 62 67
35 6 37
31 68 42
1 64 7
33 62 4
24 26 6
56 62 2
17 49 68
65 65 47
13 33 72
61 45 18
43 24 36
14 30 10
53 5 38
44 39 73
59 29 24
35 25 1
36 1 51
16 14 28
25 5 12
1 38 20
30 44 44
64 29 34
9 3 47
66 28 72
4 20 30
18 49 3
54 42 31
60 56 29
39 47 70
31 2 59
30 36 49
51 48 17
57 16 32
44 58 30
14 26 62
68 57 7
36 19 62
22 10 73
24 48 39
52 64 16
73 19 4
45 20 46
59 2 19
36 45 49
42 30 58
3 7 45
4 34 33
61 62 69
39 36 63
21 6 16
13 7 33
72 36 43
60 43 35
23 24 45
17 72 8
6 6 29
6 55 36
20 53 8
71 59 41
20 61 57
6 27 41
44 7 31
68 47 58
36 70 25
45 73 69
55 9 2
31 22 30
52 52 42
64 37 40
14 35 5
19 41 66
69 54 54
64 3 31
15 31 31
44 56 28
16 51 43
3 28 16
52 2 17
51 28 21
8 66 51
26 34 65
70 50 52
47 56 63
33 15 4
25 59 9
27 5 42
55 57 18
60 10 61
34 67 31
9 25 35
68 49 68
17 46 17
35 19 72
27 10 5
42 18 35
38 38 56
17 6 12
14 54 22
63 22 46
21 49 14
14 69 69
19 43 71
10 11 32
44 56 7
8 37 57
7 16 66
43 42 11
3 20 57
17 25 53
61 66 63
3 67 2
73 4 22
54 2 29
51 27 63
44 7 12
10 14 21
29 22 51
13 67 4
68 51 15
54 21 64
64 26 54
46 4 11
14 26 11
61 61 4
65 50 48
41 66 18
32 27 57
29 36 69
16 46 10
59 46 14
7 3 53
12 53 5
33 70 26
13 53 13
53 45 4
34 73 52
2 53 45
72 49 18
57 35 52
40 50 34
56 20 66
24 30 34
43 43 2
19 33 12
12 33 45
46 39 38
36 17 6
9 70 6
62 43 70
54 1 45
20 70 18
37 48 57
27 55 46
73 72 33
26 60 68
4 28 3
13 66 33
53 6 6
19 67 28
15 49 23
35 3 52
70 60 13
10 54 56
71 41 47
43 28 61
27 30 60
15 67 18
67 15 37
11 8 70
11 61 8
51 65 23
29 11 72
52 56 26
26 7 5
2 72 43
66 5 60
8 39 11
56 33 8
30 69 64
61 71 24
63 47 26
23 64 40
18 61 66
51 9 33
58 57 9
46 68 21
35 60 16
49 49 52
6 17 66
51 10 17
71 18 16
11 47 22
53 10 73
15 49 55
23 51 62
52 51 23
46 21 29
52 52 64
38 17 6
66 21 51
44 15 66
56 63 12
8 35 38
17 59 63
29 18 19
55 8 22
40 2 1
49 57 24
52 54 36
30 37 13
51 46 42
33 57 54
14 40 29
57 69 11
48 38 12
38 64 14
20 25 40
63 57 10
51 28 34
58 1 65
47 9 38
14 53 28
48 40 58
54 11 9
42 11 71
52 46 6
4 56 10
57 32 42
38 21 59
42 34 21
44 53 60
9 4 63
19 66 35
44 28 18
35 12 11
37 49 31
71 26 8
11 46 31
69 7 2
30 61 6
61 1 15
20 67 17
44 38 13
65 9 10
59 37 46
17 70 3
48 62 70
71 68 8
23 55 35
37 50 65
41 46 58
65 45 62
72 70 35
27 49 38
57 15 47
64 22 62
59 25 35
64 73 21
71 18 1
18 16 7
23 37 25
11 50 28
20 59 65
10 1 24
61 45 66
55 22 72
58 73 30
19 12 38
44 44 32
61 6 63
14 15 1
68 3 57
8 14 59
40 29 54
70 2 51
28 24 1
60 24 47
17 68 28
51 21 53
35 15 70
1 1 65
49 63 34
72 17 13
43 54 35
7 26 13
55 17 36
71 16 31
31 12 47
61 68 61
66 25 63
18 42 35
67 13 37
36 2 51
69 2 29
51 66 52
24 7 18
46 37 69
37 14 69
47 67 42
5 14 52
71 61 28
28 30 59
47 33 69
40 4 41
12 32 34
56 41 54
63 58 60
16 13 26
32 68 9
38 8 39
44 61 30
58 16 30
69 20 2
58 54 10
22 33 66
50 40 46
12 24 66
9 13 67
39 61 3
12 48 18
66 16 36
22 68 41
3 14 48
6 22 16
47 8 31
69 63 22
69 35 28
27 68 68
49 11 30
42 2 33
54 2 65
44 4 73
32 7 32
37 32 36
37 10 1
26 8 67
17 7 49
53 73 59
22 54 8
52 14 62
17 21 16
53 56 17
6 39 52
47 20 54
67 73 49
55 72 25
14 41 68
57 45 23
72 10 10
45 38 11
55 36 72
9 45 19
3 65 50
10 56 38
21 32 27
12 41 56
24 71 66
34 32 26
52 49 27
4 72 19
11 58 56
34 72 58
24 41 48
21 38 47
21 40 51
73 69 36
5 15 16
32 30 56
12 20 48
49 63 17
6 47 15
11 20 49
27 44 49
15 33 5
8 57 8
66 37 44
56 43 22
53 62 62
32 14 50
20 63 7
55 58 63
45 7 46
32 64 58
53 34 51
21 41 19
59 6 47
70 37 13
12 36 28
13 72 73
10 73 23
19 64 9
11 66 42
50 54 50
1 52 51
1 52 38
5 51 65
50 28 31
32 25 19
49 59 55
9 16 55
66 3 68
41 12 58
34 24 11
73 20 71
55 5 16
72 4 66
66 65 68
30 25 33
12 55 22
7 48 16
6 41 25
40 62 43
70 40 18
21 38 47
65 73 6
36 30 63
63 1 6
29 11 36
56 60 25
38 17 40
16 28 10
64 63 54
72 20 55
30 28 54
65 62 11
57 60 20
43 40 52
65 41 15
25 10 26
65 70 73
53 27 16
60 51 67
32 56 45
2 49 33
2 56 8
34 6 40
57 5 52
38 11 7
22 11 66
67 3 27
24 25 10
34 42 62
52 37 55
54 23 4
8 24 22
38 49 31
47 57 17
14 16 49
11 19 12
9 46 26
46 46 33
7 19 36
8 65 56
11 59 22
47 7 48
41 32 68
1 46 25
49 17 61
14 16 28
2 48 54
64 2 8
7 10 55
61 1 30
60 15 10
8 23 10
18 61 3
10 20 46
33 42 28
1 32 4
23 57 59
49 42 6
73 40 49
5 69 29
43 69 52
56 57 70
8 9 25
60 54 13
34 70 22
12 33 45
35 4 15
3 46 31
33 10 72
56 6 58
47 32 17
13 5 25
34 40 36
5 35 71
73 46 2
27 27 27
66 3 29
65 10 35
66 26 8
40 7 45
52 16 72
20 34 64
34 27 31
48 73 13
68 45 67
47 13 7
30 37 13
10 24 55
18 64 56
69 65 50
17 72 22
34 31 5
51 68 49
32 54 52
1 54 10
44 66 3
41 17 46
1 26 23
1 31 72
24 68 1
73 21 61
2 71 4
46 58 32
41 44 3
44 65 70
41 8 9
11 16 46
21 50 44
32 70 2
19 53 7
40 26 57
26 30 46
34 68 66
59 60 24
10 69 10
38 73 27
36 45 5
10 34 22
70 14 29
4 11 15
59 32 9
36 48 22
35 3 11
29 22 10
71 69 31
72 11 55
14 70 55
1 37 22
71 21 64
15 60 56
38 36 4
48 7 53
42 67 5
69 8 71
52 44 21
54 27 67
6 9 37
6 69 27
57 40 72
37 65 54
13 36 70
52 7 4
62 67 25
12 27 58
46 7 34
66 5 70
23 6 15
42 31 24
45 43 51
49 20 44
28 2 29
22 6 13
50 16 37
15 44 34
73 14 72
31 50 44
67 36 54
29 19 23
9 2 39
47 61 14
30 49 61
31 39 14
71 30 50
38 58 50
40 45 51
5 21 49
54 73 46
37 64 54
59 42 17
38 26 73
33 14 71
70 4 13
36 63 30
44 16 37
41 8 15
53 58 64
73 57 12
24 4 2
40 51 50
32 71 2
1 7 64
59 29 68
18 23 70
36 66 53
45 11 3
52 17 62
58 15 12
61 62 35
44 57 30
36 27 29
55 72 46
29 27 58
18 23 32
17 30 53
73 71 50
44 38 63
20 43 21
30 23 31
35 3 36
62 32 37
57 3 1
66 35 8
48 63 66
10 36 41
61 44 39
31 19 43
54 54 6
51 25 42
49 57 62
53 19 2
67 27 48
41 20 73
10 27 59
2 61 50
38 16 41
7 17 67
23 11 56
54 11 14
66 5 67
62 10 50
60 53 42
71 30 6
5 2 43
20 22 19
35 37 1
48 34 56
13 54 26
23 33 24
64 35 50
65 65 34
22 13 65
70 16 13
37 46 57
2 17 18
1 64 63
17 34 67
16 41 39
9 25 45
6 44 46
8 62 21
49 36 65
57 19 70
24 43 50
41 67 41
1 27 47
50 20 56
42 3 54
52 4 24
28 5 47
62 4 22
38 13 68
34 16 45
2 30 46
3 52 24
36 52 21
48 38 20
71 38 29
4 48 41
54 6 30
70 24 40
10 3 12
25 69 68
20 31 65
55 66 54
13 67 50
72 2 61
43 18 59
63 11 29
24 42 10
9 72 59
13 63 32
43 35 39
53 50 31
65 6 53
73 32 34
38 48 60
56 55 40
24 59 69
1 54 36
42 36 8
42 11 7
44 66 68
28 4 38
64 29 19
30 14 5
50 28 58
10 1 27
49 15 30
18 64 30
65 36 67
1 26 38
6 22 63
31 63 71
21 56 35
58 38 45
31 6 45
35 25 45
30 69 52
59 67 43
51 62 4
25 67 60
54 9 64
29 19 68
18 49 69
61 1 32
56 57 30
46 62 68
69 32 6
73 48 36
49 60 58
63 49 67
34 14 7
60 9 27
72 27 33
7 38 47
56 17 17
2 38 62
59 29 21
18 26 51
13 44 49
52 51 59
33 19 70
50 1 35
42 51 6
34 16 39
20 59 12
19 38 73
10 7 12
58 49 44
15 20 29
21 55 32
47 26 31
56 57 51
60 44 45
30 54 51
70 69 65
19 34 22
44 35 53
66 37 35
68 18 67
59 61 72
3 55 21
36 16 42
24 60 61
47 29 31
21 62 10
3 39 51
3 6 18
8 46 12
33 38 14
21 49 13
39 45 67
47 60 69
66 13 56
73 67 29
71 19 50
28 35 31
33 57 54
45 61 56
36 7 31
56 56 8
59 33 26
8 36 30
7 5 7
38 50 62
34 43 2
34 12 73
19 46 39
66 65 62
23 8 3
18 55 33
5 44 66
67 4 56
44 63 46
73 57 69
31 68 44
20 28 35
71 15 1
8 16 53
36 8 4
72 12 11
59 58 11
46 11 21
3 45 38
49 26 45
55 57 12
17 64 11
20 65 42
50 25 55
67 33 2
37 32 54
43 59 11
15 10 72
24 19 73
20 12 46
65 59 53
43 55 67
50 43 33
1 71 44
15 60 43
55 26 49
12 66 37
35 10 65
28 63 57
1 54 70
7 50 51
9 3 11
22 49 35
61 73 37
38 16 11
20 33 54
22 70 5
28 34 54
29 56 41
24 33 52
53 50 38
43 58 14
44 68 23
52 27 36
45 21 60
19 46 38
67 22 28
34 7 68
11 8 73
68 71 55
53 26 24
15 25 58
31 33 38
22 24 67
71 52 32
41 43 71
39 37 70
71 19 32
35 54 17
37 15 5
62 58 31
24 44 40
9 21 67
33 21 47
69 51 7
67 14 57
62 57 42
38 10 68
22 57 71
11 63 12
38 25 45
24 45 35
45 30 38
62 52 18
11 31 65
58 9 22
19 25 58
2 31 44
6 42 17
47 28 46
54 20 29
70 52 22
52 56 31
10 58 71
44 8 64
57 33 14
64 43 71
15 72 64
45 22 29
56 43 17
8 19 15
52 18 41
52 2 33
55 34 41
17 73 2
59 21 71
10 73 23
43 11 60
13 32 43
72 47 20
53 22 14
69 13 60
19 54 35
34 32 7
29 10 23
22 57 42
19 21 19
16 61 44
48 25 7
51 49 21
19 54 46
6 68 71
5 35 14
39 41 10
30 36 17
53 52 2
26 39 15
31 38 44
32 43 17
21 62 31
63 33 6
56 50 57
40 43 67
64 66 50
4 35 20
46 28 34
14 17 52
44 66 29
57 65 31
32 33 65
24 20 71
1 32 66
64 53 55
4 56 59
16 18 72
36 16 47
56 23 54
63 55 62
68 34 66
29 53 21
46 31 35
29 58 59
37 25 63
52 2 8
6 30 30
39 36 59
63 61 45
28 54 6
15 45 13
50 47 36
47 69 63
43 72 3
24 11 69
18 31 30
60 70 14
69 1 12
2 28 15
58 34 53
62 51 44
63 40 4
29 57 68
26 72 34
13 37 57
5 17 1
23 29 62
35 10 19
61 27 23
66 38 47
10 22 22
9 48 52
57 20 26
22 45 72
24 20 70
69 5 10
51 27 71
1 58 33
27 4 39
44 51 31
22 5 12
55 52 55
41 52 45
1 55 44
39 3 25
8 16 2
41 44 69
3 14 31
62 36 29
29 1 14
73 47 70
56 69 44
1 4 63
49 16 43
32 5 23
48 59 22
24 31 53
27 49 8
46 19 27
7 20 67
27 52 65
52 73 31
51 61 35
58 66 12
37 1 22
69 28 15
25 50 19
28 19 23
31 27 17
31 36 61
15 40 18
19 22 48
21 60 44
55 69 26
15 62 52
15 57 68
47 58 19
40 32 43
53 11 3
15 46 4
9 65 13
30 62 61
28 23 65
18 55 47
66 5 46
55 58 41
36 57 72
67 17 6
9 51 58
46 32 39
15 64 5
51 11 11
3 6 69
71 64 46
41 72 48
68 61 9
29 20 73
31 6 51
37 40 69
2 25 72
57 56 31
55 37 53
27 70 36
41 43 34
55 58 1
67 15 7
49 25 1
64 4 67
58 34 36
46 39 9
41 62 1
68 45 57
64 57 44
31 19 40
65 59 32
6 7 19
68 4 20
50 35 3
72 61 50
41 38 11
10 25 15
34 52 9
72 69 49
18 13 3
43 23 40
27 54 71
60 69 66
40 69 31
55 33 48
13 51 42
21 73 67
5 52 44
11 49 29
54 36 47
68 51 32
23 43 20
43 23 18
47 23 58
39 40 36
40 62 31
55 5 12
51 70 13
47 36 42
48 19 58
67 69 17
64 3 11
67 67 3
73 24 36
45 12 10
51 64 8
14 25 38
36 69 2
17 61 66
51 6 19
54 15 5
42 37 5
46 37 13
32 65 53
1 56 58
25 41 18
47 15 55
14 29 15
33 30 9
62 26 39
5 23 1
57 27 34
28 1 8
32 46 55
46 6 46
31 45 65
28 37 44
17 72 72
26 20 60
11 57 23
15 73 12
30 5 2
69 41 69
49 11 31
25 3 67
46 49 25
26 62 59
23 52 64
50 47 36
46 39 68
54 71 49
19 42 2
3 37 45
48 70 8
29 29 46
63 71 42
13 69 72
38 58 23
9 57 42
28 71 27
33 59 34
23 34 20
19 34 33
65 69 5
38 5 5
31 3 28
14 57 51
62 57 33
58 40 45
60 49 44
56 40 42
26 52 55
62 49 73
1 52 49
60 11 43
41 38 6
58 52 32
16 73 58
17 47 2
35 65 57
32 46 16
18 41 63
22 72 55
56 2 52
48 23 42
50 4 38
5 19 1
67 57 6
55 24 28
70 16 63
2 6 64
49 34 32
41 58 38
23 65 9
14 48 34
71 9 65
47 41 32
53 23 51
65 55 58
32 51 40
6 9 36
21 21 14
25 73 26
72 16 22
5 12 38
1 30 23
71 42 54
32 65 60
34 25 22
9 37 10
44 65 48
29 5 5
32 15 52
53 12 69
12 53 19
71 24 69
36 27 19
9 20 48
2 44 28
48 50 21
62 14 63
45 6 72
18 60 15
13 7 45
33 67 13
54 60 66
28 60 16
21 65 27
44 52 57
67 51 25
69 29 28
27 25 53
70 29 49
66 71 60
13 53 55
26 22 9
42 45 16
37 21 44
34 59 39
16 20 4
39 6 36
39 29 27
33 8 23
66 69 54
6 23 1
23 71 2
59 66 24
50 55 10
44 24 53
45 4 15
61 51 68
21 14 68
71 17 51
59 41 70
64 64 22
48 69 36
50 16 16
33 72 12
53 66 47
22 33 14
25 69 42
42 36 23
56 53 22
27 10 58
50 22 15
26 58 61
9 21 33
70 54 47
14 40 1
47 20 4
53 51 43
44 32 11
16 33 41
67 62 59
71 66 27
41 65 42
28 42 22
40 3 36
43 72 39
2 20 42
5 40 19
73 35 50
14 32 43
6 64 36
12 50 1
29 63 35
35 40 49
62 13 72
21 20 28
58 23 36
54 52 2
24 32 1
70 31 44
7 49 53
36 14 69
66 7 62
17 11 8
46 71 22
70 31 25
30 24 65
41 38 28
9 34 3
34 33 56
72 42 59
71 27 45
48 30 19
45 71 60
39 48 23
24 64 57
33 11 6
21 19 15
41 36 35
16 65 4
4 26 71
32 14 34
25 28 59
6 11 19
68 27 57
61 16 61
50 66 56
15 21 24
51 73 49
68 51 44
53 59 22
9 26 67
63 42 70
1 33 13
31 22 4
56 40 60
32 58 55
48 23 54
46 67 16
64 16 9
72 8 6
55 19 10
51 25 42
18 18 51
19 31 21
49 27 67
52 33 11
42 21 54
31 73 41
60 34 47
42 25 29
4 57 70
68 21 73
40 27 56
71 73 55
20 44 60
64 35 64
53 42 60
45 58 61
20 22 72
6 14 64
11 11 41
18 54 69
1 19 11
13 6 2
3 8 62
73 36 42
65 17 39
42 8 8
38 20 63
57 66 47
22 68 33
13 51 58
23 22 49
21 56 7
69 21 45
49 26 68
12 25 14
57 18 7
53 14 61
44 62 58
4 4 22
60 6 3
9 9 49
49 67 7
19 55 24
64 71 56
13 17 21
16 58 72
11 17 34
56 30 23
37 64 66
10 10 56
16 13 40
64 9 43
68 31 33
19 32 3
72 64 22
10 36 40
44 35 45
43 39 52
57 39 34
54 31 67
5 33 9
49 69 38
4 50 26
66 23 64
51 54 28
40 3 25
24 9 37
19 49 7
48 35 41
47 68 13
33 6 10
31 32 3
17 24 23
55 16 32
54 8 20
8 9 12
47 6 58
51 11 9
59 61 34
46 16 2
32 58 26
59 51 41
43 56 30
54 7 19
54 35 24
28 1 43
69 51 32
36 27 60
7 66 11
70 53 30
15 29 26
14 70 22
68 9 52
10 16 40
36 40 58
6 35 55
12 46 5
27 34 34
6 41 42
21 53 6
51 17 33
38 41 15
24 62 8
33 12 17
35 62 68
28 49 47
23 49 12
11 61 68
73 52 8
72 65 23
35 35 36
36 27 66
73 30 29
70 63 5
69 53 12
21 19 8
18 37 21
8 19 50
11 15 73
35 33 63
31 65 37
52 8 73
4 19 66
32 43 12
30 22 38
18 49 30
47 41 71
69 70 10
3 15 41
68 2 51
14 35 42
54 1 19
37 46 23
34 23 53
49 7 16
14 52 71
42 22 30
16 25 16
2 6 28
17 16 38
58 20 9
51 46 41
29 36 40
65 56 33
42 20 30
29 56 61
7 46 39
50 39 65
20 68 44
21 26 20
56 60 27
63 39 19
5 28 38
9 15 12
48 57 14
28 8 32
25 52 54
10 14 23
2 18 48
56 64 32
55 32 25
70 39 62
14 48 53
7 19 46
63 13 36
73 37 66
9 43 4
55 30 30
51 32 49
53 44 26
19 60 44
12 40 20
43 64 67
68 20 69
50 14 51
40 60 3
71 73 56
63 44 42
35 53 55
47 6 64
40 10 6
67 46 25
36 68 12
63 4 64
44 28 11
36 11 26
64 14 42
20 5 23
65 47 23
57 12 59
14 62 59
19 44 38
46 44 10
73 40 18
46 70 20
61 40 7
62 11 4
26 72 20
40 46 19
18 58 38
19 50 21
56 7 48
45 44 19
70 72 5
19 49 36
71 33 52
48 8 10
73 57 6
3 60 30
21 66 59
29 2 65
13 12 20
55 48 36
53 12 32
15 58 54
5 67 63
32 32 40
34 8 21
3 9 24
17 13 65
49 12 33
56 65 42
66 73 15
3 5 28
40 4 21
11 33 69
64 70 58
12 32 3
4 28 19
1 31 53
64 56 7
69 24 48
34 49 67
8 43 29
46 56 59
34 1 16
3 56 48
69 49 48
9 28 29
18 19 22
58 69 57
35 31 71
11 28 8
48 36 5
14 54 12
27 29 46
11 69 50
44 58 64
61 17 55
16 36 29
52 41 48
1 35 2
10 3 24
1 49 42
45 55 56
8 50 61
32 6 57
25 46 67
71 11 61
45 15 45
60 63 66
50 41 23
71 61 34
72 44 18
45 30 58
69 34 16
24 28 69
66 20 58
16 18 50
49 55 72
63 32 72
7 36 64
52 21 33
52 52 30
52 46 69
73 29 71
43 56 21
3 35 1
34 53 20
37 27 11
63 7 35
10 70 35
41 7 27
5 59 35
28 6 25
71 51 45
2 43 10
42 58 70
39 61 40
17 70 20
49 31 73
61 73 11
34 46 19
43 66 71
29 40 55
27 38 23
47 40 7
15 20 66
25 72 66
64 15 37
7 53 20
47 46 16
56 5 22
53 27 45
26 55 13
19 4 31
35 62 42
52 23 49
17 24 3
52 3 46
50 29 52
55 68 4
12 13 36
56 25 10
54 51 49
73 6 13
34 44 44
18 22 72
2 50 70
28 55 36
23 1 55
26 1 54
25 55 64
33 68 30
31 6 35
28 33 72
51 40 53
20 59 62
65 53 64
19 50 63
53 1 17
57 54 57
42 40 69
40 52 43
11 69 62
49 34 58
61 66 5
58 38 53
31 57 22
2 50 46
42 19 67
2 7 71
28 34 39
44 63 52
62 39 35
20 3 53
8 59 36
65 46 73
52 19 2
58 34 27
2 10 56
73 61 16
64 51 67
72 43 51
70 20 67
6 54 65
10 12 25
45 7 20
28 12 65
66 7 4
30 11 24
25 13 5
7 45 49
5 42 6
65 15 55
22 51 4
11 24 40
46 44 57
14 23 12
70 42 22
10 53 58
58 27 15
34 67 48
20 28 19
58 38 15
55 3 14
3 60 19
36 19 51
64 41 69
67 70 47
64 68 19
54 58 56
10 16 15
23 48 41
64 44 60
8 17 44
40 63 38
71 31 52
58 72 39
66 47 21
57 36 2
17 31 3
58 11 65
22 25 42
41 30 27
51 5 6
51 20 6
38 23 64
52 9 60
68 27 57
8 31 47
58 29 35
64 52 73
12 10 48
6 26 70
50 51 2
50 46 27
43 28 42
64 53 49
37 18 39
72 50 70
17 43 63
54 12 43
15 57 9
8 31 31
51 59 13
72 47 19
1 16 60
20 36 41
19 32 11
33 26 8
51 61 65
38 30 53
20 63 45
66 48 23
50 32 33
22 35 53
28 6 36
67 63 22
9 39 63
34 16 73
61 29 15
6 42 41
72 71 54
51 24 57
64 25 71
11 4 56
11 64 8
31 64 56
16 43 61
22 28 3
67 65 16
53 47 71
29 43 5
44 20 12
55 10 58
20 37 29
32 5 8
55 34 47
1 60 43
18 56 70
64 40 42
13 71 4
16 28 24
1 3 67
4 57 63
71 25 27
72 14 19
63 28 43
59 52 35
45 55 11
7 37 60
64 28 13
3 19 13
8 55 9
18 56 73
48 33 50
15 33 10
73 51 41
2 13 64
48 15 2
43 59 61
48 7 30
10 61 38
58 68 63
1 58 23
7 48 54
48 29 51
61 38 39
25 31 42
42 61 53
55 16 2
11 25 4
9 39 59
20 16 48
14 61 64
11 38 64
19 66 55
29 17 67
16 4 33
21 50 70
4 5 61
42 27 54
69 24 37
20 64 45
37 15 24
40 11 53
70 57 32
7 29 20
31 52 33
30 56 73
25 24 27
61 24 24
31 18 70
1 18 21
40 21 11
35 68 34
23 66 73
28 25 16
3 44 36
19 17 69
37 2 4
69 13 6
22 14 14
50 55 41
31 43 70
8 32 7
17 53 72
71 5 50
56 16 43
3 30 60
61 34 44
48 64 51
32 6 20
46 45 7
73 44 16
55 41 4
33 15 54
73 70 15
39 73 24
17 5 54
2 56 8
27 13 61
23 25 45
20 46 16
67 27 13
25 27 55
54 23 37
33 2 59
20 21 33
56 64 71
50 61 34
65 64 31
23 25 58
19 30 20
48 22 43
8 13 2
46 28 46
15 20 30
54 21 42
26 17 18
12 15 73
16 24 32
12 21 29
7 60 38
61 36 25
66 37 17
17 6 41
54 25 48
17 15 5
63 37 19
51 62 37
56 64 69
15 69 48
26 15 15
52 67 21
16 14 45
39 11 30
12 42 48
19 48 63
40 20 6
35 59 59
54 38 25
70 18 33
70 23 57
53 7 53
54 41 11
50 21 8
55 1 11
67 59 46
50 32 42
61 39 53
44 2 12
70 17 72
53 27 51
23 54 42
61 52 57
22 4 66
31 36 63
52 40 46
51 68 13
59 41 34
44 73 23
55 28 23
13 41 69
34 15 16
36 49 46
59 34 66
57 23 28
44 38 38
62 70 58
9 58 20
2 13 68
44 53 21
22 44 56
59 18 44
47 37 56
66 11 24
14 5 11
69 55 16
12 59 20
47 21 29
55 73 72
43 65 55
14 73 70
29 22 45
51 34 1
53 58 17
1 24 32
33 25 19
34 68 4
69 4 46
10 17 64
56 66 34
53 14 9
49 37 67
29 32 43
9 45 14
37 10 28
20 40 68
58 6 70
41 66 64
2 33 56
12 10 60
1 43 33
67 27 23
46 50 60
39 11 59
11 33 41
23 16 38
42 69 60
31 10 33
66 39 57
30 30 48
41 1 40
59 72 46
62 15 7
54 51 50
21 47 44
73 61 57
29 15 3
20 55 61
32 47 24
51 46 63
6 4 53
22 62 37
66 29 38
33 15 48
23 28 39
45 52 20
6 23 12
67 45 16
66 3 62
18 33 52
60 39 7
42 14 22
16 53 59
5 55 5
67 69 32
32 40 59
58 67 21
54 45 70
19 40 2
17 47 41
32 24 66
33 12 30
21 9 25
38 27 22
14 2 72
8 71 5
64 53 16
56 9 10
67 22 65
23 48 11
24 29 66
10 1 7
46 58 14
15 5 19
23 9 35
12 41 41
4 73 6
39 10 71
65 16 68
6 26 73
17 13 65
29 14 44
7 20 34
7 36 59
39 60 55
65 31 4
66 42 3
5 61 8
66 56 32
28 68 29
73 18 15
63 63 56
60 68 41
42 24 47
66 9 33
49 17 53
19 22 37
47 3 2
55 24 41
73 3 69
1 17 28
13 54 54
40 51 52
22 40 28
42 22 40
6 29 54
26 68 30
24 50 52
5 50 48
4 62 22
7 42 41
26 2 19
65 29 49
24 15 47
65 67 60
41 37 8
65 28 9
2 28 60
46 12 59
27 50 17
67 4 59
34 9 40
31 67 42
50 14 33
20 16 73
52 40 2
48 30 42
50 33 21
42 4 57
68 10 42
21 70 9
47 54 13
16 43 51
11 48 34
22 11 41
70 18 15
73 50 68
49 38 13
7 21 26
44 51 17
4 17 27
36 63 70
49 40 52
17 10 55
70 57 71
35 30 43
58 49 11
71 40 55
10 26 19
63 31 11
71 21 18
52 73 24
2 34 29
61 50 64
60 8 16
7 63 63
5 42 9
25 19 24
51 66 38
70 1 38
12 10 20
21 26 70
62 49 52
49 61 61
38 40 8
46 11 21
42 40 33
8 70 58
61 19 73
45 18 16
50 12 14
64 6 59
5 17 64
38 49 3
31 33 37
6 23 21
70 41 4
38 45 26
24 50 73
34 42 2
58 33 15
24 5 25
43 57 36
21 50 23
41 59 59
27 41 12
20 60 46
29 54 43
50 11 7
72 57 43
44 24 43
7 27 27
64 3 40
20 9 65
20 15 42
1 36 2
24 8 62
43 56 8
73 3 16
46 28 22
27 22 24
23 3 32
5 69 25
49 26 33
17 16 68
58 41 68
26 19 59
67 52 33
22 38 50
15 63 40
5 25 25
33 50 50
11 7 34
20 25 68
34 45 30
58 72 49
53 11 11
53 68 17
2 54 5
8 18 41
37 2 24
73 19 57
45 9 44
57 22 73
47 37 12
69 65 57
34 58 43
52 61 19
40 39 50
63 5 37
66 55 36
45 51 49
56 35 13
24 13 32
7 8 24
56 24 47
2 40 38
39 41 64
50 29 16
57 16 64
7 16 68
33 56 53
73 52 16
35 21 73
15 49 13
41 73 72
36 13 1
4 31 10
26 51 26
56 66 30
42 52 64
54 36 26
71 56 27
61 62 13
23 41 48
18 12 1
66 4 35
40 26 35
7 62 10
55 27 44
36 35 34
63 38 46
27 40 13
60 60 62
34 45 20
55 52 66
24 38 24
73 20 15
29 35 16
3 12 66
32 60 47
6 8 3
51 64 68
67 21 26
13 69 69
22 64 54
28 38 71
60 12 47
34 26 70
44 38 22
27 6 1
67 71 13
18 50 22
6 65 63
15 44 25
19 29 64
17 46 11
28 23 41
26 38 16
32 2 40
28 57 11
73 34 73
10 54 41
49 20 32
73 29 20
11 68 51
8 6 69
5 26 59
15 27 12
21 5 24
2 71 19
63 48 1
60 45 32
66 31 50
14 2 14
56 65 58
29 25 29
29 48 35
20 33 55
39 31 58
56 32 64
72 38 72
5 16 6
49 21 52
71 51 12
35 10 70
27 26 24
16 52 10
7 65 45
67 50 15
68 32 17
7 59 27
60 5 54
58 35 37
15 21 47
6 37 54
48 30 5
18 62 23
19 39 54
64 17 31
46 58 50
66 25 46
56 73 35
45 7 61
53 64 66
48 41 23
16 22 27
61 15 50
43 33 2
9 67 10
62 60 9
43 41 35
69 47 53
61 25 56
49 39 10
41 34 18
73 29 55
42 2 65
8 56 21
47 49 64
9 61 35
7 4 20
72 18 64
16 19 24
64 37 42
16 24 35
8 34 17
60 16 17
19 34 66
34 40 20
12 10 47
8 48 19
68 72 11
3 27 22
32 42 63
26 13 54
61 50 64
24 54 18
46 39 60
48 49 9
22 62 66
27 63 44
22 17 29
11 26 29
19 23 64
13 50 20
1 36 58
7 19 73
21 58 35
16 3 12
60 34 64
64 62 14
11 72 44
48 9 58
58 44 39
29 67 44
6 45 73
15 19 66
25 22 18
30 34 14
25 3 69
11 35 48
69 11 42
33 37 64
69 64 47
3 23 7
15 15 12
66 46 14
62 49 65
48 6 13
55 2 43
67 8 61
50 67 63
14 16 21
10 35 7
18 22 58
17 73 25
28 69 66
8 13 57
3 55 32
6 28 69
68 14 5
40 62 35
43 59 25
64 30 46
13 59 22
21 31 28
60 6 33
70 59 71
51 69 44
71 64 72
2 51 24
3 43 5
69 49 69
21 73 15
29 28 8
24 29 4
52 64 71
30 4 15
59 11 14
54 41 52
25 38 56
43 46 62
68 27 27
4 61 65
69 34 34
4 73 52
62 43 23
11 24 53
27 72 21
65 38 47
25 18 12
65 67 55
5 15 72
11 12 47
49 65 21
18 21 41
22 15 15
66 42 16
8 36 52
29 17 28
9 64 25
32 58 2
31 70 16
6 18 48
24 67 66
6 55 15
34 67 67
45 62 2
65 2 38
64 7 10
44 23 36
51 36 47
28 13 58
36 37 44
44 56 15
44 33 57
51 43 20
39 36 44
6 22 44
71 11 72
38 45 31
61 13 26
17 51 19
44 20 45
43 31 23
25 8 62
65 18 5
11 36 13
17 38 65
51 18 38
60 60 7
7 25 72
32 32 20
56 62 40
26 24 39
49 63 39
54 21 70
15 13 73
56 52 49
60 56 10
29 17 5
17 55 9
69 35 4
40 60 28
72 54 64
4 63 20
35 36 44
3 39 36
60 54 59
62 38 12
63 3 27
19 61 68
3 59 5
16 10 4
56 12 30
67 32 25
31 54 68
32 22 66
64 8 6
27 8 36
39 32 53
19 23 40
39 2 39
46 60 48
33 64 48
5 13 15
41 30 34
31 55 36
46 10 61
49 18 33
10 5 71
20 46 32
20 67 38
62 8 66
40 51 10
11 72 24
52 61 61
52 44 73
19 38 59
72 51 31
24 7 42
67 44 7
73 15 16
21 27 16
16 14 43
6 53 40
60 41 7
52 13 8
2 60 42
73 33 13
56 37 67
24 14 15
39 47 30
26 27 8
34 7 69
23 63 46
40 59 47
1 2 26
68 13 4
48 27 21
68 9 18
28 50 52
10 67 24
27 69 73
24 60 18
7 72 2
47 2 35
16 54 21
65 43 1
9 49 14
65 25 45
36 54 16
6 48 42
35 8 48
19 44 50
19 57 49
2 25 23
23 65 48
58 44 2
28 64 58
29 6 73
64 59 29
8 26 11
15 15 10
70 26 40
21 49 24
50 7 37
17 53 24
52 31 1
32 54 51
66 41 37
72 16 11
3 59 45
50 21 44
48 40 53
29 71 19
21 31 52
33 25 44
58 13 58
34 53 54
8 23 57
23 3 11
46 26 69
13 32 70
30 25 3
36 45 69
65 48 57
44 72 23
24 3 69
72 17 30
65 67 14
71 1 27
39 42 1
50 22 7
45 14 72
51 36 41
62 26 9
24 62 62
73 60 29
41 16 61
33 44 16
42 1 69
68 16 6
34 12 18
71 15 23
17 58 20
7 32 6
52 49 2
64 18 23
28 61 46
