100
10 40 13
42 37 25
35 25 29
19 15 31
32 36 32
28 5 38
30 14 18
3 33 27
5 5 10
31 37 18
44 30 13
33 30 44
39 20 27
33 27 42
18 12 42
3 28 44
30 25 1
41 34 8
21 20 32
29 34 38
7 42 4
13 13 42
17 18 42
22 19 25
6 13 38
30 17 41
18 24 1
15 6 33
1 29 38
8 26 29
41 6 33
4 32 33
15 39 40
41 13 22
11 4 6
2 43 39
36 43 35
5 42 34
8 32 7
9 7 39
41 20 5
34 5 23
9 42 44
11 13 2
40 12 29
9 27 32
23 14 10
36 38 27
42 43 18
1 40 21
3 31 24
42 4 36
31 28 9
17 27 28
32 39 40
17 41 29
9 4 16
34 7 44
16 20 37
44 23 32
27 22 12
43 5 35
32 12 18
41 2 32
6 17 43
33 32 2
31 3 30
28 30 32
17 4 6
43 31 5
19 1 19
39 10 6
13 41 26
21 34 13
14 8 16
27 9 13
19 13 41
6 29 42
6 21 31
25 39 34
23 6 13
21 11 11
4 9 9
30 39 26
20 20 36
21 29 3
3 13 43
34 9 13
37 20 25
6 6 17
36 9 2
29 41 28
29 9 3
33 7 9
16 18 21
22 7 20
4 34 13
19 22 12
8 20 33
11 28 9
