1000
65 47 7
7 48 18
5 62 16
42 58 66
18 64 66
22 63 32
22 45 55
18 41 26
61 61 46
8 7 67
67 2 46
4 33 36
26 26 10
37 49 22
52 60 5
30 10 66
22 54 3
42 22 60
34 21 66
67 63 38
10 35 67
36 61 34
15 62 62
25 34 54
58 46 28
57 56 33
53 10 44
60 10 40
61 6 47
48 28 5
45 32 48
11 25 65
16 17 44
53 33 46
60 35 40
50 34 18
61 63 33
19 31 18
41 58 18
53 27 32
12 49 42
22 34 10
12 54 45
23 44 49
56 10 42
19 2 44
64 3 34
62 37 3
4 36 63
53 43 32
30 17 25
30 46 4
37 33 56
11 33 64
60 7 5
5 15 44
20 13 32
53 41 36
19 37 17
4 46 48
20 25 33
53 43 17
55 18 6
33 17 59
67 8 35
23 1 16
21 42 23
6 42 33
18 35 18
19 54 23
46 6 18
9 39 18
46 29 65
56 2 18
6 45 34
26 29 54
57 59 52
45 41 40
27 64 67
36 20 32
16 35 37
41 7 66
57 52 55
17 62 54
55 14 19
15 3 55
23 35 59
68 6 55
29 14 17
9 31 1
31 56 45
34 62 57
32 27 30
38 61 2
8 30 65
68 42 4
59 12 37
67 40 54
58 47 48
18 27 6
41 8 18
14 56 54
33 50 18
50 4 63
8 61 62
52 40 18
23 67 67
19 15 45
45 40 23
7 68 18
64 29 25
20 19 24
38 30 53
56 30 68
49 1 26
63 42 50
3 50 31
43 47 20
24 25 47
12 33 59
8 54 66
12 40 46
13 2 55
48 15 35
17 53 63
25 25 14
31 51 37
10 64 54
60 17 33
53 56 46
38 38 63
4 25 35
60 23 7
43 3 23
5 59 43
16 56 67
42 13 46
16 27 59
68 8 49
7 46 41
46 20 66
38 16 59
35 28 19
41 45 34
53 25 14
18 34 38
19 55 51
5 23 32
3 54 15
42 52 58
35 27 9
58 16 65
9 27 64
49 3 16
52 28 38
26 18 56
68 67 3
8 66 60
62 64 66
30 34 28
65 15 61
12 12 8
62 35 12
1 37 54
65 4 29
25 54 11
18 53 4
11 53 5
65 27 62
13 34 38
26 11 22
58 65 54
42 51 3
29 7 17
61 34 40
37 49 47
47 61 8
25 61 39
36 66 11
60 55 33
30 29 62
31 2 57
15 59 35
39 34 34
27 33 39
18 20 21
4 63 3
34 50 26
59 29 44
1 27 59
29 48 40
62 41 63
42 10 54
20 36 12
39 67 45
2 29 16
31 53 30
4 14 58
66 25 54
19 20 41
45 18 30
48 30 33
47 50 24
26 29 32
21 30 50
32 61 63
54 64 60
13 38 24
38 65 38
3 5 21
46 60 12
4 2 31
48 24 27
21 38 54
23 66 40
7 16 31
6 2 45
23 22 65
19 43 28
50 52 52
50 55 42
9 8 27
27 59 2
45 63 16
50 25 7
35 62 68
46 33 25
39 53 50
24 51 31
34 49 49
56 30 64
10 57 17
3 51 48
49 53 42
5 38 14
68 60 38
39 66 67
36 26 2
17 15 51
60 1 15
22 34 57
16 39 30
53 39 21
5 54 18
58 5 1
38 51 57
16 64 34
39 56 12
7 54 20
41 6 59
40 13 29
9 1 3
27 35 56
11 18 4
2 18 55
33 63 21
26 6 61
39 40 3
1 59 53
35 30 3
24 23 46
12 23 37
36 29 62
54 15 11
14 25 10
67 18 17
60 41 40
19 18 9
60 45 35
16 25 17
56 5 45
11 5 37
16 4 42
21 36 63
2 18 61
58 38 1
57 5 62
7 26 1
50 10 34
31 21 51
48 44 24
50 20 58
47 36 53
19 56 65
21 39 51
60 55 36
34 6 48
35 27 28
51 61 68
63 5 47
49 15 27
11 29 25
4 44 25
64 13 55
15 19 20
41 38 65
50 65 40
65 14 12
68 64 13
45 13 18
37 21 1
28 34 32
63 7 48
68 31 4
23 60 60
47 16 23
33 50 66
20 35 17
15 34 37
8 37 10
66 56 24
32 11 31
1 5 5
58 64 51
27 43 1
38 36 60
29 9 2
43 7 24
33 40 61
17 34 6
37 50 28
53 26 38
13 10 29
54 5 49
19 8 45
45 22 58
57 31 60
40 65 38
58 2 39
33 14 6
28 9 68
38 36 66
4 42 67
22 44 63
18 57 12
46 31 55
56 51 55
42 36 57
1 9 25
6 7 7
61 42 17
10 56 13
56 40 11
68 39 22
68 27 23
26 62 37
44 48 37
42 53 2
28 67 58
25 36 5
47 43 34
13 27 12
15 19 47
59 12 40
56 38 21
32 55 29
21 42 28
40 32 50
1 40 58
19 65 63
45 28 29
7 67 12
11 38 41
42 53 15
6 2 6
8 29 56
52 49 26
31 64 31
7 60 40
5 42 12
22 64 12
57 20 44
65 45 29
55 66 19
38 65 24
60 54 42
54 4 48
16 27 14
31 55 66
26 45 16
41 45 18
32 18 52
4 28 56
49 67 57
5 11 32
10 58 21
17 6 20
28 19 3
28 19 47
58 35 62
49 46 59
34 36 5
57 59 28
57 47 34
22 48 31
19 12 44
11 39 62
2 64 41
68 33 62
23 31 39
47 30 30
28 60 26
62 6 59
45 41 36
63 8 17
3 38 54
9 40 22
9 50 66
40 45 68
37 58 42
57 38 32
43 3 38
29 62 7
47 36 14
58 2 37
22 4 15
12 11 24
57 6 15
33 38 29
64 46 4
33 33 66
40 36 41
51 55 64
17 16 12
52 44 54
42 45 11
55 27 33
61 29 51
15 57 67
4 45 3
59 8 60
2 60 43
4 5 17
25 35 46
55 23 34
65 41 63
46 58 25
38 23 20
21 7 8
51 14 42
16 67 52
63 26 19
3 48 9
27 60 28
5 6 56
65 46 29
49 26 11
5 40 20
61 54 48
11 8 14
57 29 63
18 43 60
1 24 53
21 40 43
21 32 15
26 35 10
10 19 24
1 19 31
29 63 40
28 29 1
47 37 31
66 57 30
50 26 65
64 37 44
53 68 23
32 56 29
20 9 60
22 60 22
34 18 44
15 55 61
60 61 54
19 25 37
35 50 48
25 9 12
50 39 60
11 12 1
15 59 11
31 45 55
57 29 62
44 56 60
67 28 24
18 36 22
68 48 56
26 17 1
41 25 41
10 45 47
51 8 28
65 4 39
1 23 51
49 28 49
23 13 23
59 52 34
9 36 29
62 23 48
38 21 53
35 26 51
35 10 4
14 52 55
9 26 39
21 38 6
1 49 22
20 31 9
6 42 23
21 62 9
43 16 63
29 29 57
44 2 17
68 50 17
49 40 1
13 39 17
48 67 65
14 66 37
31 48 37
54 43 11
44 14 21
1 21 16
10 39 6
12 64 66
51 32 30
10 17 3
65 11 16
9 34 37
52 17 1
38 38 27
52 34 53
51 42 4
58 58 7
53 34 30
21 65 42
32 9 18
11 29 21
38 16 50
68 53 51
22 25 54
43 21 37
29 59 57
49 68 56
57 3 10
17 12 6
67 9 47
54 41 23
17 44 7
23 3 16
27 47 48
41 59 54
57 47 32
12 1 28
61 45 65
53 59 3
49 63 57
41 34 37
39 56 55
47 55 21
3 18 3
51 46 53
59 67 35
39 43 8
59 43 9
35 30 53
3 12 21
19 31 62
67 9 41
31 4 37
55 42 36
20 52 53
19 10 23
35 60 13
43 42 42
48 42 62
2 65 27
38 58 33
56 31 51
63 51 7
28 8 68
46 27 16
20 65 53
21 7 60
27 65 5
32 31 23
43 14 38
8 33 64
46 14 19
28 5 28
4 53 44
63 27 41
12 28 4
63 32 32
57 6 64
51 10 33
36 21 39
14 65 66
63 16 1
59 50 57
29 24 30
58 61 62
39 49 25
4 54 31
15 1 26
58 46 8
21 26 59
50 53 51
55 54 44
37 20 33
27 8 34
61 6 11
15 44 59
11 6 26
9 11 59
23 50 54
28 26 46
54 35 13
64 27 23
6 43 66
56 34 40
19 21 31
28 58 5
16 67 53
66 37 56
48 14 17
60 11 53
41 60 8
27 21 53
41 8 45
10 39 12
32 65 16
7 29 53
2 9 51
17 49 12
56 58 42
6 19 28
56 18 34
22 17 54
9 44 23
2 16 40
50 59 14
3 4 10
64 64 24
41 39 22
48 15 28
43 25 63
25 20 42
26 13 1
22 12 41
5 58 55
8 39 43
53 38 60
14 11 38
7 1 22
46 16 18
33 39 45
36 65 9
37 26 28
25 37 64
45 63 9
24 24 15
32 23 31
11 43 21
8 33 53
4 58 40
56 1 30
46 35 40
52 61 61
22 16 13
41 18 13
43 59 34
26 31 34
37 33 33
62 2 56
67 20 56
16 58 5
2 67 58
38 54 32
40 14 60
18 9 8
58 37 21
28 26 26
2 15 63
50 9 57
49 22 46
20 10 5
4 3 57
15 1 45
42 53 30
31 37 8
39 32 25
35 1 45
1 3 8
56 61 28
40 30 61
2 26 24
38 50 30
35 25 49
19 60 42
9 50 54
48 15 35
48 6 38
4 49 50
44 51 55
27 8 19
52 66 67
35 17 64
15 35 23
12 48 16
53 59 2
48 8 22
26 51 3
66 31 49
34 16 57
55 15 42
9 43 45
35 66 34
18 30 13
44 33 9
53 58 10
16 19 22
16 37 40
21 37 57
59 50 41
21 66 21
17 20 54
3 43 21
28 8 22
25 21 61
13 28 24
10 22 6
26 16 29
64 18 13
40 11 4
18 7 8
8 18 56
10 23 28
14 52 37
67 24 35
68 16 12
3 61 47
15 59 13
4 16 62
48 12 11
46 15 15
22 43 38
62 53 63
64 7 26
22 12 62
40 6 16
17 33 13
52 25 64
53 54 18
8 62 30
31 42 3
18 67 41
36 8 58
1 6 31
64 23 47
47 20 60
59 63 68
3 15 59
14 20 56
18 32 39
64 47 7
29 44 46
63 9 29
24 52 19
45 22 22
19 63 14
39 45 25
44 1 55
20 10 14
14 35 51
32 33 24
38 4 42
46 62 19
18 67 68
52 31 10
9 16 8
27 59 37
31 8 18
4 1 28
22 30 31
30 39 27
30 3 41
47 20 3
50 36 67
37 27 44
44 40 50
41 12 54
17 18 68
62 21 28
36 14 61
18 2 29
5 10 37
21 17 60
31 3 42
56 60 16
14 30 4
17 6 13
6 17 29
23 62 60
11 50 36
11 7 18
2 14 11
23 18 47
45 22 52
4 10 64
54 52 32
48 46 63
44 68 16
15 29 22
19 61 38
3 11 39
34 24 29
51 14 29
31 16 32
38 29 24
42 28 58
39 27 36
26 40 56
40 37 25
61 63 52
48 15 43
42 42 14
4 42 51
18 49 40
51 12 38
59 13 27
56 52 51
43 65 9
35 60 57
38 26 51
52 28 19
68 51 30
19 12 15
58 60 2
30 5 29
43 53 58
39 62 50
59 40 65
17 15 61
49 54 11
5 67 54
52 21 16
13 47 32
50 63 16
11 10 12
65 66 48
46 56 21
50 57 16
63 3 52
55 13 39
12 55 57
33 52 43
8 8 26
31 36 49
61 59 34
8 14 26
67 49 35
37 44 4
2 52 33
8 65 11
68 30 51
48 52 14
56 18 27
63 45 9
38 2 68
58 13 3
29 39 25
10 49 19
58 45 19
39 20 19
17 11 21
60 18 62
26 61 51
37 59 50
17 67 31
59 14 36
44 29 29
37 46 46
67 57 14
12 27 26
14 50 13
51 5 41
19 65 28
41 41 66
27 29 28
2 21 25
14 41 21
22 2 18
10 46 67
59 12 60
20 59 32
2 25 48
50 18 42
63 50 35
42 66 50
44 54 49
29 35 45
63 12 28
21 14 34
48 17 54
8 29 46
37 57 57
22 58 23
33 34 35
29 50 52
25 44 22
49 26 2
14 24 39
65 40 13
5 12 1
38 44 36
60 61 61
50 46 48
65 38 58
54 39 35
20 50 68
64 27 15
43 48 44
66 30 15
63 55 40
2 66 9
58 25 33
31 46 41
1 56 3
49 13 17
8 40 24
59 13 65
58 60 7
62 24 47
6 2 45
47 5 4
10 7 65
5 56 3
53 30 65
35 8 51
30 3 60
48 25 51
24 41 39
30 17 47
35 9 3
21 21 16
15 35 31
60 18 42
45 13 52
31 49 61
65 23 52
2 58 52
37 66 62
40 29 4
28 29 6
56 30 5
61 30 59
23 60 20
54 16 44
22 28 53
18 31 50
13 14 23
58 33 2
16 45 58
13 15 11
28 6 60
62 64 67
56 6 28
50 34 42
38 58 27
50 62 65
16 64 23
25 49 16
41 29 28
56 63 61
25 17 54
29 29 49
18 49 61
21 34 55
68 54 24
11 39 3
13 38 38
25 41 44
17 9 45
40 44 44
5 2 56
34 58 63
65 5 45
7 44 43
7 20 60
63 41 17
10 59 67
14 14 32
6 18 47
46 65 30
30 1 37
50 23 58
36 31 55
67 24 9
20 16 13
44 56 44
39 27 19
22 6 4
24 42 16
7 57 27
4 24 56
18 2 9
