100
30 6 43
41 21 44
12 7 45
24 22 38
39 8 48
5 9 24
13 34 8
32 50 39
26 4 47
35 42 5
33 26 34
36 32 13
20 39 39
45 37 28
4 18 15
41 36 36
30 44 16
20 22 50
35 30 11
9 36 17
39 2 29
17 50 5
11 16 2
13 35 35
30 41 3
21 15 47
2 15 39
10 3 8
33 46 21
9 25 31
11 16 35
23 9 11
17 47 30
2 35 17
45 16 4
27 30 36
46 5 19
37 39 47
26 50 23
15 47 11
31 16 48
26 29 44
19 2 43
21 41 33
26 36 37
28 22 39
36 37 33
4 10 5
25 31 4
16 20 17
21 29 24
44 12 10
24 46 33
32 36 23
27 6 9
36 12 12
29 29 42
19 21 6
45 35 48
12 34 44
17 34 20
7 39 8
27 4 50
14 47 30
48 2 21
38 28 15
3 11 17
35 33 32
19 6 31
24 40 31
29 22 6
25 21 31
18 21 30
5 18 47
3 48 28
3 13 13
3 27 29
44 18 14
25 39 38
50 38 17
4 28 31
37 14 47
6 15 4
24 40 18
8 26 10
28 30 41
2 1 10
41 15 2
8 1 46
25 44 44
5 49 35
47 42 16
5 28 11
44 47 42
49 8 28
48 34 2
44 18 30
20 42 50
14 47 32
30 36 22
