1000
40 36 52
51 32 29
25 38 37
46 41 29
15 23 20
32 4 18
31 31 50
45 27 31
35 19 34
31 18 12
9 23 36
48 4 40
35 55 12
8 20 20
29 39 14
8 39 34
52 15 35
22 39 50
49 48 4
51 38 1
8 26 35
33 31 9
28 14 51
45 19 8
29 48 51
5 1 7
9 55 28
1 13 41
1 15 9
39 39 42
37 38 3
46 31 40
5 26 49
18 19 42
27 49 7
53 44 35
44 37 26
48 30 5
16 1 27
45 40 31
1 42 5
6 49 43
27 19 52
22 27 10
27 41 3
32 31 35
38 49 23
18 48 16
4 31 16
3 44 9
54 28 10
39 7 33
19 21 20
12 6 13
32 34 2
12 9 41
51 31 3
41 23 35
8 47 1
42 22 37
42 47 46
23 7 45
15 32 38
42 34 48
17 51 16
13 30 44
19 39 3
44 6 5
41 7 46
10 17 47
54 6 26
23 20 19
45 20 24
25 30 16
48 3 37
32 39 8
41 39 23
9 40 18
30 31 40
41 10 27
3 26 14
8 12 16
32 24 43
13 11 23
41 14 16
33 44 27
12 9 43
54 14 37
10 50 8
22 18 35
43 3 41
28 35 40
40 54 54
20 22 18
4 14 12
43 46 8
55 49 10
40 10 55
41 18 38
19 33 40
33 14 29
30 19 54
15 2 2
37 23 2
26 15 46
41 25 21
8 20 3
54 48 24
14 11 52
44 18 53
30 29 30
29 5 50
49 27 45
45 54 46
48 8 22
52 45 51
22 24 11
27 12 31
36 45 21
30 31 15
27 12 16
49 36 6
2 49 36
13 39 11
42 51 4
50 26 33
51 32 27
9 31 44
22 19 38
36 7 33
44 3 45
25 8 28
44 23 11
17 24 48
7 30 20
27 54 25
6 24 51
2 37 4
20 13 55
2 29 11
37 38 50
46 8 9
9 12 50
41 43 35
33 33 29
5 40 8
16 32 4
27 23 10
19 34 11
25 6 10
29 33 40
18 34 17
8 40 48
53 48 15
11 43 32
38 36 50
1 11 3
40 34 22
55 12 52
35 21 34
11 46 46
21 16 46
40 44 15
23 50 22
51 46 29
31 25 14
52 18 50
22 39 33
18 25 9
32 45 11
29 28 30
10 52 29
48 40 10
36 22 16
11 21 6
12 26 50
8 48 48
46 2 26
16 29 14
49 23 14
37 14 49
8 14 20
54 36 11
42 42 5
50 3 32
52 7 47
34 53 44
39 27 27
8 54 3
31 37 51
42 14 25
10 33 43
50 46 43
53 50 31
2 52 22
9 12 21
35 22 46
19 17 20
3 32 36
37 14 36
25 15 17
31 45 13
11 54 13
5 47 12
9 30 6
7 55 15
34 11 53
18 45 35
45 38 28
15 29 14
36 1 49
39 29 18
1 21 29
24 3 8
49 55 36
53 25 38
36 52 37
21 32 28
39 8 2
4 41 43
52 49 54
42 24 45
10 19 23
46 25 26
21 40 31
20 54 48
34 25 13
49 3 29
31 22 4
45 37 33
6 3 24
2 41 15
48 35 28
55 55 44
5 21 50
34 33 35
1 23 8
38 15 28
51 21 43
2 40 35
23 51 49
33 43 8
50 14 54
14 13 19
34 24 10
32 45 22
19 6 51
4 22 17
1 52 24
53 44 29
8 3 36
20 19 39
51 47 15
9 36 17
50 52 41
9 18 44
12 50 35
11 32 15
10 33 11
6 49 11
51 32 17
11 5 47
2 17 12
29 2 25
13 8 35
53 14 11
8 2 14
23 31 21
12 20 13
20 55 2
12 51 30
47 10 6
39 17 50
6 49 13
8 9 35
33 7 39
24 53 40
1 40 1
49 49 17
6 8 48
47 34 40
32 27 44
7 11 48
45 27 39
28 8 11
7 13 35
51 6 13
45 26 47
41 37 38
17 47 18
24 7 11
32 20 31
16 55 38
30 5 50
31 42 10
31 52 38
10 40 16
7 55 6
14 42 9
6 1 26
43 24 13
37 47 43
20 2 55
42 20 43
45 40 17
36 53 30
18 52 47
50 31 16
29 42 45
28 28 17
33 41 29
26 26 43
23 13 28
23 14 13
33 54 40
43 18 42
17 15 51
29 17 19
46 1 49
51 47 24
30 52 48
25 22 4
10 31 14
25 49 8
33 34 33
5 33 21
54 29 29
55 38 38
46 36 22
30 22 15
55 24 15
25 43 34
40 21 8
1 16 4
40 36 19
33 3 25
16 32 49
15 38 11
53 10 25
4 25 22
50 14 51
32 38 41
44 25 50
24 46 15
55 4 36
5 33 47
22 26 33
4 27 49
1 36 31
29 26 45
7 22 14
12 31 33
8 46 5
26 7 5
54 28 1
36 16 6
27 9 19
16 25 12
15 52 20
48 4 10
38 17 27
43 6 10
40 44 9
44 1 7
21 43 54
29 7 24
16 8 36
36 40 38
35 8 25
21 26 3
31 35 22
28 2 33
50 27 12
2 25 21
19 15 26
31 12 41
37 23 10
7 48 43
1 21 46
19 1 35
27 45 13
6 47 40
32 2 33
45 46 21
52 13 50
15 36 35
39 49 46
45 50 9
7 37 6
18 53 18
10 33 2
25 29 6
40 21 32
46 24 32
23 39 26
48 36 45
32 25 14
4 1 9
55 18 10
23 3 52
13 42 34
16 50 23
8 36 42
22 5 42
28 23 12
1 5 10
6 10 32
20 25 36
20 50 19
44 42 45
54 26 13
46 15 32
40 53 21
16 36 16
38 38 33
42 11 55
30 49 20
29 5 12
29 18 49
4 49 36
55 9 21
35 24 32
48 11 10
40 54 51
17 39 52
8 7 12
25 4 44
7 30 24
6 16 29
7 3 22
13 30 47
9 3 52
41 22 41
17 54 30
29 17 37
37 38 49
44 46 18
42 52 3
36 3 37
24 17 33
45 10 3
2 36 30
19 20 24
29 11 32
32 4 45
49 37 5
23 42 49
33 10 4
5 25 30
34 47 47
2 38 28
55 43 13
33 22 47
31 25 34
48 9 15
3 22 34
21 26 13
37 8 16
9 48 26
43 43 46
19 16 12
43 21 15
36 2 34
31 23 49
1 27 8
2 48 23
43 54 54
38 11 39
33 17 51
14 15 45
17 14 1
9 53 46
44 31 46
41 7 45
21 17 38
55 42 45
40 7 35
10 7 55
15 36 38
25 36 10
28 13 41
30 39 30
53 10 33
41 12 20
35 14 55
39 4 32
16 48 39
9 48 32
11 27 26
19 45 37
21 18 34
45 3 44
9 48 38
11 43 5
17 30 52
30 27 30
52 39 2
7 3 47
8 21 26
49 49 29
36 35 41
5 55 5
15 33 50
44 33 25
10 45 25
26 8 26
49 12 12
18 51 49
33 28 7
13 47 25
14 32 40
40 10 37
10 16 38
13 15 49
50 37 8
34 30 51
47 7 4
37 29 48
36 54 55
24 4 50
55 10 42
28 18 21
42 11 37
45 44 14
30 12 13
12 42 8
25 2 31
17 17 25
11 39 53
5 30 3
17 50 40
14 48 21
18 32 29
5 10 20
28 14 23
1 10 45
23 26 3
39 48 49
39 50 53
13 33 31
14 39 14
53 10 17
33 43 5
8 9 5
35 45 27
1 27 53
51 30 21
6 27 27
41 44 40
38 53 24
15 13 21
54 22 26
6 27 5
4 46 46
34 4 45
11 54 36
12 40 23
50 48 41
18 10 15
38 25 23
47 14 54
17 44 8
55 46 20
18 50 32
24 4 9
44 7 25
26 23 45
4 29 47
11 47 44
52 29 42
55 10 7
32 11 5
51 12 10
14 21 40
21 31 31
7 49 16
21 24 51
38 40 14
20 29 24
40 42 10
22 26 16
27 37 3
46 46 50
33 32 11
24 34 22
1 41 28
14 10 26
45 32 9
32 15 27
20 53 53
26 50 1
38 11 35
51 2 44
27 48 47
52 39 9
33 53 48
31 45 8
39 39 12
31 34 6
37 23 30
37 14 24
42 7 44
41 50 41
11 44 24
48 33 17
14 2 14
30 5 14
26 8 23
48 9 27
7 47 6
14 39 48
47 48 15
32 46 9
25 2 39
38 54 5
44 1 20
1 29 16
38 29 26
50 36 13
16 43 3
31 10 12
18 9 7
51 12 14
5 48 6
9 42 16
16 47 6
24 9 23
3 13 42
49 8 14
29 26 18
32 2 36
50 48 27
41 14 28
53 8 42
2 28 18
33 15 38
40 54 24
34 24 28
15 2 27
42 26 4
52 19 14
50 37 39
19 13 29
19 39 40
14 9 20
1 23 5
12 46 14
14 33 34
53 19 46
37 16 10
51 52 25
29 43 18
43 36 50
7 19 43
48 32 14
6 55 25
13 37 38
36 40 33
30 23 15
19 2 16
29 46 22
48 8 45
53 46 31
43 21 14
9 6 31
1 29 10
2 48 48
39 41 1
49 15 7
29 15 51
29 39 16
21 11 17
32 1 46
49 31 32
45 23 43
12 18 40
26 50 40
25 41 13
2 39 12
27 46 46
3 31 54
5 51 29
41 34 2
49 24 4
43 45 52
2 40 14
6 6 16
46 30 11
21 26 29
55 22 49
43 37 37
34 4 52
31 38 45
32 32 41
25 1 1
50 38 7
44 27 37
41 29 21
5 2 36
34 3 32
11 11 47
53 12 5
46 33 38
5 46 51
22 7 23
7 54 8
39 21 25
15 23 9
7 52 3
32 20 46
47 25 41
42 14 51
41 37 4
2 38 32
14 15 40
52 5 52
17 42 17
29 20 37
18 40 3
55 37 54
20 26 21
36 36 23
1 1 7
48 15 37
49 53 18
20 15 45
43 35 28
19 10 35
18 46 38
54 1 35
8 8 16
6 29 29
6 10 38
2 37 38
6 17 45
55 3 36
7 50 6
27 35 8
33 17 31
1 45 4
27 21 32
36 21 5
41 14 43
14 22 5
34 34 16
38 10 30
8 8 46
12 8 3
3 21 53
23 45 22
2 8 19
52 20 12
43 29 20
15 13 41
53 2 27
18 41 50
27 34 22
9 9 15
35 35 44
32 44 4
55 34 1
53 53 27
38 55 6
10 23 49
43 4 43
20 16 14
41 43 44
48 44 25
11 6 33
22 13 15
13 55 39
50 11 50
10 54 12
32 5 53
11 36 42
42 11 24
20 51 8
51 38 40
37 17 53
53 43 47
46 13 18
55 17 43
53 16 44
20 32 38
6 11 54
42 28 19
13 26 42
33 3 5
40 9 32
51 3 17
42 4 51
32 2 55
25 37 24
23 36 21
6 8 31
38 39 29
45 22 55
54 31 42
49 19 38
43 3 31
18 39 15
38 16 45
51 31 20
9 42 55
42 4 3
12 35 53
34 33 13
42 12 18
37 24 29
35 7 17
31 22 2
49 8 36
42 27 21
25 11 42
23 51 24
45 30 29
22 13 45
34 47 14
39 41 30
50 46 9
50 55 31
10 22 20
10 35 12
23 18 52
52 43 32
18 44 16
38 6 55
13 41 46
9 47 8
16 27 9
1 17 6
52 2 52
16 21 47
21 55 44
53 11 6
12 38 28
11 22 21
46 26 8
25 54 41
33 52 12
48 20 23
53 17 34
12 18 21
38 8 30
42 33 23
1 37 42
15 28 48
22 4 55
4 44 30
26 41 39
32 49 20
28 14 34
29 12 39
4 5 5
39 51 22
44 16 19
53 18 45
16 40 16
31 16 12
45 23 18
14 50 8
4 30 13
46 32 20
15 12 46
52 27 35
38 40 11
52 43 20
9 23 44
10 17 51
7 29 22
49 53 10
53 24 51
1 2 50
10 3 12
11 20 14
35 33 52
36 4 20
9 48 25
54 41 51
32 30 3
7 16 12
36 6 19
52 51 22
23 45 12
23 36 2
39 40 32
32 48 43
16 14 1
1 46 6
17 33 38
22 51 6
45 1 33
2 5 12
24 16 9
49 35 37
47 5 31
46 2 16
47 27 54
25 4 9
45 25 17
36 46 48
10 5 14
18 4 14
48 14 32
23 49 41
30 1 34
34 34 49
3 3 2
8 11 15
27 51 19
14 36 46
3 55 53
16 45 2
36 36 47
44 16 22
30 27 5
5 32 10
47 17 1
3 50 15
6 55 47
6 39 37
29 36 51
16 19 55
49 44 19
42 18 15
17 30 7
14 14 45
3 42 53
20 25 42
43 22 1
1 1 34
22 19 22
23 15 35
6 39 35
12 19 47
27 12 44
33 34 7
2 27 25
27 15 47
39 27 9
47 31 44
24 26 22
28 13 3
20 3 21
49 55 14
53 22 19
43 21 32
50 35 39
1 55 24
16 7 10
27 46 47
52 54 4
21 42 23
21 26 31
25 14 17
5 50 49
43 51 45
16 5 12
4 47 20
4 54 52
1 16 36
15 16 29
10 31 31
47 10 10
11 22 5
39 6 7
5 27 7
11 8 13
26 44 53
50 29 10
15 10 5
38 21 49
6 29 11
19 16 7
35 48 51
16 15 48
7 24 46
37 34 51
29 55 48
45 7 30
51 18 43
52 13 46
10 43 37
22 14 50
4 20 42
29 44 21
37 53 17
18 8 33
48 1 21
44 3 25
53 14 44
6 31 12
48 5 42
21 33 53
48 8 32
49 52 30
49 41 35
7 39 49
26 4 37
28 7 39
