10000
16 1 66
21 8 94
35 3 61
5 83 90
12 82 55
16 43 34
38 19 70
90 23 90
45 73 97
57 10 26
61 97 87
84 90 66
51 59 90
64 32 80
80 77 11
78 99 32
98 6 46
53 55 6
73 45 18
35 90 46
89 61 68
94 98 69
98 32 13
5 67 8
99 96 39
39 33 73
51 15 90
68 90 68
59 76 96
9 18 97
37 46 60
94 91 64
57 58 48
45 22 72
75 48 48
92 50 9
89 72 39
36 92 47
94 20 91
56 62 25
45 79 36
88 41 87
17 9 6
72 16 77
67 98 33
61 57 98
52 21 63
2 88 91
94 42 11
43 70 94
59 71 41
77 16 27
44 72 16
74 55 40
21 72 16
62 27 84
78 5 7
4 65 50
86 62 59
99 30 24
55 96 36
86 81 8
10 18 31
33 31 81
34 82 78
23 49 68
53 9 29
93 69 9
92 60 3
24 82 12
27 26 54
74 94 56
45 11 3
22 3 8
60 65 52
96 86 46
6 51 24
86 92 13
25 77 31
86 24 55
23 80 1
54 52 92
3 24 39
70 63 18
82 5 58
57 63 81
29 67 78
17 71 99
96 84 82
65 15 92
26 22 17
26 97 39
66 87 15
37 66 96
99 22 11
96 44 38
75 79 57
51 2 75
76 91 27
90 42 64
12 83 85
91 55 9
73 91 16
41 28 30
14 96 5
33 66 54
77 94 45
63 68 13
56 34 96
25 17 70
13 37 50
51 61 11
75 85 36
97 33 13
24 12 59
72 75 27
4 90 46
39 16 95
36 34 75
25 80 31
94 66 74
13 5 3
80 21 54
39 58 23
69 55 35
47 9 4
87 94 38
4 88 82
83 2 5
91 20 45
82 60 13
32 19 90
51 79 75
47 99 71
20 6 33
66 77 76
69 14 14
36 31 88
66 39 70
94 79 1
12 78 10
21 97 53
23 31 31
14 93 39
95 29 33
40 66 35
70 53 47
42 84 3
28 75 27
27 38 7
42 98 12
27 8 81
99 47 24
34 14 50
74 85 15
52 30 38
30 75 97
44 17 63
96 44 47
80 86 5
89 19 85
76 96 14
92 12 11
81 49 34
33 74 39
13 5 90
34 58 66
42 29 71
26 53 4
30 90 88
51 55 32
99 58 34
72 28 38
22 32 7
35 50 11
3 6 59
99 67 9
64 35 59
91 39 58
35 89 15
63 84 20
5 7 71
71 24 78
4 32 74
90 57 8
23 24 39
6 63 5
66 53 74
46 53 95
26 44 63
59 93 10
18 41 41
48 71 60
50 33 46
14 83 28
55 81 57
32 13 89
44 63 95
22 67 34
79 99 98
45 49 44
45 9 23
56 91 30
58 26 30
10 61 64
49 82 5
21 63 44
78 13 61
27 14 37
9 84 19
61 5 20
84 65 16
97 42 5
66 91 30
72 11 90
37 58 14
57 27 73
48 19 62
28 44 46
14 1 41
40 67 84
58 96 80
18 28 44
14 34 94
98 21 6
73 31 88
40 47 10
98 48 74
83 73 89
82 30 21
8 82 30
34 20 97
1 4 16
33 63 40
25 81 28
97 92 50
57 91 54
48 76 58
98 16 54
67 59 21
23 59 2
22 56 81
43 26 2
35 25 35
21 65 66
21 79 89
18 23 98
54 33 12
75 64 41
27 83 12
95 90 36
97 92 74
53 85 55
48 75 57
86 95 97
37 56 2
42 13 80
45 49 79
30 89 91
10 64 61
94 34 44
49 95 12
60 53 24
9 77 68
68 5 44
63 8 97
59 7 97
7 70 18
95 33 70
4 62 93
50 17 39
82 89 94
58 11 77
75 20 1
87 25 97
96 96 42
60 63 50
27 40 95
37 83 63
71 13 42
32 64 25
11 25 63
58 12 86
71 13 81
44 17 59
64 73 92
8 16 25
86 10 73
4 51 79
74 79 78
77 29 89
89 73 68
38 23 49
72 20 53
66 9 93
17 59 51
60 5 37
53 40 96
51 37 9
61 2 91
70 69 83
96 70 2
91 76 7
26 25 82
52 81 51
44 10 32
9 14 38
32 82 30
31 4 95
86 35 71
71 41 98
62 99 77
5 22 23
27 38 84
41 57 27
53 45 47
85 39 28
40 74 60
10 66 88
54 3 27
75 90 58
25 50 33
72 58 58
79 76 62
21 78 57
69 64 49
28 48 62
21 22 68
79 77 35
90 30 24
38 27 52
68 60 41
20 53 37
56 12 74
32 23 93
20 24 6
82 29 26
68 9 15
12 43 24
47 25 16
37 18 7
75 70 84
69 17 65
46 57 34
76 59 12
67 42 19
30 99 53
25 24 98
34 80 9
89 79 10
90 42 73
63 30 80
3 51 35
95 24 46
81 26 45
29 31 85
5 42 34
85 73 58
64 55 3
60 89 68
87 12 44
82 52 95
58 57 20
52 51 27
88 15 8
85 20 79
39 27 18
74 52 41
32 3 55
11 86 26
11 72 82
86 69 82
56 96 36
86 39 95
38 32 78
68 83 57
77 6 11
16 10 1
8 99 68
88 39 69
69 36 57
56 83 94
86 85 90
24 22 83
20 25 33
94 2 19
20 26 47
7 85 29
91 66 29
5 81 16
16 47 18
34 74 54
99 19 21
65 21 22
86 49 9
75 16 57
34 30 8
79 34 60
22 68 90
38 47 95
37 38 79
46 39 96
75 16 99
59 98 19
96 94 56
87 61 56
32 93 45
8 65 46
17 66 23
49 1 26
32 70 65
57 81 66
18 57 45
6 65 49
63 21 83
29 8 5
21 59 84
9 87 92
90 5 97
68 24 98
51 78 78
50 91 85
55 88 56
40 7 35
45 3 66
7 46 34
15 88 34
82 88 55
87 45 50
84 67 60
75 57 98
71 63 71
16 17 35
70 40 8
69 99 42
9 28 78
6 16 83
51 16 51
89 67 36
62 98 99
68 77 58
33 66 59
45 74 17
47 58 28
69 35 63
70 39 9
65 97 55
17 78 80
20 34 56
92 67 92
33 14 33
11 49 25
93 77 40
12 45 11
77 14 4
80 80 44
96 37 73
44 93 79
95 91 99
24 46 2
85 53 30
17 37 37
22 21 50
41 25 35
24 99 81
20 99 10
38 10 46
42 64 93
43 54 40
34 93 63
2 34 41
95 38 48
49 2 17
98 90 55
67 30 46
57 97 55
40 50 93
94 37 71
68 76 18
71 7 82
18 83 34
28 6 99
51 65 62
42 56 56
83 39 62
15 23 67
45 82 18
6 24 71
31 57 86
20 20 1
68 49 59
69 85 92
51 17 48
75 11 42
81 81 71
2 26 17
81 58 56
74 37 78
28 22 73
2 12 4
43 72 43
68 68 80
21 10 99
29 13 73
57 16 59
25 96 46
76 3 45
30 26 14
5 70 72
97 91 51
85 21 86
53 94 88
49 66 28
10 42 47
72 16 44
21 38 94
74 98 79
23 43 72
49 95 12
74 13 27
32 59 54
50 43 97
30 55 31
5 23 1
81 37 90
11 78 97
86 96 60
29 6 41
24 94 61
91 58 68
28 64 27
41 14 37
17 65 98
63 63 8
52 65 34
69 47 93
95 96 70
65 82 29
10 23 49
18 88 12
60 54 11
87 63 9
28 74 84
48 75 11
63 92 99
39 64 26
3 5 73
20 60 39
29 72 58
44 28 81
30 18 60
27 80 36
29 95 46
90 54 33
91 88 45
63 56 94
30 51 63
91 57 20
87 77 63
93 64 28
37 66 78
52 68 27
72 68 13
17 27 35
4 29 41
53 59 15
62 92 58
34 89 20
3 9 17
21 85 74
98 99 2
1 27 40
88 97 99
82 7 41
22 54 72
31 88 91
82 17 20
25 73 2
55 95 98
1 92 20
62 12 22
74 55 88
73 43 5
99 4 67
1 64 82
45 84 33
61 63 84
55 60 29
13 47 9
42 85 26
15 9 19
92 13 24
60 40 87
68 61 26
19 5 17
21 25 69
50 88 88
55 70 40
86 91 88
4 92 57
25 69 93
3 92 75
5 20 59
13 67 5
86 69 75
13 99 2
69 8 3
42 45 94
81 96 21
19 98 44
34 70 46
91 29 90
52 41 99
86 87 7
15 17 97
16 81 24
53 99 88
94 49 34
21 48 77
97 89 53
72 49 94
58 26 52
49 69 69
60 70 22
17 34 37
93 19 14
38 16 77
13 36 75
26 86 98
72 98 8
30 79 73
75 14 29
41 66 10
7 22 78
2 53 83
52 24 50
94 6 54
49 10 96
23 33 70
93 83 52
66 6 82
84 31 77
42 75 84
78 30 99
5 60 37
73 33 36
99 64 76
60 97 67
64 50 39
49 30 87
75 32 82
93 62 33
57 85 63
7 41 22
19 97 48
39 8 82
44 42 61
41 90 88
16 35 88
82 53 95
4 57 60
77 76 61
24 7 75
59 79 78
52 17 59
48 99 22
44 58 42
61 83 29
36 22 84
20 62 40
53 49 50
26 69 92
51 33 76
47 65 88
15 90 83
86 33 62
47 26 8
85 58 84
60 3 22
73 92 7
99 33 29
42 40 69
88 43 91
31 77 74
62 1 37
13 4 76
77 20 18
96 42 80
46 26 32
41 98 63
86 88 58
50 86 80
26 32 10
29 2 47
34 78 52
39 56 32
57 42 84
37 98 21
27 5 1
17 66 67
62 71 74
73 28 40
34 94 7
45 47 23
92 9 73
99 64 87
14 48 93
19 19 44
50 23 73
24 59 38
48 37 63
89 26 40
65 79 10
96 11 34
12 85 39
5 53 39
78 60 4
18 76 16
77 36 48
53 23 87
97 33 68
17 29 65
39 12 32
56 12 85
31 48 15
16 52 65
76 14 56
39 42 48
15 26 38
16 41 60
32 59 63
34 20 26
41 27 59
80 72 51
74 65 90
70 96 25
82 6 28
44 2 90
64 48 74
13 3 90
21 32 50
87 25 25
59 46 80
19 37 25
85 72 93
31 19 34
49 28 15
10 88 49
42 94 26
42 57 67
77 40 31
12 80 25
38 48 47
72 9 45
53 65 77
84 70 16
78 99 13
6 84 95
72 19 7
24 70 99
19 89 57
45 27 23
62 4 97
53 78 46
53 96 90
96 46 2
66 45 63
8 17 38
60 42 18
21 73 42
53 85 50
81 63 87
28 67 97
46 94 61
37 63 60
57 22 37
68 11 57
6 11 82
77 31 96
78 14 45
91 3 93
62 3 77
94 9 80
14 5 42
23 16 61
89 70 2
8 40 4
53 16 25
75 18 39
41 24 53
70 88 57
23 34 49
92 61 96
81 88 36
5 56 45
30 28 15
25 9 6
76 55 79
10 13 34
94 84 7
2 21 25
23 78 40
27 91 69
38 6 37
85 25 44
61 9 12
89 13 22
97 84 86
79 12 72
23 9 68
99 80 17
45 4 37
69 23 11
49 93 86
3 60 27
52 24 84
68 83 72
74 73 74
9 60 85
98 12 8
71 59 41
80 11 5
55 32 41
22 57 56
18 50 84
19 87 35
89 51 4
66 2 53
45 74 72
44 97 33
35 38 59
89 38 3
7 93 48
60 44 14
44 84 16
8 67 9
29 73 39
11 67 91
78 75 94
89 52 35
69 98 66
58 84 81
88 45 41
38 40 57
7 53 33
4 42 9
51 37 43
13 6 35
84 91 56
99 48 99
87 65 76
8 39 9
80 7 80
42 36 82
14 71 3
34 44 2
67 62 40
23 57 35
98 69 91
6 13 7
2 2 50
90 82 75
23 7 71
53 48 35
72 82 22
21 88 72
52 68 66
72 51 69
89 67 72
1 33 25
52 29 35
89 9 64
97 47 71
16 3 84
81 81 81
7 12 28
34 4 20
74 47 75
8 87 28
49 37 23
41 8 63
78 35 19
9 33 74
91 62 95
86 68 44
92 53 64
74 50 37
25 9 19
17 25 74
39 21 38
32 7 86
49 64 53
80 57 41
18 42 11
14 59 42
46 21 45
89 42 20
84 8 69
23 24 76
14 1 20
35 51 86
20 45 90
23 44 87
95 12 67
74 16 93
41 72 95
62 84 90
8 20 40
21 36 98
89 66 86
60 92 59
61 32 35
83 1 81
38 99 35
55 58 71
53 63 78
45 74 17
4 49 85
54 92 80
69 26 94
18 62 85
57 71 87
51 34 23
6 57 7
92 92 16
30 3 6
32 35 33
24 39 8
56 28 32
38 68 43
7 62 79
33 55 40
52 38 27
59 98 53
85 26 61
31 37 63
5 83 81
83 95 1
50 2 98
54 82 63
24 62 7
42 59 44
99 88 62
76 54 63
90 81 80
2 90 21
62 89 66
3 6 36
96 47 27
68 64 5
51 46 7
41 30 27
74 28 36
77 52 87
5 87 51
41 76 28
95 35 85
96 59 83
15 12 82
84 21 42
13 67 35
83 23 23
32 78 8
72 90 22
80 28 37
50 21 77
57 11 80
30 46 73
39 21 16
67 86 13
55 54 19
44 9 92
20 3 81
61 95 5
43 64 97
93 1 24
8 96 69
19 2 79
58 20 43
40 21 40
77 28 47
81 34 81
38 10 93
53 23 17
23 93 51
77 50 67
96 70 86
73 73 94
83 54 8
75 54 96
84 1 7
94 38 90
56 61 71
36 1 66
24 6 7
85 2 29
34 80 57
73 93 39
10 32 30
59 1 30
52 52 22
68 80 1
60 55 91
44 96 11
41 61 6
67 42 51
13 56 97
99 78 85
95 65 25
59 90 92
67 54 69
60 80 58
95 77 2
56 89 18
79 58 18
40 67 89
7 5 64
9 91 42
19 66 70
18 5 68
32 75 12
90 27 46
86 88 51
81 5 48
75 84 87
51 75 65
94 34 59
41 7 12
7 23 23
16 50 70
42 94 13
52 66 96
75 16 48
64 86 53
96 84 57
62 90 61
58 73 79
28 32 58
41 37 79
25 90 87
20 96 95
62 44 69
36 97 92
82 73 51
56 36 60
19 12 97
58 11 30
68 96 3
15 18 44
42 28 68
84 19 49
87 7 87
49 10 51
59 35 31
2 20 90
7 90 55
42 60 88
52 45 87
37 88 28
72 84 45
31 31 80
41 27 62
76 77 92
7 44 15
35 62 14
98 68 45
27 1 96
80 89 49
22 8 81
70 89 70
92 54 96
31 74 13
36 25 78
66 80 78
2 11 55
60 25 41
45 95 75
19 36 70
76 17 25
41 95 82
52 97 74
36 27 75
33 20 85
34 6 87
87 40 54
52 75 60
89 85 34
83 50 70
46 45 23
16 97 33
56 94 45
37 51 15
71 20 74
61 13 12
45 89 52
64 31 34
17 35 20
93 83 7
92 66 31
83 44 30
26 88 57
55 69 8
2 7 58
96 63 32
9 16 9
35 31 95
38 38 25
33 49 22
39 65 82
90 42 55
4 93 2
74 10 78
46 51 80
33 62 74
1 7 13
48 74 17
56 14 6
52 3 47
20 11 86
32 79 79
64 44 24
75 36 77
46 9 55
9 79 75
1 9 91
31 59 50
76 43 96
79 86 40
72 91 51
41 53 25
94 84 19
28 53 37
53 71 3
26 64 77
13 73 55
37 32 27
63 39 66
65 83 99
58 54 14
30 75 74
97 33 16
58 50 56
28 11 65
60 68 99
54 53 1
73 73 47
21 38 70
23 57 63
57 75 30
7 79 77
11 52 49
33 15 24
91 44 19
52 20 80
55 76 40
39 70 51
1 24 24
99 96 85
15 50 6
30 94 53
44 14 77
70 86 25
4 48 37
86 6 62
30 89 74
30 74 35
44 3 12
33 68 66
2 50 50
74 55 1
30 27 51
44 27 68
55 91 18
75 49 3
27 42 74
6 87 87
79 72 63
32 50 40
83 64 99
81 51 14
12 88 6
43 72 27
53 37 93
91 56 26
94 21 25
32 9 92
86 56 23
96 40 80
63 28 2
56 81 14
40 2 42
84 5 66
54 41 56
79 79 60
69 81 23
64 83 81
37 42 59
62 27 4
57 39 68
24 41 69
80 29 68
20 13 51
83 43 65
93 34 95
4 67 42
15 1 36
20 15 8
17 39 81
42 14 56
83 80 52
62 95 31
71 22 71
54 70 50
64 14 19
35 58 48
63 77 5
69 54 30
66 10 67
66 47 94
78 38 4
12 90 36
87 74 19
69 38 48
51 40 58
43 13 21
92 76 82
16 12 26
90 15 59
85 78 26
1 18 65
55 6 42
11 26 79
62 89 15
10 2 8
6 29 87
88 4 89
85 88 92
29 17 47
39 57 54
36 89 19
47 66 65
90 27 23
4 19 24
37 99 46
44 35 67
9 83 30
99 14 89
21 24 78
38 47 22
31 43 29
99 49 31
15 5 57
65 59 60
38 14 67
22 66 63
52 67 93
46 42 33
47 73 10
70 69 46
71 27 69
25 39 28
55 46 94
17 63 82
44 71 96
18 85 71
81 18 35
7 36 97
26 72 90
37 47 52
17 49 66
80 3 93
48 80 28
84 32 65
20 50 45
23 15 58
29 90 55
36 6 35
64 7 30
84 27 15
73 98 77
38 77 69
22 74 28
63 47 30
8 35 48
78 80 2
81 67 67
7 14 27
31 85 65
59 87 7
23 10 71
38 48 75
32 88 34
13 37 38
51 10 88
64 42 66
63 63 18
88 43 90
83 13 37
48 81 35
41 84 92
84 58 26
9 24 84
33 52 90
77 32 10
70 67 16
25 63 75
3 61 77
26 67 42
77 91 67
32 13 27
1 54 88
89 78 61
94 42 12
95 85 9
21 95 82
71 59 39
19 12 24
32 41 58
38 36 23
89 64 41
88 3 89
91 89 3
15 47 3
56 16 17
94 27 73
87 59 91
12 32 54
54 75 56
77 84 91
2 5 48
2 2 93
75 17 29
85 61 65
33 83 11
28 15 26
54 21 59
47 31 80
98 58 81
28 88 87
31 79 95
44 88 95
42 57 33
34 62 84
73 31 7
6 67 54
22 84 6
50 25 89
40 11 75
86 89 89
5 87 77
43 79 68
92 78 73
45 74 13
60 89 80
72 50 81
69 16 99
94 29 24
62 48 78
36 84 13
38 91 42
24 75 64
40 29 38
62 84 72
16 5 76
38 39 27
18 51 56
8 62 56
84 41 9
49 55 88
54 71 38
47 15 4
3 1 68
79 57 21
80 86 11
8 56 49
54 53 82
73 86 69
90 91 39
96 70 61
49 45 56
58 49 83
93 39 67
61 68 9
86 12 9
87 19 84
33 90 62
20 67 28
49 37 61
65 79 84
34 75 55
21 16 71
76 80 92
24 37 52
41 87 27
73 21 62
79 42 35
89 22 63
24 96 61
42 19 33
94 52 11
4 10 27
4 66 31
1 90 61
30 93 1
23 1 75
3 71 74
16 32 38
68 50 99
90 99 40
24 17 11
28 5 98
52 47 82
21 59 35
83 16 92
84 71 38
72 38 14
37 11 33
59 96 3
26 40 53
88 13 74
78 89 29
30 89 96
40 8 57
15 85 98
54 18 27
4 96 21
44 4 47
65 41 55
36 54 59
77 82 81
72 91 49
99 70 5
81 70 57
26 96 79
87 10 42
56 35 97
36 54 15
17 40 78
44 52 53
70 19 28
44 10 70
33 5 21
20 98 93
55 90 99
91 97 28
52 22 7
69 55 87
87 50 91
91 10 63
21 28 23
60 12 44
11 68 72
28 84 97
21 60 49
6 72 99
43 17 59
69 78 65
37 4 78
26 22 88
7 34 31
65 29 38
67 31 34
55 52 1
98 74 62
58 99 59
17 35 23
71 6 57
65 50 14
42 68 69
82 36 65
94 15 98
47 13 40
76 32 86
42 27 94
62 12 49
25 57 22
18 29 16
66 50 87
86 10 12
2 10 84
13 55 80
22 45 18
63 36 28
94 65 99
44 44 89
10 2 22
67 82 56
68 99 94
35 38 73
58 37 62
39 7 94
65 2 26
56 53 85
43 47 13
99 54 88
19 92 70
53 14 46
96 31 50
69 70 41
26 94 83
78 60 59
10 42 74
23 74 98
97 96 24
8 82 66
73 84 97
60 7 87
82 31 12
30 12 99
14 55 23
98 89 72
39 41 2
29 46 72
37 57 62
48 65 46
63 43 94
55 81 70
70 65 38
85 76 57
39 46 42
36 19 51
69 42 55
39 68 20
53 15 16
33 91 13
86 16 85
22 40 42
97 84 81
3 90 69
98 33 61
51 51 73
57 20 6
87 69 31
59 56 67
87 63 26
6 62 75
52 67 5
90 85 13
81 87 7
93 30 33
14 23 83
42 54 12
24 60 60
45 82 17
33 77 57
95 62 81
22 76 15
59 34 93
35 13 18
22 82 7
7 44 3
62 72 77
32 32 8
42 42 64
83 18 42
4 42 52
92 25 8
33 13 34
85 38 64
58 35 81
40 64 55
61 7 90
30 52 25
51 46 22
57 24 27
60 77 33
47 41 34
5 69 57
19 6 20
68 60 86
87 69 50
15 9 98
9 24 35
49 10 75
7 26 8
38 83 78
45 75 17
93 27 61
52 51 64
50 21 18
65 57 88
94 68 65
50 37 33
83 12 21
80 51 91
92 86 16
99 56 84
43 98 62
41 98 77
62 21 66
56 86 64
7 7 22
82 74 49
82 34 69
3 78 96
35 97 84
5 95 77
5 21 14
74 55 30
59 47 60
53 50 32
7 2 93
65 83 87
29 81 36
81 53 68
55 96 54
50 1 41
20 77 61
87 97 36
29 61 70
82 66 99
28 63 89
2 10 70
90 96 22
81 97 20
6 66 13
48 20 99
77 3 26
68 20 19
91 21 92
82 30 94
17 35 87
97 45 23
43 18 69
79 55 90
13 63 30
4 87 81
33 63 60
34 70 51
12 9 86
21 41 2
5 91 25
99 64 41
94 35 8
80 62 46
22 26 95
90 51 6
64 17 54
51 2 32
60 19 65
98 32 91
20 19 28
3 38 34
15 64 17
50 38 13
22 84 39
35 1 63
72 77 39
42 34 26
6 97 79
54 45 22
16 3 11
47 84 10
39 47 37
97 24 36
40 13 72
33 7 30
48 31 4
79 96 88
46 94 24
71 58 4
12 37 79
18 20 49
24 44 18
1 9 21
42 8 29
57 3 19
67 85 50
46 1 59
62 79 1
60 72 19
24 96 94
46 85 61
86 96 94
35 35 66
99 44 2
22 89 34
60 36 81
90 66 18
57 61 50
49 94 38
4 54 25
32 80 24
74 71 9
77 17 51
49 97 74
42 4 96
69 49 52
44 53 59
2 43 5
51 39 2
66 72 73
78 85 88
63 68 79
26 18 90
67 67 63
82 44 9
17 54 15
64 34 57
90 9 3
84 66 79
73 15 44
67 77 24
82 96 17
64 24 83
57 4 59
73 97 2
36 68 99
97 3 83
28 64 54
39 2 82
68 85 32
12 45 21
99 27 6
42 31 65
2 26 65
1 19 3
98 70 69
38 18 75
92 3 23
96 54 78
1 4 66
70 21 79
10 13 9
23 45 52
3 74 29
36 32 28
80 74 48
69 30 68
43 85 44
40 63 41
71 47 93
95 76 10
27 37 6
89 98 80
38 10 79
78 4 5
25 87 46
80 42 55
72 36 10
98 4 89
61 67 65
23 37 5
3 39 11
9 96 47
50 97 53
93 35 71
55 6 40
24 25 66
40 77 43
31 50 47
83 17 35
63 88 21
92 96 11
60 22 45
97 4 49
45 85 54
51 12 45
45 13 46
54 83 50
21 86 56
42 35 54
3 74 23
15 40 61
52 23 27
73 43 49
48 58 22
43 31 13
24 59 18
9 93 79
66 22 41
86 58 69
51 64 42
19 64 66
48 49 99
72 11 59
67 49 69
85 31 81
22 66 30
16 79 1
87 12 98
56 44 77
37 65 23
36 41 86
3 43 6
34 81 80
67 13 23
12 94 39
35 9 90
68 47 68
41 42 29
73 32 10
51 78 62
56 7 32
49 44 96
3 35 59
90 30 58
28 13 29
21 21 29
46 56 10
99 71 49
19 15 89
46 38 34
92 27 93
72 54 63
41 29 19
76 28 37
30 76 31
81 91 78
9 32 9
94 83 59
65 57 86
8 73 68
45 27 11
31 8 73
84 37 75
10 43 54
22 64 4
72 99 22
25 13 11
29 74 69
24 20 30
38 5 77
65 86 4
68 99 53
18 21 71
32 36 67
14 63 33
99 39 64
26 73 99
68 29 1
51 83 61
28 25 29
49 14 70
82 98 5
90 1 83
13 52 93
7 13 83
32 84 32
58 37 88
95 74 59
90 34 40
23 80 71
23 98 49
97 44 37
28 40 26
21 41 31
52 5 9
39 96 35
64 32 7
58 6 20
57 53 65
98 29 90
93 7 38
43 29 35
15 9 73
24 79 75
22 18 99
19 39 96
79 79 29
70 7 80
89 8 18
21 25 39
82 78 42
85 32 2
37 70 53
10 48 60
51 41 60
48 38 2
90 26 6
7 58 46
8 37 33
37 94 97
70 53 26
46 17 9
16 30 73
43 62 19
1 96 93
81 32 33
65 62 96
40 72 78
20 15 66
97 6 81
9 2 68
10 91 75
90 99 1
95 97 38
77 12 49
84 61 37
71 35 97
98 16 62
63 42 38
84 96 93
58 52 22
96 51 42
40 3 72
20 93 36
89 42 22
72 15 11
59 5 58
83 75 62
86 30 87
59 82 84
14 13 5
57 35 21
66 9 91
58 77 28
45 72 2
53 15 68
59 9 96
29 95 59
68 81 28
50 48 94
57 82 45
57 85 44
3 85 86
88 64 19
57 37 22
22 22 74
70 92 71
57 41 56
80 7 12
14 16 22
4 99 30
88 34 5
15 86 72
51 97 85
57 99 67
26 68 98
14 38 61
57 14 89
82 47 90
15 72 20
78 55 13
83 18 4
84 38 14
85 5 72
22 66 3
82 18 80
43 46 66
67 41 92
78 87 10
68 26 66
39 79 44
50 96 92
65 85 99
63 84 22
2 1 58
93 26 42
30 34 7
65 18 37
23 99 99
17 12 58
96 96 28
2 25 72
98 15 61
47 30 24
59 49 41
17 80 82
34 25 14
83 17 60
53 4 37
27 8 37
14 6 87
44 73 32
79 96 14
82 35 67
26 51 76
8 12 58
57 44 32
12 20 46
42 17 30
33 51 14
79 1 50
35 38 73
48 52 28
28 53 84
65 20 68
42 75 46
77 74 50
47 34 57
20 52 53
35 65 44
53 97 58
29 19 96
23 98 31
97 65 57
96 6 48
62 53 17
7 93 87
28 28 46
53 55 30
44 96 76
83 69 87
93 37 4
38 19 59
10 77 14
53 36 72
46 75 87
80 72 29
77 10 42
83 43 25
25 17 43
80 99 73
11 77 75
90 84 36
13 64 51
35 16 45
84 57 35
39 62 30
65 7 76
35 51 62
73 98 82
19 66 44
23 63 49
27 20 70
50 5 29
42 52 94
73 1 56
90 13 82
16 47 76
1 94 53
87 74 81
75 41 91
6 8 76
10 43 42
37 94 87
12 46 47
47 42 9
52 95 46
10 66 10
83 8 55
41 31 25
8 90 97
99 15 5
79 64 99
51 43 78
85 30 70
67 19 26
39 34 43
6 46 92
1 43 24
61 35 19
52 43 99
43 16 84
35 44 5
65 10 1
71 95 44
27 28 39
16 8 79
61 73 44
94 8 36
38 24 49
61 85 62
26 67 65
69 20 4
23 53 48
81 41 16
3 12 75
62 45 85
18 29 63
56 78 64
65 10 4
65 49 5
43 34 86
72 61 65
6 79 44
93 60 23
22 27 48
40 70 44
45 37 86
16 15 46
84 87 34
40 49 13
93 65 10
52 52 68
97 22 49
12 61 3
57 96 82
81 10 34
27 92 64
29 79 23
95 98 50
72 42 54
35 93 81
73 67 27
16 35 79
15 81 55
6 15 58
72 49 24
95 64 48
58 16 99
68 70 19
25 30 17
58 95 47
26 83 33
85 83 96
2 29 91
89 76 36
85 83 52
84 54 83
31 85 88
5 88 85
78 24 12
77 42 11
77 72 6
56 52 67
36 45 28
74 78 84
72 58 62
82 38 39
83 55 45
61 15 74
48 52 56
14 46 66
29 69 64
68 48 98
43 72 26
39 16 4
97 55 73
36 68 26
38 62 95
61 99 22
73 22 84
41 95 68
84 40 47
71 94 40
38 97 70
33 27 12
81 85 19
68 15 39
5 33 8
15 89 59
27 41 98
42 17 15
87 95 96
74 23 24
91 30 95
3 8 35
17 59 4
29 38 30
84 77 79
43 99 42
28 7 57
36 42 52
2 36 49
49 86 85
72 83 90
61 67 2
42 44 15
73 28 22
76 56 5
82 19 78
29 81 79
31 28 79
72 70 95
99 1 85
86 18 96
5 55 23
25 62 48
55 87 64
94 12 3
81 48 46
42 33 18
82 80 58
73 78 62
90 75 16
60 71 26
15 10 11
41 96 49
61 49 86
56 99 13
27 91 14
83 63 3
56 14 91
77 40 67
10 9 67
17 1 87
99 91 73
30 81 66
64 62 81
7 5 95
80 6 79
78 39 10
95 71 23
78 62 50
95 81 67
33 38 52
91 62 56
73 73 91
96 70 39
23 37 13
11 73 33
52 24 72
77 23 91
39 6 30
63 44 39
93 60 6
95 85 50
44 57 67
56 26 76
59 57 77
85 42 78
19 36 34
72 60 53
93 2 21
52 98 84
1 4 87
45 87 81
46 64 74
20 22 94
12 75 94
26 44 13
66 57 91
29 51 39
32 24 27
80 92 72
23 97 48
6 95 23
71 82 39
26 19 72
67 59 62
77 87 17
47 15 47
25 35 66
61 89 97
2 43 63
47 59 70
12 38 57
85 78 99
33 88 29
98 48 22
79 83 16
5 26 78
63 18 45
35 51 77
54 61 42
51 84 40
91 95 32
20 58 8
67 18 39
59 20 1
94 23 17
98 67 57
52 41 57
2 76 67
68 4 64
13 18 77
90 99 10
32 36 84
62 12 35
86 12 16
83 90 81
13 60 79
25 14 41
88 30 37
58 3 73
58 3 52
79 94 53
74 29 68
1 32 22
89 80 31
80 36 45
23 50 37
59 37 49
79 8 37
63 17 91
35 63 43
5 76 76
50 31 66
57 74 54
11 70 37
28 7 46
88 45 36
92 64 62
42 71 22
85 93 9
84 82 72
98 81 62
69 46 59
24 8 62
50 86 32
5 88 79
94 58 10
67 56 35
67 43 28
64 90 37
41 68 78
57 11 80
76 89 21
29 79 57
44 23 17
3 26 94
64 51 50
61 55 40
41 22 46
88 97 64
31 80 23
33 73 27
68 14 56
21 34 47
86 56 65
2 39 35
99 85 5
37 47 9
20 97 82
15 69 60
73 23 67
36 31 62
88 78 13
25 16 73
80 54 62
47 83 11
19 77 87
54 29 24
35 93 16
68 91 34
25 86 76
22 31 58
63 99 33
19 83 29
79 51 47
11 78 61
4 16 10
91 17 36
19 74 18
72 1 82
19 19 83
9 81 13
14 60 40
63 48 72
33 60 84
28 45 29
98 89 70
2 25 97
14 68 74
80 48 24
8 34 27
33 24 22
39 51 76
95 19 72
34 96 33
91 1 7
82 60 55
57 64 35
10 15 40
94 70 59
20 99 11
34 87 38
38 79 16
7 42 92
33 64 63
40 4 34
51 77 11
66 18 98
49 70 92
35 8 19
6 35 27
40 37 16
16 63 67
22 23 34
94 97 30
79 93 88
75 47 55
95 47 42
18 82 7
95 72 48
2 60 92
23 78 63
33 95 66
90 57 5
4 38 18
6 55 40
54 21 1
29 2 41
44 33 62
98 49 48
33 31 56
94 38 59
78 45 33
51 78 71
86 73 27
58 17 79
6 2 99
34 98 36
30 47 59
9 16 51
50 33 14
63 63 13
51 83 61
88 72 88
67 7 53
42 40 74
97 56 62
64 92 28
40 93 46
28 7 3
63 23 77
34 42 90
58 78 18
58 84 12
77 82 60
67 37 20
96 34 42
89 27 87
9 24 62
80 7 94
13 82 27
88 16 4
42 68 35
31 64 2
94 43 3
33 43 87
39 23 72
29 63 4
62 90 99
27 6 85
84 61 67
72 93 24
75 35 65
2 65 6
27 46 78
53 4 22
7 34 36
82 16 58
32 64 33
66 71 27
57 91 75
26 44 50
3 74 81
3 10 29
65 71 97
15 9 43
64 83 9
39 28 78
49 7 56
38 53 88
37 56 15
65 78 58
66 98 16
73 62 73
15 68 99
44 35 83
61 32 76
64 7 85
32 16 14
81 50 6
50 21 20
49 87 53
98 1 10
3 47 2
70 23 57
83 21 16
45 56 45
28 82 47
30 85 10
39 48 31
11 44 60
6 13 5
48 22 46
31 98 6
55 88 38
81 34 43
16 38 51
17 36 47
17 85 29
39 80 84
8 5 29
44 93 76
99 46 61
13 8 2
96 26 35
71 9 75
39 52 61
61 15 79
49 70 38
99 13 33
7 20 44
80 45 36
10 43 13
80 55 79
7 57 92
29 5 59
54 98 89
1 94 91
56 63 87
82 19 88
89 27 39
45 51 67
17 25 22
37 83 12
80 20 5
5 61 84
76 8 25
97 7 63
58 73 96
93 25 87
24 81 11
71 45 76
32 19 67
94 27 46
49 71 26
25 6 16
69 21 43
79 55 1
50 75 2
19 4 35
2 61 31
69 12 55
59 21 8
83 23 36
70 91 11
8 1 35
26 81 27
97 33 16
26 26 56
8 4 27
33 93 6
33 90 35
2 4 11
22 17 74
49 40 6
72 70 25
70 66 71
79 40 99
24 64 5
45 36 17
47 44 8
84 16 28
71 16 90
92 25 56
56 23 1
22 44 94
41 61 96
60 84 26
94 35 46
61 44 20
7 19 54
17 76 43
68 94 7
72 55 50
67 91 35
56 69 15
11 92 20
27 8 54
34 86 43
2 85 42
81 75 47
56 34 32
17 37 6
52 52 71
68 12 64
52 57 87
95 85 86
59 90 87
71 69 46
53 16 30
35 60 96
81 6 99
98 68 54
98 12 97
64 70 33
64 58 78
54 67 46
1 9 18
8 69 89
68 25 52
95 57 83
48 4 54
23 40 22
58 67 72
8 5 44
53 41 64
45 81 18
62 73 35
97 76 41
69 62 7
97 5 53
29 53 25
19 71 36
8 94 93
93 33 99
31 41 28
67 35 84
54 80 49
38 58 42
77 9 53
90 79 51
80 44 99
66 1 95
2 62 39
67 62 26
89 22 59
51 37 20
1 66 17
46 1 88
60 95 1
93 55 96
85 87 1
11 76 2
57 6 31
56 22 49
16 13 39
37 53 97
97 20 33
16 1 50
38 66 53
16 55 87
18 71 16
50 72 85
71 40 94
2 10 42
41 74 45
72 75 2
96 6 75
64 68 51
10 97 53
54 37 40
54 96 12
22 87 29
32 8 25
26 21 98
51 43 4
21 58 36
27 52 9
62 40 24
17 58 43
17 31 43
21 46 94
11 19 70
92 45 37
6 23 48
16 81 94
33 23 37
36 31 23
88 59 33
24 66 78
2 8 66
44 83 60
16 74 31
20 90 75
31 67 54
67 26 44
77 85 19
58 84 76
90 3 40
59 7 66
47 41 87
83 43 15
93 31 57
56 74 10
80 82 19
67 81 22
55 35 6
33 62 67
37 84 32
18 87 6
23 90 2
58 50 60
37 13 49
28 57 7
47 49 91
62 28 86
9 62 97
28 64 27
46 78 22
36 25 48
28 57 53
1 64 74
92 44 61
5 91 31
9 24 99
99 50 82
41 53 22
56 92 92
55 80 72
41 40 31
86 87 47
64 44 13
89 14 56
13 99 82
93 42 30
60 18 87
61 89 24
60 76 21
44 64 29
14 63 2
76 45 12
6 38 20
60 88 23
53 28 66
41 13 2
47 87 87
78 67 48
49 81 30
85 5 55
85 98 54
12 53 2
85 75 8
91 44 94
49 11 36
8 61 11
47 13 10
8 4 9
97 63 88
34 13 39
29 58 17
43 32 28
18 98 19
25 76 92
28 30 32
14 60 63
64 82 70
42 49 16
78 78 1
84 41 75
89 38 58
57 60 52
74 9 2
65 56 28
28 21 16
60 11 30
61 33 92
29 7 62
29 26 59
33 1 19
96 33 19
25 56 69
81 98 34
62 79 99
73 21 4
59 24 84
19 69 59
98 76 43
97 60 87
17 65 36
77 3 21
74 47 54
66 61 77
99 3 84
7 81 20
29 18 49
76 99 44
2 15 67
76 26 50
32 57 42
64 79 27
66 4 7
55 21 86
92 41 58
44 39 32
30 3 19
61 48 77
51 76 24
87 30 10
97 6 27
2 43 96
99 25 88
80 19 78
93 3 24
21 83 95
56 71 61
74 97 30
76 93 64
6 13 40
63 14 16
35 79 99
34 85 7
45 90 59
70 96 66
26 67 88
24 18 99
49 10 66
7 83 16
42 84 39
81 24 23
85 21 42
7 43 5
37 62 46
65 32 86
14 90 64
91 37 58
75 80 73
65 3 24
76 69 81
70 28 34
77 90 36
39 83 13
83 50 32
84 73 40
40 94 31
84 13 78
81 84 48
28 72 71
68 41 40
72 42 35
13 14 16
50 94 32
10 79 87
61 84 13
62 95 95
22 38 83
78 66 2
43 36 67
38 60 54
36 45 31
68 99 93
93 21 48
41 56 44
22 91 7
90 45 33
88 87 82
77 89 75
76 46 1
1 57 95
69 34 79
57 9 44
51 24 8
11 73 59
9 68 89
40 36 14
9 16 44
94 19 59
34 88 8
61 39 99
84 83 60
67 43 9
11 19 47
46 71 49
2 43 52
92 3 94
91 41 96
42 55 77
19 8 33
67 41 27
33 53 9
37 22 5
97 41 96
60 87 79
26 38 55
6 36 94
34 90 89
39 3 37
82 90 27
84 4 67
36 47 81
74 77 26
54 33 92
3 29 92
48 3 84
21 44 75
1 6 6
81 66 31
99 41 66
22 26 24
40 56 22
45 88 19
47 82 5
35 89 76
15 87 39
43 47 56
87 7 33
32 90 29
52 29 88
41 24 93
13 91 83
30 5 52
6 62 62
30 67 91
8 91 97
59 97 34
48 48 26
56 52 82
31 22 23
57 78 49
85 72 75
91 10 55
36 75 23
58 17 56
31 75 65
31 94 45
64 93 95
69 33 92
76 72 23
21 6 5
68 70 99
73 30 69
46 64 95
56 58 50
81 90 17
37 84 94
75 22 90
66 22 77
75 46 5
55 99 87
20 29 69
88 98 48
84 80 40
33 55 79
21 40 4
25 5 61
22 68 81
42 92 40
8 21 46
40 91 72
17 7 28
10 32 64
67 68 22
87 18 70
92 88 70
41 15 36
74 29 19
41 37 19
12 64 68
73 81 3
73 88 38
95 67 73
25 56 60
35 84 9
24 17 40
53 26 90
58 94 9
59 50 62
25 84 38
30 54 82
65 36 2
42 12 61
31 95 5
52 14 38
99 28 99
11 29 27
71 50 85
45 95 70
93 64 26
56 83 82
14 70 58
21 6 27
95 42 78
34 7 33
91 17 42
8 31 91
29 31 94
91 89 39
66 46 29
88 44 3
8 97 34
97 86 3
71 29 31
12 74 17
49 1 23
85 66 40
31 38 90
2 72 51
24 70 77
13 93 90
98 71 57
10 17 38
72 35 67
77 90 40
38 20 80
14 46 27
86 62 56
46 69 56
67 94 64
34 57 91
16 64 55
40 71 79
2 29 22
65 29 38
36 47 36
57 59 28
40 1 30
26 70 35
19 61 46
91 91 69
16 54 32
8 14 97
13 49 97
7 42 23
18 28 78
6 57 33
12 52 53
14 28 66
8 10 85
84 60 73
47 58 73
56 13 91
66 31 58
7 52 2
93 9 92
87 5 5
92 89 54
30 70 90
2 2 82
25 14 23
38 39 33
93 26 74
54 55 83
54 98 98
55 59 52
53 54 76
85 66 7
73 52 34
34 59 48
95 50 57
29 45 7
30 41 65
84 5 2
3 34 74
20 92 13
4 76 42
75 8 39
75 42 34
39 75 67
2 94 76
23 91 35
53 28 3
68 66 40
86 30 4
62 76 3
3 89 92
51 51 34
5 79 64
90 44 74
34 43 6
7 8 53
32 3 25
34 21 94
98 38 12
67 7 5
27 25 88
90 7 69
68 91 29
27 32 34
6 37 95
60 96 58
58 35 26
24 59 99
45 2 85
85 13 49
44 24 80
72 17 91
3 39 77
89 47 6
98 1 34
86 25 5
81 99 42
10 39 88
73 54 61
93 34 3
83 74 13
11 27 82
56 26 58
11 17 50
36 38 11
54 19 20
17 6 23
46 65 4
39 72 94
11 71 38
22 39 69
2 43 13
33 82 21
15 35 83
65 80 22
81 46 21
97 58 58
21 93 83
57 64 94
86 51 40
75 58 56
20 83 30
42 59 31
10 8 33
92 85 82
46 95 53
17 57 96
24 92 30
46 43 56
31 52 87
66 62 44
53 40 89
13 70 23
47 94 41
67 72 44
13 11 69
89 50 58
65 39 62
23 36 99
22 21 48
45 1 85
56 3 25
76 97 44
39 13 94
78 91 66
35 41 67
19 62 51
23 3 43
67 82 3
24 14 99
31 15 11
88 80 28
55 27 89
60 15 26
78 71 68
44 53 66
98 57 25
54 88 64
38 55 13
98 16 35
89 82 53
11 38 19
49 86 60
25 71 25
39 72 38
71 55 74
16 38 25
19 12 55
11 59 41
94 44 4
58 37 42
22 46 9
81 1 67
83 80 21
90 23 4
24 90 92
74 15 60
78 78 80
56 67 8
3 58 92
68 63 4
91 26 36
28 79 23
9 90 85
84 62 72
36 31 46
7 15 64
27 51 26
33 16 99
88 49 18
36 94 28
90 25 68
40 93 52
82 13 75
7 95 43
37 35 51
66 42 85
24 71 78
69 95 80
22 37 29
96 85 37
16 44 35
57 66 33
68 7 70
55 21 77
84 64 54
4 56 90
20 46 29
97 29 4
95 26 40
71 58 25
41 85 52
37 23 38
45 40 65
18 14 33
44 63 31
8 42 86
11 48 43
68 38 18
94 20 9
14 73 52
89 51 59
57 16 10
68 95 31
52 93 43
68 74 84
30 36 10
13 70 60
29 24 7
36 12 11
89 48 8
25 74 7
21 29 48
67 23 72
14 3 18
5 33 71
81 91 76
48 85 6
53 92 78
72 4 28
7 72 64
8 90 41
12 58 4
18 65 12
60 75 25
83 15 47
29 74 39
28 8 58
30 54 76
6 72 58
7 86 85
78 41 20
67 45 68
57 69 14
4 72 87
63 86 74
29 19 3
46 5 13
58 33 50
6 31 97
62 53 23
16 8 34
12 90 36
33 28 42
8 19 52
9 55 24
73 68 99
72 53 3
46 38 86
92 20 93
61 21 3
28 8 20
56 47 69
73 36 13
79 68 90
47 32 51
72 22 64
43 57 83
78 32 68
53 21 40
84 33 78
41 66 37
41 29 9
7 36 73
93 73 13
67 81 70
37 10 36
98 36 32
52 27 50
78 67 12
61 36 34
1 82 90
33 7 73
49 88 72
19 56 43
84 70 97
55 82 90
67 44 98
29 25 89
29 79 42
75 18 10
57 95 85
35 40 3
52 88 81
84 77 64
49 96 74
9 53 48
18 11 97
95 61 58
12 41 66
15 76 3
23 28 24
4 12 11
8 67 53
12 52 53
39 30 20
26 70 56
73 65 53
38 10 78
59 1 36
93 78 61
45 1 5
17 35 2
66 86 6
26 54 11
71 84 62
73 8 89
96 22 2
63 60 99
47 78 5
76 26 27
93 12 68
94 35 89
41 95 52
88 50 85
47 1 53
47 36 93
43 64 37
30 22 2
55 16 86
80 40 82
55 76 76
4 80 44
36 31 60
93 94 62
26 82 37
93 38 42
79 99 1
25 47 98
10 54 85
4 6 61
49 91 11
71 85 93
14 34 84
75 70 11
94 10 91
74 57 80
70 13 75
61 74 84
11 57 57
58 44 29
34 10 57
12 54 11
24 79 80
57 68 82
62 44 47
33 71 7
96 44 71
65 45 47
51 65 30
88 18 50
82 41 47
11 47 59
76 66 37
32 82 76
15 43 39
25 24 72
78 95 69
50 97 56
56 16 90
54 2 70
81 51 9
77 17 69
78 87 17
14 77 47
41 27 74
68 34 28
19 77 15
42 7 26
94 68 50
35 5 89
52 7 89
82 40 21
16 42 22
69 79 90
60 56 37
60 70 19
76 38 33
67 59 73
92 54 11
60 32 48
56 92 75
68 78 68
15 19 94
74 74 66
16 7 41
49 7 6
71 59 34
23 36 67
62 15 73
49 91 57
89 88 54
15 31 95
17 12 24
77 19 69
30 38 88
11 70 62
51 63 74
76 79 57
83 64 84
88 6 25
90 60 17
90 52 81
4 75 96
34 52 61
76 94 68
43 71 5
59 42 26
33 43 87
81 91 26
12 98 59
41 37 49
30 65 1
15 81 63
6 88 21
43 9 20
46 35 13
47 68 58
70 44 69
15 37 22
30 8 27
56 89 81
67 10 11
39 46 92
56 94 32
88 99 84
22 53 46
58 29 5
49 21 98
25 36 97
71 91 96
40 1 71
82 35 7
76 41 68
65 59 54
86 30 45
10 8 44
73 26 14
51 24 40
99 88 35
45 86 75
85 7 21
45 9 93
50 75 4
17 63 20
18 81 18
70 71 10
9 65 43
54 52 82
78 62 28
28 57 29
28 60 87
66 69 43
95 86 27
80 99 82
90 40 45
12 12 21
88 13 94
66 11 98
91 27 93
94 33 6
62 69 25
80 63 33
38 95 45
14 70 59
68 14 22
63 21 5
72 96 77
34 7 34
5 90 66
64 85 98
26 40 32
23 82 94
8 73 55
42 46 87
70 53 77
99 2 42
26 89 78
23 29 12
4 38 88
92 33 5
10 9 47
55 27 93
13 85 33
6 78 92
9 29 59
42 21 74
61 41 68
77 99 73
20 27 77
85 76 19
6 41 87
4 92 10
11 45 7
92 96 15
88 31 15
46 47 49
24 24 23
85 82 53
95 20 70
19 27 74
49 42 55
65 36 91
64 16 85
42 64 21
36 20 2
37 11 77
79 32 22
27 35 94
94 59 75
92 11 42
33 88 63
40 45 38
35 94 19
8 9 37
34 67 84
44 47 13
24 94 40
95 35 21
68 71 31
34 85 2
64 36 73
74 83 98
32 16 46
66 87 48
32 25 68
37 81 32
99 62 13
15 95 33
35 3 13
52 62 75
68 2 86
89 87 17
78 57 25
73 22 21
34 84 46
43 65 63
87 80 53
92 80 4
37 56 95
3 10 97
30 69 29
18 62 47
38 90 92
42 43 62
21 14 22
10 70 36
7 63 93
27 37 61
42 98 4
20 66 73
97 3 40
31 92 31
10 99 94
41 81 35
93 41 53
19 94 51
9 17 28
15 38 89
85 8 38
17 53 11
56 74 5
88 73 66
73 59 22
75 13 67
86 87 84
37 57 11
14 28 51
87 78 63
14 56 12
71 40 76
32 99 85
62 88 64
89 27 99
70 15 91
90 75 11
32 12 47
33 12 76
59 15 72
81 13 55
11 45 17
64 95 30
88 25 14
92 96 3
78 44 14
7 16 6
64 60 39
59 73 14
96 14 31
95 41 87
12 66 56
79 21 69
80 4 59
44 20 97
4 45 45
87 54 10
4 77 57
49 84 15
29 53 84
85 14 51
88 10 37
76 1 43
8 58 25
50 46 79
29 18 41
93 62 46
24 19 71
44 85 89
43 55 54
56 18 62
73 46 45
11 22 12
45 50 66
1 52 44
23 16 44
66 2 31
55 12 59
74 72 58
19 2 2
86 75 2
31 81 19
21 40 47
96 14 76
7 90 1
97 71 36
43 8 44
61 35 98
35 20 11
7 56 12
1 18 20
28 15 24
54 10 88
12 39 18
2 53 26
88 65 26
6 71 63
98 49 87
99 70 92
14 94 8
66 18 52
5 73 75
26 24 44
44 1 61
57 89 24
50 29 15
5 56 46
34 77 93
38 32 32
80 44 4
63 78 99
14 50 52
15 22 47
23 51 66
23 29 68
70 49 68
95 16 80
22 42 49
7 30 4
14 76 83
44 88 5
17 79 15
66 23 74
58 15 21
11 5 21
37 2 83
9 22 23
49 19 46
10 91 66
5 7 37
6 60 95
90 78 42
54 63 9
68 97 14
80 28 88
63 51 28
88 4 46
20 1 5
57 50 90
24 13 8
4 90 1
15 29 5
41 83 69
30 69 9
11 58 12
83 31 52
34 88 15
34 65 59
8 24 79
91 85 68
39 6 79
17 16 44
63 26 32
21 80 20
76 71 66
47 84 54
32 47 89
65 99 12
68 38 62
45 96 67
24 83 49
18 20 16
46 83 21
23 64 85
44 62 65
57 20 20
24 62 47
91 29 46
95 81 67
46 13 61
96 99 6
89 51 42
78 66 3
46 36 99
89 67 74
73 61 3
63 25 77
91 57 76
46 92 13
33 13 26
88 41 38
44 27 84
75 95 25
19 5 58
2 62 5
26 11 72
45 93 12
79 89 21
84 56 14
49 46 6
34 54 79
75 91 29
87 77 9
10 98 53
56 90 56
72 99 4
15 29 21
79 36 59
43 58 87
9 90 25
58 97 20
17 23 70
41 13 43
78 14 57
91 32 96
72 13 62
56 86 76
77 13 72
29 18 81
94 21 40
39 92 62
88 86 9
14 59 49
97 42 96
56 21 42
85 86 54
93 54 95
19 28 7
91 87 23
16 12 78
46 71 59
42 50 59
12 52 30
53 56 40
23 91 7
49 66 79
69 43 52
96 76 49
63 51 86
17 92 15
39 85 10
6 23 24
87 77 65
55 4 67
96 34 52
15 50 88
88 70 32
8 87 26
99 53 86
21 50 82
97 70 3
36 97 54
13 75 95
2 7 54
13 85 31
44 96 95
73 39 2
97 89 6
39 25 18
93 25 49
31 68 74
38 93 1
80 19 86
43 88 4
49 82 32
13 77 87
85 59 77
27 95 69
2 88 99
9 70 14
49 47 70
57 15 40
94 79 45
22 63 96
94 32 8
28 46 22
32 70 86
99 45 54
74 54 84
73 37 96
74 36 22
88 62 41
45 83 57
38 13 22
58 58 17
34 81 71
61 62 70
60 80 15
68 8 72
12 51 29
13 65 96
77 55 86
17 38 66
30 39 60
57 54 19
49 63 38
31 57 42
33 66 86
17 40 82
27 10 60
41 46 39
99 70 23
10 42 55
32 59 6
49 58 41
96 84 10
4 86 43
43 31 9
43 32 20
85 95 42
77 44 25
75 53 29
34 91 4
57 70 82
83 66 60
82 98 79
48 89 17
10 49 26
64 50 84
95 68 76
44 85 98
7 24 70
57 16 41
36 60 19
29 13 37
65 53 33
18 86 58
80 6 11
49 81 92
78 30 84
10 23 29
15 43 94
40 1 42
17 71 25
92 21 2
99 26 57
41 78 90
54 54 14
11 13 57
89 97 50
35 12 68
67 44 21
47 48 46
20 88 90
70 89 27
94 31 66
99 50 56
75 51 29
45 89 96
1 67 54
10 14 69
66 62 31
54 92 13
17 78 55
1 47 99
5 66 51
40 25 43
67 69 37
25 60 47
9 93 85
24 6 53
87 27 63
50 39 14
57 91 14
23 53 35
45 93 86
55 29 60
23 49 20
48 67 89
62 63 85
22 13 29
3 18 72
97 25 56
37 79 67
70 89 45
14 56 83
62 2 17
88 9 69
57 54 40
18 26 75
45 18 63
92 76 93
19 63 71
75 28 21
41 95 66
34 31 60
90 27 38
90 8 94
60 52 44
50 92 61
33 48 4
50 80 17
30 1 74
49 23 15
52 49 22
7 70 20
67 51 93
63 45 12
74 67 81
97 83 28
72 12 45
74 77 21
72 81 16
31 98 34
32 48 94
50 55 4
64 56 4
25 22 17
36 58 22
22 4 29
64 62 36
19 87 36
28 79 68
40 41 87
73 22 45
48 98 78
80 62 30
2 96 33
13 37 44
12 90 41
48 6 49
40 76 89
13 35 59
60 32 75
19 2 59
4 34 61
20 72 23
8 25 89
86 97 56
85 33 65
44 60 61
28 3 75
18 10 77
8 61 99
10 73 33
15 66 41
26 74 40
92 57 95
70 96 28
77 99 9
14 67 99
59 97 84
26 97 32
98 4 2
23 17 73
10 18 74
80 35 70
89 66 14
57 67 77
7 31 54
24 17 43
86 25 97
18 48 56
93 55 61
33 15 82
44 23 16
28 86 96
23 4 1
90 68 77
32 31 41
40 80 30
29 44 14
1 62 85
83 61 57
49 31 21
7 39 39
79 14 49
61 11 32
1 3 64
24 80 27
17 98 94
59 74 9
55 25 23
75 66 6
73 69 90
45 1 84
53 46 69
64 28 32
96 48 56
47 66 25
53 24 12
97 98 83
85 99 99
44 2 91
18 15 26
53 8 44
63 56 60
85 33 97
34 66 44
29 8 58
94 34 37
93 97 67
54 42 70
27 53 82
71 76 32
41 81 29
12 18 13
54 74 50
77 98 89
26 16 73
74 32 38
96 6 67
23 73 78
20 95 19
38 82 27
91 71 80
20 1 15
88 79 34
65 20 29
98 52 11
5 79 30
70 68 37
49 18 75
48 81 20
14 87 65
50 34 83
22 86 19
6 23 12
51 31 74
96 76 55
43 20 90
49 88 44
65 5 29
32 97 1
3 21 98
14 33 22
51 55 62
60 79 17
81 88 20
69 6 75
83 34 97
86 14 72
54 24 57
20 73 77
7 3 51
31 58 47
1 19 40
53 34 4
53 83 46
44 91 34
34 73 8
26 80 61
76 70 63
96 29 27
30 66 55
39 88 39
80 74 50
21 32 52
6 78 66
40 26 37
6 33 99
73 46 1
60 29 62
12 65 58
36 35 14
56 67 65
88 42 90
33 80 5
1 30 60
43 32 37
96 3 33
5 79 76
57 6 91
63 62 73
10 68 95
51 38 56
66 86 41
34 29 7
78 90 53
82 43 1
38 70 40
81 37 56
50 44 40
61 34 15
51 47 11
79 6 75
35 94 17
37 26 85
4 91 15
33 40 73
36 6 88
89 95 86
45 41 88
52 18 67
8 86 38
47 31 10
91 71 17
87 17 52
44 70 15
96 42 80
74 4 41
57 27 82
90 56 87
21 35 54
86 88 57
33 92 16
89 46 40
10 26 55
13 45 60
48 21 53
58 20 87
65 14 71
47 45 35
30 68 6
67 11 60
50 23 60
65 98 27
83 59 22
55 92 60
37 64 52
90 7 61
58 83 57
62 23 23
78 43 98
39 73 92
63 61 2
43 24 36
5 89 58
88 62 97
6 29 8
78 68 65
94 15 23
36 81 79
79 10 65
28 24 22
45 50 36
59 44 85
89 11 64
11 32 26
60 75 43
83 17 13
62 76 78
90 68 48
8 70 93
1 65 36
81 28 17
23 48 51
46 78 21
40 52 80
19 88 28
84 96 75
76 80 62
1 37 53
32 44 25
80 91 46
21 1 52
23 60 7
57 76 62
7 96 20
10 5 64
80 54 89
79 45 91
16 5 44
57 3 57
21 22 71
80 25 74
18 35 65
57 39 58
86 52 53
81 58 64
20 19 80
97 89 54
37 92 19
42 5 6
6 1 18
77 32 58
73 46 76
76 50 23
32 85 24
6 32 58
49 40 42
36 96 14
83 81 71
17 36 56
80 5 62
36 66 85
9 83 56
49 80 77
22 84 67
63 94 77
8 89 77
28 42 31
8 70 17
71 13 17
47 45 67
3 59 6
29 97 23
38 1 91
2 54 55
84 91 37
88 36 14
45 77 9
39 69 75
61 93 36
3 93 11
93 5 73
33 31 77
63 63 95
97 7 84
75 19 77
81 81 45
82 37 91
44 32 48
49 32 97
66 5 31
68 65 5
82 28 52
73 86 94
14 92 50
17 86 25
11 64 83
28 77 98
49 36 86
73 57 53
17 41 6
78 81 30
50 7 35
47 53 17
32 92 62
14 77 33
89 3 52
55 37 81
91 62 51
2 22 38
58 32 69
32 66 92
1 96 53
88 90 74
12 49 18
49 50 10
51 48 57
89 78 51
79 16 59
11 76 22
58 54 15
79 70 93
97 25 23
50 19 3
22 43 54
27 70 92
95 92 41
63 20 3
1 87 97
93 53 19
82 51 71
85 52 63
26 93 65
14 99 18
46 56 71
32 25 10
66 88 69
47 2 71
39 57 76
63 60 76
17 5 26
91 24 57
46 66 9
96 20 88
83 53 82
92 33 40
69 25 38
7 44 28
65 97 43
47 98 30
19 36 14
86 6 26
39 81 94
33 5 99
49 45 99
25 59 85
30 80 56
82 86 47
40 37 69
87 62 40
29 5 82
96 66 98
9 98 95
57 29 21
21 85 95
43 71 26
75 74 61
85 81 53
78 14 79
40 28 95
7 85 2
8 60 39
86 45 6
28 42 18
36 57 84
60 47 83
80 55 95
13 23 8
56 51 10
50 6 20
95 53 8
94 38 95
54 40 20
95 75 87
76 66 77
61 62 92
35 65 55
32 44 46
10 23 13
1 71 29
52 93 65
34 87 44
18 96 95
11 38 48
39 52 38
25 36 57
75 7 96
32 8 26
69 51 52
38 32 32
58 30 43
51 36 54
13 53 69
56 9 82
3 29 95
24 31 4
80 16 96
41 33 64
53 82 84
77 87 77
43 9 16
35 85 45
46 59 87
53 81 82
90 43 77
79 6 22
48 38 90
94 48 66
25 97 19
94 35 28
36 47 65
94 15 68
66 64 11
76 1 6
3 53 28
46 49 87
20 81 97
45 58 48
30 8 52
44 26 42
26 33 50
56 3 27
74 83 59
10 7 84
96 51 42
13 43 60
70 14 92
3 26 49
92 1 30
59 9 69
28 2 87
50 6 52
2 13 48
71 75 67
7 8 60
10 10 34
7 63 69
43 28 32
61 89 53
33 89 38
91 91 54
10 51 97
46 34 72
73 7 47
66 20 20
46 25 36
18 75 89
7 86 50
21 67 7
73 2 67
48 44 52
95 45 65
69 4 22
73 5 73
7 79 66
48 68 70
62 4 10
26 38 86
57 79 41
28 18 66
10 64 32
54 1 91
76 85 39
36 4 52
68 28 93
20 22 93
36 49 95
71 62 53
54 25 94
45 82 35
39 40 86
46 54 17
41 13 91
40 29 26
81 3 55
72 56 21
82 77 18
25 23 59
79 90 24
18 81 97
38 53 64
53 43 11
8 16 72
17 77 8
1 29 32
10 43 42
55 87 11
12 74 16
71 80 64
13 11 87
50 40 17
68 23 25
44 13 86
35 36 61
9 55 96
93 26 45
15 71 92
45 60 75
34 16 55
42 87 17
50 44 17
24 9 27
23 59 27
99 7 73
43 24 11
40 24 77
72 54 8
10 22 18
3 55 63
90 14 72
45 73 34
42 92 35
49 84 80
97 20 88
62 73 44
3 63 8
29 57 12
12 50 40
5 64 91
66 74 43
85 96 2
48 29 67
66 88 82
31 16 3
64 75 41
26 42 34
21 88 23
18 15 7
10 7 27
30 22 19
61 28 35
73 68 32
47 37 5
3 52 61
45 62 57
31 54 53
87 15 99
27 35 85
36 3 77
97 98 27
79 17 8
37 11 24
33 99 60
84 45 95
33 55 60
78 52 15
82 43 23
23 39 93
9 65 74
9 72 7
50 98 80
42 40 48
62 99 72
4 3 72
27 45 62
66 94 52
36 10 85
62 61 49
29 77 6
77 29 74
88 54 56
65 75 52
83 32 51
91 74 51
4 68 28
88 58 31
48 72 27
39 85 26
54 52 81
21 16 73
70 6 34
38 20 8
21 59 58
36 75 30
65 42 39
15 51 90
14 95 14
83 13 90
27 46 5
41 96 37
65 32 26
84 93 86
24 95 59
66 15 91
55 32 89
76 77 21
65 50 94
90 30 24
94 71 55
32 64 93
90 62 84
98 4 93
61 42 12
19 3 32
71 63 15
51 72 85
34 79 28
19 54 56
61 7 43
48 6 89
61 9 44
69 33 78
72 94 59
73 55 63
84 61 21
68 19 65
47 90 43
6 78 16
74 42 84
90 8 41
5 99 61
38 79 58
68 93 42
87 52 79
77 14 53
27 28 42
2 1 26
39 31 73
24 84 53
30 94 92
18 84 83
79 34 16
76 42 28
31 98 44
22 4 98
64 68 88
98 13 57
4 27 72
9 44 91
95 24 97
64 55 35
54 32 78
12 43 55
71 15 46
73 87 27
90 61 38
45 17 5
95 30 38
95 9 4
68 5 47
63 83 30
7 5 20
96 29 29
69 86 92
67 31 40
78 11 86
93 88 93
53 44 43
78 65 77
76 55 3
26 30 27
45 69 36
37 84 87
28 16 3
64 60 70
99 50 32
47 88 88
17 74 37
32 98 74
59 36 93
7 42 71
2 45 53
77 45 4
29 36 48
39 42 85
40 38 2
17 58 86
17 1 97
34 19 39
26 41 40
5 96 31
68 4 63
96 96 68
74 91 85
12 65 62
83 60 24
80 72 58
6 1 86
86 53 49
14 59 85
54 86 20
55 47 51
29 13 82
83 79 6
82 38 69
87 3 22
56 60 53
93 19 73
85 25 68
21 9 80
13 81 65
41 57 87
55 50 6
7 15 29
85 20 30
65 78 98
55 4 86
46 39 95
52 63 79
58 96 47
73 87 38
49 81 64
34 26 86
60 43 75
8 97 56
97 82 28
42 9 11
22 74 79
87 36 49
62 86 60
72 62 26
14 4 37
55 21 26
96 63 75
47 93 28
93 12 77
18 84 21
23 74 41
45 8 24
83 17 8
81 38 41
59 41 64
26 19 19
38 2 85
98 61 65
72 64 1
89 38 38
33 77 9
62 62 45
96 44 67
95 65 62
40 79 51
12 77 75
98 85 42
70 5 85
42 74 48
49 87 10
40 32 62
88 98 18
95 58 83
2 4 62
36 10 68
75 17 40
58 47 7
36 20 64
16 91 51
68 16 84
52 8 41
40 6 83
64 30 14
34 22 21
92 55 1
86 80 54
2 28 8
49 6 24
69 84 92
81 11 7
74 31 72
8 28 67
83 8 82
9 18 56
24 32 49
65 70 62
74 89 87
47 71 12
45 6 35
18 53 97
28 57 66
12 59 80
38 1 22
58 43 68
32 29 37
57 87 56
11 60 27
98 55 88
77 35 74
57 69 13
90 37 39
91 88 97
28 24 73
6 55 67
96 26 15
40 32 72
64 15 27
34 15 35
97 73 97
26 70 93
13 68 12
7 70 58
34 20 24
28 29 57
28 5 92
13 60 43
77 82 23
82 30 63
6 48 57
57 91 76
57 53 33
87 16 24
64 45 31
53 22 14
73 26 54
43 21 7
58 11 81
59 78 9
89 67 33
31 54 87
92 11 39
51 15 66
19 54 14
44 69 25
69 99 89
29 18 25
2 28 75
87 57 72
76 82 17
63 93 71
72 31 43
16 92 32
30 78 71
1 48 61
29 33 94
19 23 15
19 64 36
17 54 5
35 57 42
76 49 5
46 18 56
39 30 45
87 82 26
54 80 56
43 55 91
24 25 39
92 59 94
72 15 37
92 93 11
42 82 44
14 50 48
3 18 87
95 20 84
65 11 40
25 35 49
79 67 39
47 89 99
48 46 62
65 46 58
88 6 28
66 49 53
35 5 15
45 96 75
52 54 73
34 66 42
3 33 74
60 55 53
86 91 1
49 36 64
41 11 84
55 32 88
95 90 15
21 9 90
31 6 11
5 95 5
73 23 29
9 24 8
64 35 81
41 41 56
79 71 4
67 15 68
40 12 16
25 88 13
74 40 38
32 54 66
53 43 3
96 86 42
48 51 62
17 19 80
57 71 52
56 10 31
34 50 12
48 20 82
64 12 4
9 65 23
66 62 2
30 57 6
4 63 30
19 93 21
17 67 25
63 18 74
6 61 80
66 75 13
64 62 79
6 93 78
63 55 95
92 66 63
47 11 40
90 70 47
95 97 30
72 13 10
14 68 49
10 85 11
39 6 14
85 90 25
56 62 8
38 39 73
64 94 43
61 4 29
36 45 62
95 1 50
27 10 37
17 31 38
37 30 21
5 80 16
16 59 71
63 55 10
30 46 57
89 3 64
79 78 27
92 49 42
50 90 69
61 18 6
70 74 88
40 90 78
73 41 10
75 22 78
28 12 34
42 79 10
65 12 43
41 43 47
26 43 99
26 87 44
88 70 25
47 65 64
54 24 8
23 66 64
69 48 73
51 2 64
12 10 58
54 17 91
74 19 34
3 52 18
40 22 13
70 9 39
59 74 73
46 47 24
1 55 49
81 15 40
91 70 83
45 57 65
22 11 77
36 66 31
36 90 56
9 90 2
72 43 38
91 46 97
81 15 12
78 32 27
81 22 47
97 66 84
85 32 67
76 67 4
22 22 51
63 52 30
88 5 43
82 67 56
60 44 77
50 52 92
30 9 91
3 97 42
89 72 9
88 46 50
37 77 55
20 25 85
99 27 23
28 64 53
10 57 14
91 61 56
3 1 25
2 92 57
2 8 57
87 74 30
87 78 61
85 52 74
24 21 64
57 65 78
29 17 83
45 2 97
4 20 44
55 63 4
59 98 97
14 5 20
20 1 80
4 41 17
36 79 1
89 63 66
57 32 36
63 95 66
1 39 27
65 83 98
36 35 86
73 27 3
62 77 29
45 78 39
5 38 88
69 96 15
91 43 23
70 95 94
44 82 79
47 68 59
99 86 99
96 81 28
31 55 6
53 12 6
50 82 42
84 95 65
70 71 68
48 38 98
85 54 24
77 88 77
41 60 10
93 56 43
29 73 9
8 64 1
58 59 95
47 12 21
45 56 21
8 72 59
48 91 77
97 43 73
1 73 69
27 99 29
82 36 79
81 58 7
50 59 64
8 49 68
86 17 17
79 62 60
53 36 11
90 96 66
5 2 12
35 78 97
4 68 6
33 12 55
80 86 8
73 12 95
46 42 66
51 68 89
50 47 59
78 2 99
88 93 38
94 92 19
59 46 64
45 89 53
54 11 59
50 83 8
64 64 16
66 52 45
74 96 17
10 67 73
78 86 95
17 46 85
14 53 96
62 69 86
13 76 69
17 14 23
62 7 37
86 10 26
97 84 93
95 85 79
65 8 32
24 76 90
28 29 71
72 47 40
28 59 65
54 17 99
96 97 4
23 81 29
45 13 47
54 5 58
41 73 2
37 75 40
78 90 25
16 33 53
72 96 44
85 63 25
97 90 87
61 84 11
38 47 4
29 46 22
51 20 2
72 75 61
73 45 83
7 63 68
17 72 19
88 47 49
64 72 35
55 90 89
18 6 9
71 36 90
29 43 9
60 76 30
25 49 34
81 72 27
33 41 5
43 62 31
63 68 70
15 21 72
49 98 93
30 28 35
80 80 74
9 14 95
92 21 50
9 59 69
66 17 71
72 29 81
58 95 70
33 66 75
72 84 95
77 52 41
19 21 11
12 27 24
54 71 39
99 38 97
51 92 94
72 78 88
1 43 47
24 19 38
6 79 48
57 12 99
49 10 44
2 85 43
40 67 63
62 90 26
28 98 68
24 43 38
70 31 71
10 86 6
78 62 65
21 13 52
31 87 7
64 21 48
73 79 34
13 19 98
58 87 99
1 19 69
46 5 81
41 92 59
4 22 61
25 93 55
71 9 73
5 39 47
93 67 16
24 69 2
48 45 89
47 74 25
23 95 81
71 68 5
2 98 82
58 77 99
84 34 2
8 88 52
9 12 23
30 64 94
46 4 95
31 44 27
89 1 98
47 20 49
18 11 44
62 30 20
57 52 95
70 85 92
71 71 22
68 95 92
77 34 13
74 16 64
83 55 76
93 83 79
38 77 67
14 79 26
96 78 79
82 48 80
95 18 25
40 92 69
43 27 44
19 52 15
30 78 80
44 42 26
78 67 89
12 88 23
30 79 31
51 80 91
59 81 81
35 57 72
23 68 97
51 40 80
46 96 80
28 99 13
26 25 26
10 31 66
5 31 91
24 93 79
10 40 74
72 44 6
88 26 39
14 47 20
18 75 44
62 62 58
10 32 48
33 52 59
37 49 92
81 5 40
38 43 76
65 51 45
52 61 58
30 5 90
90 87 98
82 26 15
34 22 52
10 15 71
58 36 40
89 55 68
46 14 46
59 60 31
46 69 24
94 77 68
8 16 94
82 65 83
74 50 89
76 78 55
96 13 26
54 76 95
36 38 14
2 84 55
39 84 11
33 8 57
83 67 50
61 57 29
16 18 4
10 3 34
85 9 84
91 79 71
21 68 87
94 18 39
62 73 6
95 23 38
8 5 69
64 19 69
72 37 65
58 49 34
76 36 86
64 66 53
13 11 94
14 3 3
41 1 66
58 85 86
9 40 49
79 44 47
56 34 94
86 64 11
15 94 43
43 13 24
16 2 39
83 47 7
46 21 16
52 77 76
48 39 34
13 42 1
21 19 56
37 45 10
5 71 60
39 28 65
94 69 39
23 37 78
79 97 86
10 27 57
70 77 44
9 15 24
49 79 63
19 69 65
54 86 77
8 18 5
71 60 45
24 4 87
10 12 44
36 78 99
17 52 74
65 7 60
31 82 19
58 25 95
46 60 86
57 92 69
6 64 88
98 34 21
5 61 16
96 52 90
71 28 83
52 13 23
61 48 48
98 31 55
7 38 77
45 25 72
74 94 83
66 93 89
81 85 41
43 63 2
92 75 59
97 78 23
64 27 43
91 65 44
12 59 26
72 41 48
99 49 13
44 7 26
5 92 16
49 61 34
51 22 54
52 57 74
62 7 21
74 64 67
23 16 95
24 15 69
88 43 73
32 52 91
6 23 40
26 56 16
59 52 81
5 37 52
39 27 36
25 48 40
88 28 25
32 12 18
23 28 34
21 54 12
86 50 72
51 78 69
51 27 97
22 32 86
7 1 4
96 72 58
3 2 95
7 41 80
26 16 9
30 78 90
69 68 23
62 68 53
72 3 49
82 76 34
60 99 97
50 39 36
43 55 76
25 55 25
22 99 7
64 45 63
54 78 82
98 11 78
37 71 59
79 4 88
45 59 63
38 37 91
73 50 20
2 44 70
5 36 64
18 91 19
18 76 74
52 84 21
97 30 58
15 27 47
35 46 10
2 29 67
89 83 59
27 83 44
33 47 92
1 5 74
70 25 93
22 73 55
62 20 31
94 19 92
33 14 19
41 20 70
26 74 23
64 77 82
50 7 71
96 95 86
78 58 91
16 15 74
6 2 86
87 71 29
32 11 88
63 5 78
4 67 22
13 91 86
36 28 36
35 35 55
15 50 38
86 79 90
67 21 86
10 72 37
59 99 69
55 99 36
93 51 55
52 68 98
30 51 92
39 18 20
98 46 1
17 9 69
50 52 81
39 53 61
58 69 5
97 56 99
23 3 56
92 3 59
94 38 88
61 10 21
48 76 81
73 19 85
51 71 29
13 55 32
50 50 93
86 63 54
20 14 49
64 32 21
90 94 81
36 73 83
40 45 28
34 52 41
59 87 99
92 50 72
35 72 30
83 34 32
44 78 63
56 88 60
75 4 52
56 99 41
45 9 32
46 56 5
44 18 40
97 14 32
48 34 29
30 60 26
88 83 45
72 74 54
40 10 36
15 88 77
21 35 57
59 25 65
47 39 50
40 97 93
62 26 27
56 4 14
86 89 74
94 27 27
32 95 80
93 64 54
4 2 77
6 38 82
14 69 50
34 2 86
11 63 53
11 6 96
86 9 71
84 66 28
53 52 36
93 26 35
91 40 68
35 57 43
48 71 87
33 63 18
66 53 71
68 60 28
32 11 9
34 25 80
24 31 68
69 27 74
90 19 49
72 73 60
76 47 18
52 79 37
27 78 95
13 34 25
94 3 31
30 77 99
39 27 97
3 27 50
58 39 45
56 94 72
63 35 76
19 55 93
63 59 9
46 56 15
54 83 5
55 73 95
60 79 51
79 8 76
96 94 99
75 57 49
67 96 38
98 41 85
21 64 21
93 99 72
32 89 23
71 1 59
97 98 85
70 29 9
34 37 38
14 90 70
16 29 45
80 13 3
46 43 23
92 55 52
56 25 95
8 64 94
70 2 51
49 70 51
3 29 16
12 83 51
24 96 18
10 75 40
13 91 74
99 16 36
94 2 47
41 6 73
80 5 96
20 63 39
34 28 56
35 54 7
82 26 15
19 3 15
33 56 77
46 8 8
52 43 8
59 96 3
1 66 36
65 29 18
86 83 16
54 6 67
91 94 10
87 85 95
54 46 8
77 94 25
62 39 20
73 15 86
37 32 67
64 76 12
60 72 3
59 14 65
76 32 12
99 88 25
66 30 59
54 43 6
29 3 42
11 93 19
14 31 46
45 43 97
71 2 50
73 51 21
17 30 63
1 80 96
23 85 4
1 41 28
53 61 23
72 54 35
20 52 86
70 65 6
57 84 54
49 78 56
86 27 55
40 83 1
59 54 31
47 18 26
33 7 75
34 45 9
20 43 90
29 1 18
82 86 66
25 27 80
95 99 96
82 78 54
6 96 79
10 55 58
27 81 35
89 97 79
67 24 13
29 6 6
66 36 66
62 21 84
96 17 6
40 73 28
22 27 42
69 79 6
83 82 6
39 56 55
53 2 34
75 56 26
59 48 66
53 47 61
20 81 1
90 94 64
33 3 78
2 39 39
37 78 52
25 67 61
81 72 37
8 44 58
73 53 30
4 90 97
16 30 50
33 24 29
19 54 16
39 42 76
99 39 24
62 21 36
54 17 81
58 72 65
34 96 51
13 43 81
56 8 61
76 19 37
33 52 96
75 21 22
43 20 40
49 75 58
4 95 85
99 41 77
43 31 48
39 48 79
57 91 66
59 94 15
57 84 85
6 84 29
68 69 73
21 37 95
97 12 79
20 94 5
79 93 98
75 94 8
66 42 94
4 70 46
73 39 70
99 43 29
92 41 89
23 21 36
34 33 18
44 75 84
86 98 54
93 74 66
41 86 95
78 60 89
30 45 53
36 38 43
38 32 92
92 8 10
1 65 73
48 19 85
36 21 34
31 41 97
34 90 56
27 74 72
56 88 35
91 34 13
90 28 27
21 25 7
96 45 52
8 38 70
64 33 63
76 10 63
82 23 96
62 54 50
77 37 95
69 63 4
74 26 3
76 14 89
8 16 16
67 99 76
27 81 55
96 76 32
50 28 89
58 35 2
76 61 44
62 26 57
97 78 41
57 73 99
33 57 74
37 13 59
52 65 68
26 75 60
68 77 88
94 78 67
24 64 12
11 15 50
15 68 79
99 2 27
5 6 39
54 91 27
93 28 83
37 75 15
96 89 49
55 22 95
41 33 82
75 4 94
67 98 45
84 80 37
12 45 1
17 16 32
95 96 68
42 92 19
82 90 90
44 81 64
91 43 57
10 94 64
33 69 35
32 28 51
37 58 42
4 94 56
61 25 91
86 6 63
58 59 59
44 82 30
89 57 60
76 41 14
40 87 25
35 58 57
37 56 63
61 53 80
95 22 66
34 22 39
29 61 34
83 9 92
46 94 21
99 20 50
67 48 47
43 71 65
3 51 31
19 79 39
24 57 34
7 15 68
47 99 91
80 42 76
15 55 84
82 86 71
46 5 89
30 80 35
58 95 2
59 29 35
83 63 40
2 47 33
71 49 6
23 23 85
20 70 60
88 40 84
2 5 50
30 73 5
32 8 53
2 87 15
65 64 44
23 85 82
96 32 3
94 73 28
70 85 46
26 78 20
85 32 69
34 62 68
10 36 48
53 17 74
73 26 25
70 93 18
72 38 40
89 39 73
74 74 74
13 7 85
98 67 99
77 93 13
23 32 76
32 39 81
23 2 36
54 7 19
12 38 46
50 33 80
48 58 41
44 3 70
74 22 58
3 26 19
92 82 7
91 22 76
61 99 71
57 12 12
71 28 57
59 53 16
69 63 50
44 50 89
43 26 22
69 36 88
85 61 87
95 73 30
16 24 16
98 48 90
38 61 77
3 90 63
96 45 44
17 83 18
29 93 20
74 70 5
44 13 24
77 84 20
77 39 66
15 83 16
97 14 16
53 70 54
45 94 72
3 49 22
83 27 89
63 67 13
96 82 96
38 11 57
94 11 7
3 64 42
99 21 15
39 98 92
30 55 28
68 11 72
84 76 57
20 30 18
47 6 73
85 75 53
91 90 20
30 83 27
35 21 26
43 90 64
92 83 93
36 93 3
49 91 9
31 3 1
35 97 88
75 76 81
5 17 28
37 68 66
93 28 97
29 74 98
96 25 80
46 95 98
12 91 52
9 65 40
4 14 7
21 10 62
12 57 95
25 46 97
69 16 66
66 26 16
51 78 80
56 48 69
83 90 38
35 62 44
17 5 89
51 24 56
20 97 59
10 15 65
79 62 88
77 41 54
7 61 59
67 31 79
91 19 46
91 61 55
88 36 62
34 9 41
69 75 57
33 48 8
84 26 6
99 3 65
31 67 87
64 31 83
14 75 41
63 26 24
99 96 59
15 38 61
10 34 53
60 70 50
50 55 29
14 58 5
46 35 45
31 12 1
29 69 1
19 74 46
31 33 96
99 9 69
84 7 37
54 74 5
87 28 60
92 31 90
76 85 55
44 51 99
9 46 81
87 86 5
93 42 14
11 17 35
74 82 51
21 10 10
40 89 29
4 98 42
67 17 20
22 3 65
32 95 95
2 7 67
5 24 12
29 6 56
46 50 44
19 71 31
81 58 36
83 58 4
45 78 67
32 12 85
93 92 64
33 54 49
42 95 80
8 24 88
97 27 13
74 81 90
31 65 99
91 78 60
6 59 39
70 34 50
99 89 41
20 89 53
66 36 18
82 62 18
51 24 65
44 69 23
45 3 32
37 9 94
89 11 91
63 50 25
23 13 80
79 10 76
15 23 92
4 25 83
90 72 74
34 89 87
44 77 84
67 58 53
40 49 92
38 1 44
14 72 62
83 22 4
79 1 53
3 31 34
66 20 94
66 39 31
61 8 51
83 90 91
27 95 23
4 66 32
28 99 56
87 56 12
93 68 52
17 68 93
45 91 44
81 1 92
86 19 8
83 4 39
80 4 19
54 77 19
38 33 14
72 5 59
96 96 43
77 31 54
27 92 33
85 27 85
87 93 12
10 49 65
26 19 47
74 95 63
6 53 11
65 50 69
53 44 32
92 73 46
34 21 43
22 17 42
59 5 23
58 29 32
38 16 32
74 95 54
22 75 82
16 76 98
61 62 48
32 12 8
28 32 97
9 17 29
90 30 47
23 99 98
55 70 32
57 67 17
38 95 75
45 59 98
36 32 86
27 42 25
19 88 61
36 13 76
79 31 2
39 7 23
78 55 69
77 5 13
60 81 34
80 6 33
18 49 6
46 8 41
95 81 5
85 79 64
70 65 21
49 27 12
64 31 90
30 58 15
26 27 39
75 86 49
87 97 75
36 38 26
31 9 60
86 60 22
97 2 45
5 98 12
39 20 99
85 5 94
99 45 14
4 87 87
2 60 86
37 45 68
91 48 93
1 37 75
87 60 3
56 15 75
48 61 67
38 13 61
85 49 99
65 74 57
27 46 25
93 69 73
76 55 37
24 2 88
10 85 29
46 58 17
31 2 19
60 45 15
23 18 88
93 13 68
71 84 41
9 8 80
8 98 42
84 43 59
14 63 55
99 89 14
75 43 26
53 69 79
49 55 59
79 65 5
10 59 57
20 68 98
42 63 65
21 77 85
43 24 46
80 90 54
15 56 87
48 50 37
78 87 52
22 46 96
53 95 90
94 93 11
79 94 64
1 28 50
62 62 47
71 84 69
58 37 82
21 82 17
91 80 18
74 68 12
21 28 78
35 44 65
11 61 95
46 93 12
59 3 30
62 46 39
90 85 41
36 62 89
96 76 18
39 31 5
5 94 31
39 15 12
22 74 21
82 12 13
32 7 50
26 28 12
88 70 31
18 10 59
18 81 41
6 25 80
70 51 35
24 5 65
51 24 39
26 56 99
47 5 3
89 98 5
39 47 3
44 72 51
35 5 23
23 50 89
44 18 13
12 6 7
51 31 36
34 17 99
73 33 62
75 74 39
31 10 90
40 77 97
61 93 44
58 37 52
70 86 51
63 50 74
4 58 75
48 46 21
53 33 70
93 98 66
83 66 34
68 70 77
68 69 89
10 11 9
10 62 29
27 5 49
23 76 26
65 14 33
39 8 78
1 90 96
60 36 71
69 95 48
5 43 90
46 21 62
94 69 37
45 46 46
82 69 33
71 4 70
13 44 84
97 30 45
42 6 99
31 68 42
56 60 69
42 56 11
85 19 44
63 35 12
27 70 48
86 8 55
67 23 77
12 2 33
45 18 73
87 77 89
5 1 28
89 91 98
15 12 42
18 37 85
54 22 24
35 48 33
90 87 93
50 77 88
57 79 98
8 48 77
64 52 88
18 14 27
87 35 56
42 39 17
20 24 78
46 1 18
93 40 26
69 87 47
87 37 71
5 13 40
43 77 92
8 21 70
57 14 63
68 55 12
68 61 91
28 11 58
67 60 29
76 61 80
83 95 20
94 14 82
55 51 99
24 77 98
27 75 75
86 11 18
10 87 93
80 13 62
94 77 93
2 7 39
12 93 69
29 58 12
96 62 67
51 59 10
99 8 96
48 35 12
97 89 96
12 19 55
38 63 11
66 95 71
48 82 74
7 81 89
57 54 85
81 22 19
87 22 2
80 5 98
94 7 46
27 20 20
3 47 84
14 20 22
1 22 65
99 60 66
66 11 17
69 22 32
87 35 11
40 84 10
84 56 72
57 56 70
60 38 9
4 26 4
39 93 74
46 96 74
70 4 70
99 7 46
62 16 92
61 55 64
90 49 59
80 76 18
20 25 7
7 99 16
86 92 4
96 87 38
58 71 69
4 58 29
69 76 14
12 55 71
64 99 76
35 11 7
80 71 39
93 24 29
25 14 58
52 16 43
26 60 73
51 42 52
23 81 68
36 74 2
55 62 68
55 47 63
71 31 93
40 68 4
4 59 47
67 92 80
30 64 43
90 83 97
68 36 83
4 87 51
44 83 62
19 68 18
52 87 5
18 24 1
29 53 89
28 30 93
58 17 19
2 7 40
54 50 89
27 87 13
13 28 66
61 5 89
80 76 60
9 9 28
54 95 73
55 92 52
22 36 96
9 95 69
63 70 2
47 46 91
15 8 18
50 20 66
19 28 33
83 41 91
20 63 20
60 89 39
82 13 89
92 71 97
46 76 24
29 32 95
3 23 54
6 80 63
37 29 66
1 85 89
83 84 36
9 85 83
61 15 51
48 16 58
83 73 95
21 49 53
46 96 89
27 29 58
59 35 50
97 89 13
94 48 17
2 2 58
42 35 11
64 5 18
42 10 30
21 33 68
76 32 71
41 81 1
58 97 99
78 43 65
79 44 37
90 59 21
80 62 36
81 18 70
40 73 44
28 59 60
31 19 47
15 10 2
75 23 12
43 63 77
76 13 17
66 24 39
33 17 41
32 25 79
31 69 62
1 84 56
51 44 19
32 95 46
19 13 24
98 27 59
12 32 64
87 62 14
69 46 45
70 48 22
38 92 42
23 31 46
74 15 71
76 35 55
17 96 13
38 6 83
49 95 57
99 57 71
25 47 43
33 15 90
95 16 13
54 26 49
18 29 72
75 17 77
90 86 27
95 16 22
60 54 20
24 60 24
73 56 82
86 67 17
79 38 13
65 49 53
74 38 39
4 50 13
80 1 23
16 19 75
41 28 22
22 3 48
15 39 26
86 63 61
28 36 63
25 18 41
92 71 9
19 79 59
99 91 93
12 47 11
24 73 35
41 7 93
34 14 4
83 41 75
75 75 8
94 29 43
88 6 17
71 48 43
69 97 40
10 55 70
66 28 4
74 13 10
56 44 65
31 63 1
79 60 42
22 41 11
29 67 66
38 93 61
47 50 64
41 45 66
70 27 40
62 4 85
41 31 83
24 1 98
49 31 64
55 36 59
30 29 89
51 59 76
20 9 31
31 96 67
7 9 11
53 44 46
5 30 93
51 88 69
41 74 11
70 51 47
82 56 38
90 41 97
26 26 31
37 88 29
84 96 3
49 24 52
55 13 29
36 95 69
7 7 12
32 85 24
35 93 30
69 36 54
69 5 14
48 52 94
35 56 80
76 91 97
26 99 76
78 8 90
97 1 40
36 78 84
30 48 10
9 4 27
26 9 96
49 17 75
65 21 7
76 90 1
82 55 24
30 71 81
21 95 79
12 94 63
66 19 12
56 86 44
21 23 94
60 45 98
79 78 10
25 61 91
84 30 32
85 27 20
96 63 34
91 64 41
34 45 15
30 18 67
73 14 17
74 66 34
85 4 31
8 14 63
37 11 45
28 68 70
83 30 72
17 74 66
26 10 49
22 1 67
55 20 87
34 95 41
27 89 64
41 27 24
55 82 54
85 58 81
26 86 81
23 67 67
69 77 74
69 83 47
87 46 20
92 27 82
74 64 31
77 33 69
37 87 89
5 47 27
61 34 15
32 76 59
84 97 78
57 97 17
19 96 52
4 33 47
22 49 20
26 46 76
79 77 22
91 66 33
56 53 28
78 14 61
69 24 58
17 31 93
35 11 29
66 58 52
5 68 90
4 25 46
50 25 90
22 82 67
34 93 69
3 80 31
74 88 56
73 93 20
15 40 28
82 93 69
29 38 36
48 69 67
35 72 71
38 65 50
30 3 95
29 82 18
25 70 61
86 20 50
94 33 35
28 60 60
59 4 3
36 14 18
2 76 16
71 84 14
60 50 14
31 29 22
42 59 60
24 6 71
53 44 14
19 37 59
36 45 81
81 21 81
9 2 16
83 53 65
76 66 74
82 31 7
64 84 46
69 53 57
60 9 13
12 28 15
27 37 64
15 39 22
32 53 52
46 49 73
59 47 32
64 58 38
32 9 15
38 83 96
74 69 53
39 14 90
88 69 80
16 15 7
13 72 81
43 47 64
45 41 41
77 67 50
56 7 22
7 63 89
15 18 15
76 96 97
50 95 71
15 29 39
12 5 96
19 60 87
91 65 7
61 48 96
19 40 99
71 48 46
7 39 78
91 46 42
4 55 18
66 40 25
10 49 58
5 36 65
72 9 90
60 2 8
47 14 32
15 13 96
71 88 25
81 34 72
44 95 70
32 90 23
8 35 3
7 35 37
58 19 72
78 34 31
23 79 31
16 52 41
17 92 75
76 30 51
27 86 58
67 83 68
15 60 61
58 96 51
36 84 83
80 24 12
6 73 75
19 51 42
66 46 82
24 84 90
52 11 46
56 51 28
99 2 58
24 20 57
76 87 84
77 54 5
41 47 22
15 40 36
29 17 92
50 93 93
37 92 95
7 67 90
36 37 46
41 46 66
48 23 24
8 29 83
51 50 90
31 61 84
35 31 43
45 13 80
51 39 95
62 35 6
12 78 44
10 21 72
27 52 89
48 63 96
80 79 22
72 99 69
89 60 38
92 34 45
21 24 29
6 37 19
27 4 92
53 30 86
77 84 16
98 16 84
65 4 40
62 33 34
19 25 73
63 2 12
65 57 35
60 48 44
31 34 61
79 86 87
12 40 87
71 81 78
81 75 74
60 91 99
63 83 77
76 76 47
74 53 6
54 95 83
79 43 27
86 55 58
8 37 6
30 62 78
20 93 29
76 97 37
22 41 57
17 40 85
80 23 76
9 71 14
83 29 86
68 41 59
36 18 88
43 26 28
91 79 91
34 63 18
37 29 38
75 26 90
75 70 78
2 37 31
92 50 82
30 23 42
23 77 41
63 57 43
72 5 5
32 56 59
79 20 56
85 37 48
88 53 99
93 6 73
6 23 43
26 4 95
43 92 95
15 64 26
39 12 33
43 27 40
22 5 97
47 74 56
20 73 51
5 19 80
22 1 49
32 25 99
84 39 17
3 55 51
7 47 46
45 11 74
14 50 44
39 5 29
30 7 51
58 60 56
78 66 80
98 48 89
60 21 38
10 34 45
7 25 55
71 49 2
30 29 50
88 32 94
84 23 66
53 64 84
21 52 13
9 89 58
92 68 63
22 30 87
90 39 91
40 99 76
69 74 22
35 74 10
62 31 68
66 96 27
14 2 34
81 27 40
9 22 30
23 92 51
79 75 5
31 31 2
67 63 38
65 70 73
1 85 89
85 43 29
2 64 51
36 33 33
81 71 53
26 93 4
59 25 64
7 3 95
70 96 61
18 13 36
5 62 79
99 89 88
14 42 76
9 77 88
96 85 20
43 58 83
63 31 42
46 41 24
1 47 87
94 11 72
7 8 24
98 78 79
15 2 81
30 2 55
35 16 99
60 8 3
1 95 88
3 63 73
88 28 41
74 41 54
34 65 81
18 19 42
33 1 20
40 73 56
30 98 23
59 48 13
86 25 28
95 50 21
31 17 97
83 41 73
59 71 44
56 98 1
85 4 30
29 67 52
67 48 79
10 39 93
30 1 69
78 42 54
77 62 52
96 1 53
47 35 14
40 72 61
67 3 96
53 11 6
86 52 92
34 92 62
41 21 10
52 8 7
33 68 96
19 88 55
48 84 4
76 36 77
20 67 60
44 77 69
54 65 8
38 80 64
34 14 75
6 64 56
11 36 27
61 55 70
31 80 96
22 66 9
57 32 63
38 49 16
77 36 92
97 65 95
30 62 4
4 14 19
80 2 45
5 88 51
72 56 67
75 4 91
2 22 44
98 46 80
23 62 65
66 6 86
63 73 28
93 61 85
83 41 51
48 34 83
32 7 85
23 96 84
81 83 56
9 18 57
77 3 22
89 75 34
13 86 59
42 73 53
12 66 50
45 93 4
31 23 56
72 76 4
47 31 67
46 69 46
99 46 98
67 75 87
8 9 21
48 37 37
69 62 17
32 93 7
40 66 33
39 99 27
35 88 2
91 53 93
58 47 66
38 94 2
38 46 27
91 93 36
25 6 78
91 55 7
59 73 87
95 57 35
26 34 39
34 32 44
77 40 62
94 50 38
88 95 70
43 71 63
78 83 53
35 65 47
90 83 71
15 22 50
26 64 31
47 66 9
5 49 86
25 60 78
91 30 66
66 70 28
70 76 43
28 11 86
40 69 9
39 7 66
58 74 30
17 29 22
22 34 17
59 87 73
70 86 71
77 20 81
88 55 1
84 88 73
35 92 82
69 33 56
64 62 56
85 37 56
97 68 18
20 49 24
99 4 34
46 24 31
82 70 6
26 16 43
68 56 83
31 46 80
95 46 23
18 85 21
2 24 68
65 47 4
14 23 73
1 73 85
82 92 89
47 56 88
22 23 49
11 60 6
9 77 17
13 34 96
51 16 65
17 49 45
74 74 23
19 12 66
86 24 30
73 81 40
66 34 90
61 97 23
73 18 66
16 90 93
88 76 28
45 12 71
26 52 70
9 23 3
7 42 20
23 48 64
40 80 16
64 55 18
27 53 51
84 37 9
8 65 9
25 13 48
32 27 49
32 81 15
40 57 14
13 44 30
6 95 89
76 13 13
69 61 14
45 40 72
18 49 97
73 50 71
89 5 44
35 14 6
7 59 99
36 24 14
19 50 54
15 39 94
32 52 96
83 85 83
18 63 75
2 31 5
35 97 80
3 15 42
29 94 36
99 74 62
86 40 72
15 39 18
12 40 32
50 90 87
96 2 5
2 1 91
51 15 49
70 2 76
53 18 42
39 38 51
16 54 4
33 3 78
76 77 90
19 93 67
87 96 62
26 47 71
28 43 58
60 81 80
30 73 34
8 82 92
11 31 70
28 18 15
60 55 73
89 14 93
67 56 94
75 82 41
37 40 80
62 99 60
7 11 64
79 10 50
91 3 58
80 62 83
20 68 64
74 10 22
54 74 44
65 49 13
50 59 74
12 38 99
48 40 82
57 46 10
72 4 93
82 6 37
66 63 85
43 60 15
64 49 8
36 54 91
4 26 24
41 49 84
49 37 24
63 39 93
86 74 5
80 71 5
98 68 44
35 20 74
22 88 79
50 17 55
86 96 98
55 64 46
73 32 76
57 92 46
90 96 73
29 36 86
93 85 5
50 51 65
66 67 63
8 96 98
73 10 47
64 82 97
87 6 39
25 74 87
18 40 43
15 89 46
44 51 22
86 84 51
47 86 79
27 76 76
13 97 68
39 78 33
62 7 23
24 11 38
26 18 97
79 44 19
94 8 59
43 84 66
63 76 90
4 92 67
25 27 86
60 13 33
17 62 85
18 20 20
54 52 71
78 72 43
26 34 18
77 25 48
28 56 81
12 72 42
61 25 53
16 70 45
89 48 32
46 30 42
38 64 53
79 78 26
63 59 20
21 1 48
26 64 16
55 91 43
56 78 28
55 93 84
83 71 90
92 62 19
88 65 59
50 93 84
81 57 27
69 65 41
95 88 93
72 55 58
71 50 10
97 96 47
70 71 76
61 46 44
16 70 70
14 52 75
52 84 57
43 36 93
30 54 98
70 84 57
20 64 68
7 10 30
45 10 64
84 8 25
55 53 51
64 58 43
30 94 36
45 8 7
11 1 76
36 6 74
83 50 20
72 80 1
61 29 80
69 53 51
37 77 22
44 30 41
27 60 79
92 59 24
19 53 11
2 40 26
6 35 92
67 74 99
5 46 49
44 4 50
19 27 97
12 13 59
77 23 79
68 60 90
79 72 93
65 37 99
77 18 33
76 44 40
6 70 34
46 20 49
28 50 52
59 89 70
73 66 8
93 14 74
67 35 16
57 15 78
6 4 31
61 60 8
84 33 10
74 36 69
30 30 25
86 18 5
88 16 49
96 62 22
34 59 66
86 13 16
4 91 53
29 86 79
52 64 34
38 61 36
93 74 79
50 37 30
5 29 92
71 64 48
93 94 33
76 30 87
39 29 40
59 64 34
86 14 14
29 3 56
50 9 3
6 42 96
3 9 82
88 7 75
3 65 87
41 63 45
42 68 23
28 39 35
12 96 76
7 67 72
40 54 88
56 47 25
48 89 73
84 39 99
53 14 45
28 97 64
36 7 20
47 23 39
12 54 62
99 40 26
96 55 39
71 46 48
47 44 87
22 22 29
47 80 17
28 48 55
3 56 52
61 12 83
15 40 43
16 56 55
49 36 7
57 70 1
57 86 38
78 81 9
52 94 18
60 9 61
2 1 49
90 50 99
68 12 21
95 67 63
35 35 88
13 82 72
28 31 2
18 4 32
81 12 50
83 87 1
76 61 66
20 19 93
85 94 16
41 45 38
6 96 33
71 21 96
87 20 59
19 50 1
51 49 26
92 2 4
43 16 74
50 9 36
74 57 91
36 56 27
92 20 75
60 10 27
97 37 85
96 8 11
37 91 6
25 21 20
17 53 88
16 75 73
18 63 42
50 46 92
51 24 97
75 35 31
32 15 89
15 12 16
16 41 23
32 69 42
2 97 46
11 71 20
19 85 84
40 12 91
97 58 75
34 37 72
63 28 32
9 33 87
24 33 6
96 6 71
96 83 96
45 71 20
25 75 48
44 19 90
23 96 82
99 55 38
45 3 26
27 97 87
35 5 79
5 42 13
60 17 2
11 82 18
23 37 71
89 38 63
16 90 72
71 16 92
35 66 77
17 94 30
62 37 76
20 14 33
96 75 89
66 47 62
14 67 52
19 37 27
75 8 73
2 63 35
15 6 1
99 93 76
61 10 76
21 58 35
3 44 33
1 97 86
60 14 9
41 1 78
14 25 65
46 85 62
8 66 75
73 57 86
28 78 29
81 46 98
26 80 20
84 85 71
78 56 77
61 76 87
63 9 77
95 48 54
52 44 62
98 88 68
43 76 99
68 58 74
52 44 13
83 63 23
96 76 67
82 76 84
75 91 11
90 81 37
12 35 54
77 32 69
90 47 94
66 76 15
92 7 15
25 96 58
48 41 46
32 97 19
52 47 14
82 55 49
60 12 85
67 50 91
84 35 19
33 87 42
21 62 78
58 67 36
20 88 6
78 70 80
52 2 1
99 40 80
66 5 35
57 90 92
81 48 9
81 59 31
91 79 79
18 31 3
24 1 34
94 65 14
74 91 46
46 11 86
62 6 55
4 32 36
33 10 19
34 58 98
41 13 21
80 51 27
64 30 53
98 20 96
96 12 80
21 28 70
38 41 6
24 21 84
79 43 58
83 81 43
3 89 46
52 65 39
71 35 10
4 42 67
59 86 76
29 28 27
66 21 56
72 73 48
40 91 21
23 88 48
64 80 6
92 71 77
80 44 4
48 98 5
5 16 44
39 7 21
19 23 54
55 41 40
99 89 57
14 72 75
62 56 52
56 29 22
49 89 35
57 50 4
47 75 25
54 46 29
91 88 14
70 66 77
70 1 72
13 8 13
50 24 66
27 67 18
45 78 78
36 39 68
7 74 11
90 42 96
98 67 42
58 50 37
3 85 49
38 31 41
6 78 36
85 59 76
4 20 65
87 63 8
29 96 12
55 49 81
27 47 20
20 87 35
21 25 65
87 36 36
88 48 68
9 20 22
98 66 56
53 83 28
71 96 57
73 11 45
92 52 76
15 32 10
32 41 20
91 75 63
5 36 51
60 28 56
45 74 57
71 69 53
59 63 85
18 1 18
79 4 11
17 31 41
29 56 71
33 91 36
21 64 96
10 82 20
90 77 26
53 61 62
55 7 55
28 52 79
9 91 84
54 86 34
26 14 59
76 66 42
13 66 21
66 1 71
22 59 58
23 98 51
49 20 33
67 80 50
56 79 56
14 13 73
57 72 8
62 5 41
75 34 39
69 13 11
6 44 83
61 87 6
70 82 92
1 6 28
81 21 97
89 89 89
75 61 54
30 2 66
59 69 63
79 44 39
44 70 76
23 12 8
5 44 83
23 88 51
51 65 40
52 31 21
25 39 79
46 23 70
99 87 18
47 45 99
64 18 64
26 51 37
17 94 58
87 74 68
26 33 91
10 64 13
86 26 63
38 93 26
98 61 94
88 6 79
61 95 67
39 93 84
73 59 45
56 32 26
37 77 6
80 79 39
15 19 96
63 71 59
81 71 22
51 88 20
62 78 73
6 2 45
71 39 6
89 92 58
33 40 12
76 16 15
39 30 35
40 30 44
67 71 24
72 61 67
27 11 83
13 87 15
86 10 19
3 77 75
54 78 45
50 79 21
46 82 37
43 77 15
27 43 1
95 48 93
87 51 66
67 82 79
67 5 35
70 3 68
54 35 35
96 23 87
93 61 8
99 1 64
34 31 9
91 95 90
61 71 22
79 26 31
85 40 13
55 77 57
96 62 60
33 60 34
64 46 55
1 27 92
66 59 36
12 45 74
58 88 15
83 95 80
65 43 24
94 6 43
44 79 36
3 29 2
13 60 26
19 10 59
36 38 89
5 36 74
99 77 86
73 38 79
10 47 32
19 99 78
24 19 96
42 28 19
30 68 69
10 51 77
41 99 79
13 51 3
17 94 83
89 10 17
32 39 38
6 56 52
48 41 58
39 88 65
83 42 38
63 33 41
71 19 43
54 21 12
5 35 87
77 66 54
69 96 92
6 5 45
27 11 43
17 17 66
47 99 7
13 7 87
71 33 9
41 7 3
45 63 23
18 66 50
80 76 10
86 77 4
6 49 56
12 1 52
32 28 31
58 13 70
89 19 60
29 88 8
39 71 33
11 51 74
75 48 78
50 58 43
53 60 53
31 31 62
45 22 86
36 3 69
12 73 47
78 29 81
68 90 61
27 90 11
43 56 59
52 36 64
51 41 68
18 22 57
86 58 53
64 66 59
70 63 24
23 87 42
25 48 27
77 13 62
70 5 71
90 50 73
73 26 65
31 97 49
30 78 90
63 91 9
64 40 37
76 46 26
29 77 65
50 87 63
39 33 1
31 82 42
83 22 75
77 70 26
51 83 3
17 22 75
12 32 73
81 83 54
66 12 89
9 53 75
97 90 86
39 81 9
71 47 12
90 16 72
68 36 40
57 15 48
4 98 12
26 66 23
41 34 16
75 85 72
14 36 49
36 42 65
89 8 56
3 91 92
4 79 38
58 77 48
41 72 44
46 83 72
77 26 3
27 39 17
20 14 60
39 32 27
64 66 89
6 42 37
97 47 44
55 41 99
76 15 60
77 70 7
36 58 57
71 64 21
3 82 45
97 18 66
57 50 65
75 43 10
2 82 65
40 58 25
93 54 76
98 24 37
78 23 51
79 27 47
43 67 43
67 38 15
80 63 95
14 56 43
41 71 16
70 48 57
80 28 59
91 13 48
36 19 97
32 76 56
50 92 26
79 22 32
21 94 69
40 24 46
3 83 20
9 77 73
71 48 9
46 56 33
91 76 85
79 59 83
50 39 62
76 66 45
39 90 51
80 86 2
84 89 43
66 19 90
91 41 8
38 46 59
54 77 34
87 71 76
12 45 9
95 51 29
34 57 46
63 67 34
80 59 29
8 54 35
8 35 21
56 94 78
79 57 69
4 83 13
47 49 64
12 28 4
89 58 43
44 23 72
52 32 88
38 57 27
6 38 48
31 4 36
84 44 22
38 17 7
82 32 63
1 62 52
32 65 32
46 16 71
36 68 37
26 32 42
21 43 84
28 58 81
7 47 98
54 71 49
20 15 75
83 65 85
78 16 39
74 67 5
26 78 41
43 61 56
8 72 10
2 76 16
27 24 71
89 11 27
28 65 53
4 35 40
25 70 45
30 18 74
72 30 44
64 48 69
69 58 80
39 66 20
89 56 71
29 45 48
4 22 29
87 19 35
41 90 33
9 45 18
12 71 2
44 52 48
66 48 14
76 72 61
71 83 86
36 31 28
22 11 99
7 55 12
33 47 58
35 77 18
68 44 79
37 49 81
33 30 36
19 29 86
29 3 49
29 57 40
60 21 63
19 2 4
54 62 87
15 17 37
2 21 16
69 46 44
46 75 89
66 75 80
6 9 62
98 90 34
17 64 17
60 30 80
28 83 50
87 76 26
74 48 64
11 47 35
49 76 87
61 32 54
89 61 95
98 13 38
40 71 46
11 36 41
92 62 51
21 64 26
37 94 49
20 62 73
32 49 46
59 15 93
7 5 21
95 65 63
67 89 39
97 48 62
44 4 98
20 31 37
47 84 61
59 12 87
77 58 1
55 8 45
18 73 46
64 42 75
73 21 30
11 1 64
24 7 72
94 20 45
68 33 22
19 56 16
28 12 75
97 89 58
29 51 21
15 98 85
54 77 70
25 29 89
1 89 2
92 40 45
44 17 80
79 44 89
45 94 85
37 56 18
33 55 5
47 69 40
33 74 30
73 96 7
92 32 30
76 47 61
52 36 27
85 75 80
44 35 27
68 23 32
61 63 98
17 29 95
31 21 38
16 42 75
4 63 47
87 7 21
27 66 33
55 8 34
92 23 45
8 64 38
47 9 98
17 11 49
37 77 75
68 43 96
13 88 6
68 39 13
50 30 57
45 40 46
22 98 58
48 87 12
16 85 30
43 42 50
16 25 95
57 84 88
55 18 76
18 72 83
40 64 12
87 84 3
70 94 18
36 65 85
35 42 1
21 51 28
90 3 80
37 18 99
52 90 93
98 70 55
60 13 17
87 79 8
48 2 9
78 46 68
61 93 54
50 13 57
33 99 70
85 8 57
70 16 59
13 6 42
84 95 59
20 91 57
98 11 61
33 50 77
58 38 25
77 62 62
48 57 4
93 90 34
12 61 59
77 39 95
87 30 38
18 18 43
67 20 31
45 56 49
35 21 76
84 41 4
30 51 66
14 79 79
51 90 79
78 6 15
65 35 80
30 37 59
66 61 34
68 90 20
33 36 28
6 15 52
82 27 78
48 33 42
64 55 69
93 57 32
18 33 12
30 31 58
29 4 24
68 15 33
63 52 91
81 36 56
81 68 93
81 53 95
56 70 92
48 5 25
36 60 5
76 3 16
75 25 88
6 81 16
47 7 64
27 75 70
5 74 66
55 59 92
29 38 59
98 39 33
82 1 34
49 24 26
51 94 37
79 26 99
65 62 44
6 30 38
66 16 36
70 82 63
38 31 85
34 27 35
99 80 72
8 55 73
52 35 47
39 63 40
96 69 67
93 33 70
43 74 91
99 45 68
59 41 90
92 92 98
39 72 33
2 71 77
37 87 51
63 43 66
52 45 50
90 94 12
45 12 75
70 17 40
46 55 44
10 37 21
63 54 72
23 5 77
32 29 71
82 88 54
82 40 25
98 44 13
87 8 28
3 90 98
59 82 49
3 83 9
36 89 87
27 15 11
59 44 86
53 33 42
56 11 85
93 75 20
58 42 28
71 66 46
49 90 41
7 45 46
32 79 50
89 67 78
12 14 55
92 30 73
64 37 96
69 40 18
96 61 3
67 16 64
72 92 34
95 16 2
5 38 74
51 61 52
56 62 34
49 17 44
43 32 15
24 58 27
24 69 20
20 29 86
48 86 74
61 68 65
62 57 88
66 56 73
95 32 7
93 88 12
76 27 86
81 36 28
69 81 23
98 87 4
11 29 63
3 50 9
38 29 77
91 49 17
8 47 31
45 54 71
89 25 59
15 95 83
89 18 94
60 58 45
68 69 25
92 33 80
46 51 80
27 33 2
10 82 34
94 71 14
75 38 41
5 68 89
21 57 18
19 84 51
42 14 19
70 21 89
46 77 8
81 61 62
11 96 91
50 78 84
1 83 75
18 43 72
5 90 29
65 41 76
68 30 1
38 35 46
22 26 81
36 94 78
71 50 30
15 74 77
69 93 24
93 48 69
5 97 57
15 34 37
57 33 13
93 62 22
55 36 12
81 50 89
55 78 98
1 32 83
11 9 5
25 23 99
34 10 27
93 51 25
57 1 73
4 40 22
81 18 46
77 65 18
92 40 99
10 83 46
31 4 64
55 91 3
7 90 46
91 83 30
43 10 48
60 25 73
9 88 85
52 16 62
9 29 48
80 81 61
15 11 86
72 26 42
65 98 58
32 54 96
84 21 48
51 22 31
19 57 3
47 29 30
1 31 57
50 2 65
96 68 39
46 58 26
16 95 75
5 1 50
76 54 99
77 60 43
23 84 78
93 39 17
16 60 8
34 68 4
89 1 98
84 32 89
17 70 67
52 29 84
47 98 84
99 51 19
69 35 62
38 75 83
49 48 44
4 68 66
48 96 20
20 12 3
20 81 22
76 55 45
96 19 77
76 25 96
17 15 54
20 3 69
23 12 20
67 73 85
39 46 85
21 24 89
97 19 49
14 88 61
14 9 10
82 85 35
75 66 46
33 41 9
57 6 21
52 86 5
55 45 16
76 44 22
21 85 74
66 20 8
20 8 76
66 15 64
3 67 93
92 15 58
24 94 7
47 56 10
5 12 99
62 73 26
78 72 31
39 1 42
54 86 2
69 99 15
21 11 45
91 94 65
36 66 83
50 15 53
6 95 60
80 29 45
97 34 64
2 29 54
38 36 30
95 82 40
34 11 32
27 37 40
41 96 59
1 5 6
71 61 22
24 61 36
51 57 73
33 11 53
41 66 40
19 61 1
67 80 97
4 41 2
38 82 13
52 72 29
27 22 72
81 15 90
73 8 47
34 24 80
19 5 73
68 18 84
78 33 89
13 49 61
56 23 29
35 82 20
93 36 57
63 18 12
25 87 70
99 54 38
52 32 48
66 53 44
59 79 89
31 63 97
44 82 77
68 22 68
46 98 60
45 85 20
29 93 31
88 54 20
41 88 10
96 87 90
74 2 1
73 68 72
39 68 71
40 64 54
13 14 18
7 33 37
91 13 7
57 23 86
52 1 77
56 82 52
95 27 92
60 4 28
3 97 50
42 30 71
39 97 17
71 10 62
83 49 11
27 52 39
89 11 76
92 52 18
81 14 6
64 93 64
36 71 83
77 61 97
56 41 92
3 93 39
89 38 30
41 70 16
33 19 14
89 10 17
81 85 48
1 22 67
33 80 40
89 61 28
84 47 72
64 87 19
9 37 2
60 78 4
77 99 94
65 60 77
19 38 5
47 21 67
46 48 58
21 11 86
64 85 16
41 61 6
68 40 16
83 71 6
16 26 79
38 13 1
30 55 12
46 28 75
34 83 25
50 56 25
81 63 48
55 20 46
79 89 4
83 36 78
58 10 38
10 69 3
32 1 26
34 55 48
67 9 8
76 63 81
42 76 5
76 93 79
33 2 74
55 77 43
46 93 89
33 47 23
23 66 89
43 10 27
8 68 65
47 77 92
89 66 17
67 18 83
96 15 65
20 92 74
34 13 89
88 75 14
52 75 66
18 48 38
40 16 50
10 58 50
37 27 20
86 70 11
17 43 76
83 39 3
49 61 62
93 33 18
83 77 71
43 38 73
27 68 37
66 91 50
94 17 42
38 90 48
12 76 92
65 89 49
63 96 15
89 75 25
23 19 97
2 86 56
77 80 49
2 70 34
83 24 89
56 81 1
26 64 3
55 7 54
16 85 86
75 39 19
23 9 5
89 45 77
85 91 98
86 44 83
39 11 68
82 11 82
25 48 33
51 53 78
94 54 28
92 27 93
30 48 92
14 22 37
32 14 57
78 58 60
49 51 80
71 68 46
6 12 22
28 57 77
71 97 53
20 40 49
46 18 80
37 81 46
35 6 11
42 79 67
86 95 14
55 65 26
33 70 19
72 69 82
23 46 7
39 24 39
79 23 79
73 37 17
9 33 32
24 49 25
40 22 19
11 17 35
11 85 62
55 7 56
3 46 89
47 2 78
71 9 78
97 46 92
57 86 78
91 74 16
70 84 48
61 72 93
51 65 41
23 84 89
76 62 85
7 11 29
72 23 45
17 90 85
26 1 34
87 24 50
59 10 74
50 36 69
72 8 34
25 85 17
9 80 57
62 71 72
12 25 77
71 22 47
67 25 99
43 13 35
57 62 50
26 46 59
64 94 69
81 60 48
93 57 74
34 33 37
44 26 49
29 32 60
6 73 50
56 21 71
48 35 39
12 81 69
19 71 97
11 34 24
15 95 48
16 83 41
28 74 69
61 52 49
63 68 17
53 40 22
95 63 85
79 72 75
18 41 56
9 70 18
78 52 61
2 3 67
10 72 60
98 38 20
97 97 10
86 69 92
30 91 54
55 97 47
82 45 47
26 54 86
28 57 21
41 80 63
24 40 76
92 14 23
71 23 83
72 57 54
72 55 53
61 51 2
81 33 48
32 97 94
43 95 33
31 40 42
51 89 43
96 67 59
97 52 13
34 8 44
24 18 70
69 28 58
22 38 49
22 79 43
83 59 15
65 41 13
36 4 13
3 31 9
91 61 6
10 10 74
89 69 63
76 85 22
43 25 25
26 15 46
81 29 8
68 22 36
55 50 86
49 80 19
12 65 7
83 60 87
32 86 21
57 18 40
78 55 24
51 17 57
92 82 57
25 42 96
98 24 47
22 41 81
51 18 73
7 56 21
94 21 79
91 53 91
43 96 58
11 6 97
16 72 10
55 12 52
78 88 14
60 75 95
68 3 97
64 16 86
88 11 37
44 86 10
49 71 49
24 74 29
21 10 95
5 62 89
74 12 86
10 36 94
36 60 87
5 70 16
69 82 4
33 94 14
72 31 67
69 47 54
71 1 66
26 33 54
54 38 12
30 37 51
41 23 78
30 32 68
30 21 86
26 57 1
48 72 28
57 84 7
58 9 30
14 4 95
80 11 77
94 42 48
59 41 10
13 11 93
60 55 71
5 37 13
7 57 24
55 9 82
48 16 9
4 12 7
17 17 33
35 12 44
14 26 92
1 43 56
21 8 91
69 37 87
67 3 13
81 23 93
29 1 19
42 27 87
33 69 99
2 70 82
51 18 96
70 23 3
20 24 86
20 16 30
51 44 96
46 41 83
24 35 19
66 77 33
65 2 63
3 36 5
71 44 45
54 45 95
27 27 3
74 91 11
37 59 52
15 21 90
91 8 52
77 73 42
69 6 66
6 1 64
69 87 46
86 14 10
81 82 2
41 79 6
43 13 5
88 2 76
94 43 29
59 36 47
35 68 20
65 27 1
22 18 16
87 46 40
50 48 80
97 82 10
98 30 91
59 4 62
6 45 61
47 60 75
32 75 8
5 11 44
97 90 5
62 62 6
40 41 43
84 6 85
21 95 22
58 28 56
36 23 88
90 15 48
88 20 73
18 16 37
89 99 73
29 53 75
70 16 69
34 84 27
70 4 7
92 20 49
1 9 15
52 22 18
75 38 9
74 99 56
65 80 97
58 26 52
56 37 91
49 28 73
63 30 63
45 5 29
7 85 44
52 51 99
10 84 53
16 90 3
2 16 97
84 10 95
31 48 72
64 76 54
68 71 79
38 77 18
35 82 16
72 91 19
6 67 18
95 59 33
49 93 71
88 66 78
91 24 47
83 93 71
35 46 48
74 67 99
83 58 36
36 9 24
57 50 46
36 57 40
92 35 92
74 72 91
3 32 90
60 64 87
36 78 81
49 59 34
6 90 69
30 59 73
36 89 93
64 77 48
45 84 51
2 20 31
92 43 59
71 88 47
90 72 61
28 27 76
66 7 21
44 13 58
53 91 67
17 20 29
23 48 87
16 24 93
29 80 72
24 25 65
2 5 80
52 44 95
46 56 95
64 21 35
92 43 31
16 71 18
67 57 4
65 53 49
71 39 87
68 14 90
10 13 69
56 49 56
83 93 28
82 24 95
5 60 7
73 17 83
67 73 60
98 23 77
19 66 1
52 96 87
85 79 34
20 93 5
54 70 14
6 32 89
36 50 92
37 86 52
80 56 45
45 28 11
49 38 5
28 12 53
70 92 56
48 21 42
4 24 78
27 34 52
31 22 5
47 93 31
25 91 39
86 81 90
99 37 17
54 29 82
49 72 53
93 86 29
37 58 88
32 35 33
56 80 39
21 12 71
70 17 23
7 50 67
65 56 4
38 71 45
32 49 89
85 69 79
9 18 37
99 17 34
58 63 54
67 83 26
6 23 84
3 29 2
92 23 8
84 71 54
80 64 71
34 53 90
8 46 49
30 72 30
36 8 2
60 39 41
54 96 36
84 48 80
65 34 43
65 36 47
13 89 63
48 34 38
94 93 98
3 41 7
55 57 98
79 22 57
7 79 80
13 43 31
15 16 37
10 64 40
3 48 85
22 62 58
34 27 20
59 2 84
76 9 36
21 51 70
72 31 69
51 84 46
82 59 86
75 31 92
61 21 2
16 6 96
24 28 59
63 33 16
54 34 9
48 21 65
95 68 66
64 74 60
19 59 44
36 86 95
12 93 35
76 39 27
62 51 18
35 34 44
57 92 38
73 39 28
45 74 27
76 95 70
68 94 43
64 16 63
40 6 9
50 96 69
80 47 66
50 9 84
78 43 35
22 70 1
66 39 37
88 19 85
35 18 72
27 55 63
59 82 91
41 27 30
43 32 94
66 29 75
27 22 22
30 90 32
70 38 5
46 8 89
42 8 62
34 74 92
27 72 41
40 72 91
93 66 21
50 1 46
91 59 24
13 37 3
92 7 73
10 37 27
84 70 48
18 42 57
13 70 12
69 42 64
21 59 58
81 46 74
19 14 90
58 21 77
47 59 79
55 97 31
5 92 60
24 3 76
15 58 54
70 59 48
20 15 61
93 65 93
63 56 21
1 91 80
1 50 14
26 28 88
67 17 57
44 51 39
50 85 13
24 21 3
95 24 54
10 6 36
31 61 22
57 86 23
94 11 83
50 80 7
27 96 18
65 3 44
86 68 61
89 56 93
44 13 2
34 57 33
15 93 52
83 40 60
83 95 12
36 90 51
90 20 76
46 73 13
39 22 94
23 4 41
18 29 95
61 32 43
13 16 58
27 60 43
19 85 32
93 53 44
92 38 96
19 70 76
44 4 29
26 70 43
40 27 31
38 71 40
16 40 32
46 91 7
45 50 76
19 72 4
28 15 94
32 5 95
90 71 55
92 31 68
94 36 74
40 84 28
2 74 92
83 16 26
24 80 44
22 25 54
67 80 42
72 17 51
34 94 5
64 26 7
4 50 89
15 52 71
84 64 20
63 37 72
70 90 41
33 62 81
34 11 52
27 62 41
64 80 71
45 3 18
89 78 29
10 55 32
99 3 52
50 46 47
37 79 45
99 2 60
62 16 64
92 31 46
34 5 46
84 10 10
10 47 82
73 13 86
85 8 17
47 76 64
64 82 17
56 97 53
47 58 65
90 33 73
66 36 44
39 33 95
78 24 95
72 4 46
75 46 36
57 22 74
70 53 1
29 83 63
10 63 26
96 98 95
34 44 13
21 79 26
48 2 44
97 44 47
48 90 54
56 62 9
15 91 74
51 48 13
24 3 77
11 66 17
74 80 14
11 5 93
95 43 9
23 72 7
4 13 6
43 98 95
34 73 62
42 67 87
13 52 54
98 76 78
20 62 77
60 67 13
51 1 64
81 54 54
24 84 86
94 70 11
33 20 18
82 62 59
39 37 19
19 97 9
17 65 24
24 1 85
3 97 91
21 90 86
41 1 11
42 56 59
4 38 74
33 4 34
58 37 54
72 62 37
7 81 58
92 77 91
49 15 68
99 69 41
1 40 98
39 74 93
2 72 99
78 30 65
2 61 21
97 58 66
33 86 14
30 16 31
45 27 81
29 93 64
18 17 7
25 70 47
42 30 61
26 13 31
48 30 55
96 76 89
7 93 15
1 76 64
34 64 76
32 24 26
93 38 11
52 60 88
6 29 87
51 16 6
71 25 90
87 29 83
55 3 26
45 57 32
36 40 94
41 53 14
45 57 55
15 51 94
69 47 26
90 25 19
62 66 92
98 57 71
12 39 22
16 97 41
86 92 93
57 86 91
89 43 24
42 54 69
42 13 69
16 93 90
89 61 5
43 44 72
19 4 12
59 83 8
12 22 26
97 24 74
40 97 48
31 39 67
86 14 85
20 31 47
14 96 32
29 18 49
43 54 40
2 48 17
21 28 34
37 1 69
29 17 92
37 72 78
39 68 31
78 17 10
67 33 1
55 13 58
76 98 10
64 50 10
45 40 96
56 35 14
77 59 73
56 27 15
87 49 41
39 86 41
27 96 47
2 77 86
92 64 52
64 34 74
3 67 27
70 7 63
18 76 4
8 19 91
96 45 92
11 29 19
57 56 20
11 68 91
37 28 96
88 72 33
96 66 35
72 10 25
57 23 58
25 19 61
36 21 21
97 65 49
98 7 60
71 56 18
1 45 71
42 10 47
71 25 29
46 17 26
17 23 64
11 20 78
13 88 70
21 48 79
25 31 78
47 70 3
70 28 85
43 64 92
62 26 18
37 24 28
14 84 51
11 52 76
41 66 73
57 63 62
32 95 52
27 73 65
57 92 2
42 2 10
39 13 35
22 77 89
67 74 10
60 56 63
65 64 88
42 5 96
4 57 89
59 52 32
43 77 70
98 99 77
56 20 80
38 34 65
12 9 52
88 90 87
77 79 96
84 92 16
65 96 69
69 38 64
55 90 55
66 55 4
79 91 26
13 27 64
49 39 19
34 60 1
61 1 11
58 88 84
44 43 68
32 25 79
43 83 9
24 71 30
98 37 66
24 78 85
55 9 63
91 6 46
77 52 76
55 23 98
66 12 33
40 15 39
41 76 52
19 80 53
70 85 21
1 82 63
97 9 28
38 71 83
41 69 25
30 83 39
47 20 61
16 83 93
81 31 55
97 93 40
38 61 42
46 26 40
28 5 58
33 71 6
72 69 75
68 20 73
74 21 86
61 2 58
61 76 4
90 30 94
41 56 73
27 67 52
20 84 13
64 84 30
41 73 58
52 42 45
61 95 79
83 57 23
14 45 91
58 91 69
9 49 5
6 23 49
97 42 12
73 33 46
27 42 45
85 69 8
77 37 52
42 91 58
67 41 11
69 87 14
68 53 64
50 71 55
67 1 25
33 81 92
29 66 36
8 4 23
65 25 96
1 32 86
14 12 57
75 91 50
60 20 57
93 76 38
35 93 90
64 48 64
95 86 88
21 28 41
87 94 48
71 59 3
6 30 69
42 69 47
88 6 49
58 49 70
48 64 71
52 41 48
7 36 95
19 78 98
91 52 56
37 54 80
73 87 25
82 31 12
48 40 4
15 16 39
80 2 43
50 79 14
39 6 30
77 68 88
4 78 12
63 98 43
85 70 21
44 18 93
7 78 99
56 11 95
36 65 45
80 74 83
22 85 84
44 54 88
94 41 6
89 65 97
12 18 15
7 62 21
15 33 19
50 82 93
58 27 76
77 49 44
98 31 67
81 75 31
34 10 10
48 66 40
73 94 4
71 14 62
79 77 97
33 47 23
72 4 17
71 50 80
65 64 86
15 55 19
70 80 6
10 86 45
8 31 51
29 40 5
94 25 38
85 94 34
60 32 82
13 66 48
21 74 45
67 86 78
92 72 49
51 70 66
28 99 18
23 60 29
35 4 73
95 16 61
87 15 15
35 93 43
52 72 9
63 42 84
62 41 41
18 44 99
73 37 58
42 28 7
47 65 74
50 65 65
59 28 75
66 3 26
49 61 45
86 91 39
97 90 53
40 17 74
16 35 84
38 96 5
69 99 16
4 19 32
50 21 99
41 37 27
78 42 6
90 4 76
82 57 75
38 30 43
36 86 93
66 64 43
59 67 98
82 20 60
24 47 94
17 62 8
4 73 46
46 82 11
34 24 32
30 63 25
87 13 2
37 55 49
40 72 80
18 11 21
39 36 23
61 6 84
91 60 65
20 63 11
5 7 78
39 4 6
55 63 25
57 85 50
94 31 43
92 97 87
67 24 53
67 50 65
62 11 88
46 45 1
34 56 21
14 66 65
76 38 18
93 10 37
61 96 93
87 59 6
81 77 61
72 89 33
12 71 55
50 57 22
18 70 70
34 78 58
50 64 84
39 3 40
61 33 88
90 33 2
8 75 22
86 46 1
84 74 77
59 6 47
6 63 63
84 38 99
55 89 79
33 6 78
63 3 56
40 42 92
94 84 79
37 33 42
57 5 24
52 55 26
35 49 42
81 46 10
38 82 13
70 32 98
44 95 70
7 98 36
2 37 89
19 84 59
23 4 65
1 5 42
12 42 74
84 17 8
43 17 15
74 15 35
16 1 66
49 75 38
44 99 65
54 70 1
20 58 26
86 88 98
31 52 64
22 7 90
91 28 29
10 66 93
88 39 12
69 64 30
38 48 82
91 41 99
4 98 20
77 46 18
83 70 19
45 92 39
45 8 76
72 80 83
55 37 9
48 40 31
30 15 66
36 41 9
93 74 19
50 41 54
29 94 55
36 77 13
48 52 63
73 64 17
97 96 83
88 87 36
47 95 54
76 15 62
39 16 94
22 53 82
36 22 85
51 70 13
48 91 2
95 73 62
21 10 71
68 34 66
62 56 87
71 77 25
58 65 72
99 71 90
28 27 66
63 48 59
73 5 69
59 53 71
74 65 45
60 58 77
85 72 77
49 71 82
30 12 18
11 27 82
66 22 58
64 58 5
69 36 36
91 85 60
94 96 37
8 26 85
77 99 80
16 77 59
56 89 50
27 7 41
38 9 7
42 20 40
1 10 83
29 10 61
4 96 27
68 70 9
62 29 93
14 18 43
24 82 10
25 21 96
85 37 65
50 95 96
35 79 17
1 29 63
95 16 52
45 33 91
20 77 21
21 49 33
98 55 51
93 47 2
42 11 26
30 63 12
85 95 27
89 33 45
39 12 4
91 31 48
62 67 36
29 22 54
28 77 15
77 16 56
92 61 58
40 24 5
97 88 53
57 14 38
89 82 97
31 60 86
45 99 35
66 56 25
94 60 19
18 36 56
83 24 11
40 69 2
86 35 83
9 82 37
54 54 55
21 78 57
58 36 14
96 68 61
95 90 50
40 41 79
65 15 90
15 84 52
98 77 43
45 68 79
40 90 71
44 21 92
60 29 54
73 22 20
60 22 40
41 44 75
16 35 52
49 4 18
97 95 36
26 38 6
93 72 32
22 67 16
22 34 55
93 80 94
74 5 97
56 93 7
74 16 18
92 68 35
2 61 38
86 39 9
63 47 21
81 45 86
73 9 13
19 45 34
5 70 74
50 61 83
24 11 12
79 19 61
4 65 37
84 88 30
31 78 52
21 78 42
15 68 81
19 73 66
18 37 62
86 87 77
1 79 91
71 65 96
4 19 50
38 11 35
20 70 96
72 46 19
80 78 55
95 46 52
55 11 39
84 21 61
66 59 32
52 53 6
79 55 68
90 93 31
94 96 81
89 84 41
36 57 83
67 55 80
56 62 91
77 38 19
84 54 54
93 52 66
32 12 55
38 12 72
31 97 77
4 37 32
78 35 28
67 13 95
77 84 57
40 42 19
36 38 12
98 27 18
75 31 13
37 74 24
92 6 68
7 46 71
4 30 58
89 75 77
49 8 99
71 70 45
84 22 70
20 87 59
12 23 1
42 90 25
88 18 53
99 70 95
88 47 9
66 83 99
61 90 31
75 76 87
21 12 53
25 33 42
88 4 59
97 82 69
48 47 47
57 23 10
86 87 96
43 92 63
93 92 21
51 97 33
98 8 38
14 75 56
23 87 36
37 25 89
12 31 63
93 53 80
25 24 11
91 81 85
16 96 34
85 14 16
96 18 53
12 21 78
43 38 6
17 98 55
92 33 55
68 98 21
71 11 48
38 74 81
99 36 82
87 39 4
50 39 36
83 66 55
24 85 74
86 32 46
26 16 1
43 54 99
59 98 97
70 88 19
57 8 5
39 10 39
32 6 33
16 93 95
29 59 8
18 5 1
95 2 85
54 61 73
83 73 9
36 17 47
68 89 43
41 88 77
12 22 87
64 36 36
3 66 30
96 83 45
43 85 47
11 90 85
56 29 84
87 14 9
94 46 97
13 85 89
28 45 63
36 70 57
50 95 43
84 96 11
74 87 23
67 15 49
65 82 49
93 38 19
2 44 16
50 94 76
36 32 41
71 22 70
56 21 64
51 69 52
62 2 24
7 41 7
1 26 89
64 2 81
43 22 88
12 36 32
93 54 89
14 53 71
74 40 78
85 37 3
68 16 72
53 78 30
20 13 20
99 14 23
76 77 93
83 69 1
38 82 53
86 12 24
5 2 41
26 24 14
78 36 10
26 74 99
17 13 12
36 14 26
99 83 21
64 91 35
9 84 70
11 69 75
21 47 35
84 96 70
45 87 36
13 31 74
48 86 72
39 36 23
69 14 67
63 42 8
20 1 11
15 3 98
79 91 29
80 5 39
41 34 57
77 89 92
65 18 58
22 27 51
72 88 57
58 93 76
49 4 20
79 3 54
2 68 50
99 39 87
11 61 36
32 46 82
57 49 80
43 99 70
49 5 97
93 11 9
21 41 7
70 33 17
69 47 90
63 93 86
6 22 20
10 49 97
39 51 44
32 87 98
88 4 92
74 56 74
40 94 19
23 3 86
14 2 38
9 70 64
86 67 7
82 72 87
4 90 16
74 98 46
46 74 7
89 79 97
74 87 59
86 56 5
3 89 70
57 83 86
45 13 98
8 82 36
72 35 34
27 92 84
16 84 36
67 87 99
17 71 9
68 55 84
72 40 70
10 70 45
67 29 19
70 36 9
36 33 92
76 90 99
87 77 92
21 87 18
54 66 21
73 42 48
99 26 25
7 80 76
35 88 62
33 57 63
69 37 75
7 76 23
25 23 12
27 63 58
65 27 77
84 12 1
4 57 48
33 94 65
49 10 34
43 64 81
64 87 41
56 49 25
87 71 20
33 44 74
79 74 4
69 48 39
92 49 16
31 37 20
24 76 27
88 58 58
85 46 19
30 53 18
22 60 87
97 50 52
32 30 91
39 54 60
23 12 44
73 70 20
7 30 71
39 53 44
4 39 57
92 73 3
49 75 13
81 98 81
80 97 68
53 90 42
97 49 79
79 64 19
76 33 11
10 53 99
14 13 22
68 99 15
86 17 80
30 58 31
88 8 34
15 25 35
6 53 84
33 36 84
80 81 69
26 29 48
11 77 58
91 48 92
17 92 36
22 27 62
41 83 30
62 52 15
68 90 89
43 78 64
28 52 96
19 15 60
28 96 81
89 58 67
81 90 65
18 27 75
14 15 42
42 1 33
40 11 32
50 73 63
57 17 52
39 28 13
23 72 30
12 40 41
67 8 78
45 82 87
23 63 47
76 49 48
37 46 24
22 71 20
71 88 90
15 5 70
86 94 98
43 15 68
88 70 63
43 92 98
46 22 33
10 97 55
61 54 93
1 40 70
28 41 51
22 94 20
11 86 74
99 28 71
40 85 14
79 78 14
9 86 26
47 65 38
21 55 98
50 26 96
29 97 61
75 18 16
84 86 98
93 96 65
94 4 10
34 71 92
93 93 90
44 49 87
48 5 68
20 37 46
32 47 28
89 89 73
42 10 73
9 37 6
49 52 54
37 34 9
22 56 63
3 48 59
38 44 62
7 46 30
80 32 13
97 75 34
90 80 6
59 17 36
5 97 25
12 86 41
56 31 44
9 46 77
1 16 83
32 67 42
64 97 22
99 84 50
10 6 66
96 95 57
43 38 90
35 21 40
55 52 17
84 28 35
46 20 46
24 89 69
4 20 20
91 44 16
50 22 54
99 73 39
14 66 55
97 23 86
29 75 16
76 78 55
46 41 53
72 62 72
16 3 16
67 75 27
92 55 71
4 30 5
37 32 51
42 2 35
2 96 54
35 83 3
22 22 52
63 27 91
77 69 77
85 82 75
11 97 7
58 7 74
60 42 50
15 20 3
70 45 60
74 73 44
3 46 53
62 84 11
74 36 16
73 31 22
1 10 94
87 54 6
67 40 20
9 7 12
95 90 11
73 95 90
31 99 56
92 55 99
26 14 40
16 96 43
68 69 19
4 19 60
30 28 85
95 63 74
62 98 21
72 70 47
5 64 63
43 75 60
32 96 3
69 61 58
34 82 23
26 75 11
63 8 3
45 66 59
69 61 10
45 68 90
59 32 50
18 30 49
91 18 97
9 28 56
18 99 17
47 89 85
29 58 25
52 64 22
77 1 93
25 32 38
65 88 36
50 2 68
27 77 34
2 45 19
90 93 96
64 24 4
15 94 31
85 82 13
65 76 81
64 47 73
39 18 4
22 16 2
8 60 18
99 19 81
71 52 88
98 69 70
68 46 9
19 58 34
46 16 43
43 52 96
39 3 98
23 16 11
47 1 24
85 90 56
66 21 19
13 12 7
64 94 98
3 45 44
84 42 23
14 48 44
53 32 29
23 19 6
76 74 65
65 64 36
10 18 28
30 72 19
45 87 4
30 86 22
14 2 93
69 64 2
16 53 25
91 77 28
26 64 2
19 23 57
58 92 36
89 61 83
15 55 94
74 72 97
17 99 58
62 60 20
2 64 34
77 93 77
73 94 29
42 49 91
55 13 73
7 46 93
30 62 57
31 86 99
70 72 3
72 28 31
86 20 59
45 85 46
87 51 54
36 24 40
52 80 3
87 18 19
36 91 97
44 78 85
96 25 51
29 80 93
2 51 41
18 11 54
97 19 14
27 27 64
67 99 9
82 32 67
27 8 93
28 16 51
98 30 81
65 57 40
19 37 47
60 31 84
95 42 3
31 58 3
68 94 5
13 32 82
29 4 22
19 78 44
83 54 5
53 56 23
73 71 21
28 43 35
56 39 89
69 97 28
82 23 87
33 12 58
15 14 12
94 79 68
28 34 45
16 81 2
65 45 25
64 84 65
70 70 97
49 26 48
49 29 58
30 13 19
57 12 49
93 17 87
22 16 43
52 14 15
92 41 21
42 13 44
14 76 29
5 47 46
18 53 14
75 10 90
11 1 62
97 61 47
97 30 98
57 53 39
15 13 70
48 2 50
30 59 75
95 85 37
82 23 54
67 52 88
15 59 10
19 68 50
95 34 2
25 92 72
29 22 57
3 9 6
17 79 22
30 56 62
88 32 49
13 94 93
39 92 88
75 86 16
3 62 97
20 55 41
87 6 49
31 64 85
43 20 78
41 89 54
59 69 92
23 12 75
25 63 8
85 15 21
32 92 97
87 29 7
33 80 98
88 34 82
69 9 98
88 61 5
8 87 17
13 19 91
58 3 1
3 99 90
27 43 80
18 18 63
85 74 81
32 74 6
69 70 73
41 57 66
97 90 20
60 70 86
99 98 39
4 50 3
51 76 73
6 92 3
69 33 85
54 92 21
16 52 52
14 39 76
7 30 87
4 92 51
50 83 51
68 40 39
43 16 47
49 80 35
53 57 14
37 5 66
13 2 74
33 36 1
9 16 22
53 59 54
6 2 99
9 29 3
77 31 23
53 53 78
12 74 7
59 12 31
25 87 81
6 8 48
35 4 89
77 30 84
16 59 28
37 59 20
5 16 14
86 45 81
63 71 16
45 55 25
4 14 46
3 56 49
52 82 98
43 25 70
1 35 40
40 11 91
93 25 38
11 17 77
73 73 65
20 38 76
16 49 1
28 54 23
63 65 15
17 75 85
31 82 10
46 32 78
2 28 50
7 20 58
77 20 14
8 86 14
43 17 69
25 73 90
89 81 48
71 25 61
24 75 58
14 97 29
64 18 19
40 20 42
66 62 37
3 73 41
75 89 40
93 96 67
55 55 31
94 34 60
94 26 94
92 93 61
82 46 85
83 76 96
92 62 46
17 70 23
49 88 91
16 97 53
44 86 4
99 38 60
11 11 12
11 27 54
72 11 92
49 44 25
80 15 17
