1000
58 55 51
24 76 6
19 9 73
66 81 27
50 1 69
38 40 28
39 61 69
46 31 42
22 38 40
69 55 27
12 7 50
83 52 15
12 84 36
18 19 47
18 7 26
1 47 29
22 25 54
64 7 60
9 18 52
10 38 73
48 74 12
29 51 67
58 28 58
24 18 8
60 5 58
23 11 73
77 49 78
83 45 51
83 75 2
18 47 14
84 70 48
37 39 44
19 68 39
34 28 57
69 43 36
4 29 3
17 36 39
36 63 80
44 55 35
27 36 81
57 27 18
2 79 77
77 60 19
77 8 63
82 21 73
12 49 38
27 63 42
60 30 79
46 25 80
32 24 31
9 80 33
57 28 31
25 77 81
81 2 20
60 51 6
26 84 5
79 65 72
45 52 10
39 47 33
25 64 19
43 31 12
31 80 19
4 46 74
21 40 60
64 37 59
27 65 27
81 40 71
27 9 35
11 67 23
48 69 81
13 18 69
12 59 61
17 21 69
61 55 67
26 25 61
76 38 84
18 59 71
57 45 29
9 67 38
35 26 6
75 46 42
50 57 84
43 25 73
32 54 64
63 11 22
26 67 3
59 68 63
48 50 67
33 81 3
81 65 34
53 55 22
60 76 45
67 13 34
24 30 8
33 27 82
31 8 72
27 77 60
11 29 18
80 62 80
4 59 11
72 2 13
69 49 2
71 63 60
64 25 4
5 63 59
43 77 44
36 46 77
55 37 74
9 62 54
45 81 33
44 26 54
5 32 30
65 55 62
53 63 12
11 19 77
35 34 83
37 24 69
57 25 36
71 76 5
70 65 2
14 64 50
62 18 8
4 64 38
45 13 18
18 25 45
32 19 75
43 23 1
38 48 11
80 39 67
57 79 53
33 15 66
18 17 69
39 40 70
31 43 7
28 64 63
38 1 16
72 26 73
10 29 49
49 81 64
79 18 62
27 70 26
6 6 64
29 63 62
4 29 64
61 10 28
63 32 80
47 39 5
8 60 47
27 79 1
83 60 36
5 37 71
15 77 77
82 15 5
51 18 4
51 14 41
35 29 45
2 18 53
63 21 25
68 29 51
22 75 19
60 61 52
68 70 79
20 22 63
64 1 53
38 2 40
19 39 25
66 27 56
2 79 56
76 57 32
61 45 35
65 37 14
46 60 57
25 31 1
74 36 21
10 11 37
19 66 2
28 22 71
50 82 52
35 60 6
23 75 21
15 24 76
68 74 56
21 65 14
12 42 63
64 8 84
52 6 76
21 31 18
41 68 1
63 56 42
73 42 55
84 82 56
64 22 2
22 79 79
56 30 70
17 25 15
22 2 43
48 77 34
8 45 64
11 59 83
75 78 72
15 30 28
13 61 38
19 55 15
15 77 66
82 38 63
1 54 51
14 36 5
74 43 59
79 68 78
8 31 43
27 9 50
11 35 47
71 59 46
28 21 42
11 13 18
61 79 21
40 7 20
16 16 80
74 50 62
71 11 74
44 58 75
49 37 23
29 25 55
61 30 5
43 3 62
60 74 55
20 77 56
12 71 81
51 43 84
14 36 57
84 68 42
50 46 29
35 50 33
32 57 8
49 45 53
63 69 71
13 18 61
61 63 2
46 49 14
23 69 40
25 72 60
68 14 12
82 84 5
40 17 45
8 76 61
31 76 8
83 34 25
48 11 69
61 35 70
81 23 75
60 10 14
77 9 56
35 26 36
31 63 76
69 46 35
56 79 73
39 15 14
51 34 31
83 71 79
27 54 36
47 62 74
40 45 47
23 24 43
69 74 67
5 25 10
52 71 58
47 23 65
73 7 26
8 48 12
1 2 39
73 24 83
30 55 19
71 19 29
81 51 77
25 45 38
21 46 75
18 48 72
7 34 66
47 14 81
47 64 60
81 52 5
66 79 40
83 63 80
27 30 41
57 81 60
60 39 70
48 68 40
66 11 77
15 48 74
62 67 11
24 62 68
65 53 81
78 37 67
5 48 50
76 78 52
8 47 67
46 54 21
66 21 62
79 81 20
26 31 37
67 67 68
35 42 41
58 70 47
34 56 76
5 26 54
49 18 57
73 43 77
23 49 38
14 12 31
74 73 75
27 3 55
42 84 5
18 82 48
58 31 6
47 20 61
43 30 40
39 75 20
51 13 42
55 55 26
45 36 67
18 34 55
1 53 5
32 63 21
34 14 62
36 80 62
23 17 57
63 51 25
50 5 51
83 58 79
57 25 24
74 58 41
64 39 50
16 23 10
27 42 55
17 48 57
14 30 83
54 43 46
55 53 37
3 60 40
75 49 48
8 43 33
9 64 60
17 48 81
63 69 71
66 60 65
55 5 42
10 44 42
5 52 10
45 22 28
26 61 71
11 31 2
44 55 66
80 45 16
76 51 62
77 63 32
67 11 66
44 47 18
11 33 83
49 74 14
25 28 21
55 30 50
66 68 63
8 63 69
75 80 26
14 48 78
80 52 43
61 46 82
40 36 61
50 44 20
73 1 30
76 7 23
34 51 17
55 6 17
32 5 75
73 81 37
83 56 63
61 7 20
20 45 58
56 18 7
23 33 10
83 51 36
26 37 10
78 50 11
26 59 45
10 61 57
53 59 67
66 2 35
48 10 23
81 20 4
65 12 24
5 20 77
45 50 22
69 58 77
41 34 78
48 30 20
54 2 24
62 8 26
2 40 24
9 29 72
32 3 61
69 7 62
53 37 8
8 22 77
46 33 3
39 59 60
9 67 4
63 55 15
30 4 49
38 47 36
31 35 44
79 21 26
15 1 24
50 2 43
39 79 5
43 65 19
2 31 74
47 43 65
4 56 73
54 18 5
14 69 84
4 16 21
75 16 80
9 23 68
37 63 32
50 48 45
31 11 64
58 3 50
71 39 35
71 6 52
15 47 9
71 14 7
19 62 38
62 60 68
27 9 26
1 4 23
16 61 74
59 5 71
28 54 69
69 48 80
38 34 84
79 56 23
37 25 11
75 75 32
12 7 56
48 82 19
39 13 53
79 74 38
36 81 75
65 1 64
12 29 6
59 74 84
49 3 69
47 15 66
51 29 23
21 7 28
71 60 27
40 51 3
52 43 76
13 4 1
75 36 12
27 67 59
43 82 80
9 9 3
15 31 6
14 7 76
20 36 12
6 71 34
15 47 16
7 8 51
71 57 31
62 33 49
44 34 33
34 21 9
40 35 63
81 81 58
79 55 72
61 59 76
12 79 75
26 20 64
61 4 5
23 28 76
61 54 63
58 55 1
77 10 14
62 51 26
27 48 13
37 37 54
62 77 66
73 20 45
71 70 26
69 13 67
62 68 17
5 8 53
34 25 76
12 63 9
41 32 19
76 34 22
79 29 83
82 2 50
43 75 36
71 46 78
59 55 69
4 82 3
53 84 76
53 36 76
27 63 70
52 41 55
80 84 67
18 26 1
70 81 55
82 16 67
50 24 56
5 39 14
51 43 4
78 33 32
33 77 74
19 57 53
70 62 82
76 79 28
57 63 3
5 21 67
45 16 50
42 44 61
51 26 33
9 22 35
4 3 40
76 66 73
8 47 60
62 79 46
75 40 13
9 12 58
77 52 36
72 70 16
10 51 19
25 13 83
34 17 71
80 44 4
28 71 59
27 68 22
19 39 30
8 5 63
59 81 39
3 68 23
14 26 34
32 41 17
64 40 45
53 43 57
15 52 77
79 52 4
30 60 38
44 37 52
45 42 52
69 62 36
83 19 78
66 79 41
76 1 7
22 40 22
47 64 29
45 6 40
16 34 34
73 15 66
24 7 49
73 84 50
57 73 19
79 26 6
72 43 9
10 66 36
15 43 15
36 80 62
43 47 75
14 27 83
22 34 6
20 78 39
21 55 34
74 72 76
60 60 12
27 50 27
69 39 3
38 40 76
82 38 20
66 71 65
36 74 65
50 49 79
48 77 51
18 50 70
69 45 13
11 59 76
83 36 30
2 60 14
36 73 56
34 15 29
72 81 24
53 11 53
80 10 73
58 20 39
19 13 72
52 23 8
33 8 55
79 64 63
71 14 74
5 80 55
44 40 70
55 9 79
6 22 39
21 38 47
38 18 12
51 80 30
45 37 21
68 74 61
37 49 19
27 5 76
43 35 16
30 74 25
9 72 76
72 23 43
27 56 75
70 64 35
77 65 81
29 43 14
8 84 53
73 28 43
74 45 17
13 4 23
62 51 44
82 32 58
22 17 75
73 9 22
50 29 84
50 72 53
30 15 3
22 55 19
83 25 17
43 50 23
12 38 64
26 5 62
71 57 77
6 54 28
17 8 48
26 51 38
41 65 6
55 66 70
20 9 50
76 50 8
67 44 78
46 70 61
41 68 82
13 72 6
37 80 17
50 55 74
77 84 7
62 71 75
76 53 74
63 69 50
53 19 63
24 82 71
55 41 30
37 34 82
77 74 46
79 24 38
48 52 60
34 75 30
65 51 32
7 70 25
24 22 79
79 83 69
26 78 28
26 75 58
41 20 25
26 79 48
11 62 63
15 74 49
76 76 30
66 54 30
45 49 51
77 78 5
4 36 76
43 38 46
10 14 71
28 37 32
33 2 29
12 30 69
18 7 61
39 7 50
9 9 39
34 49 15
46 55 83
19 61 40
76 60 72
69 1 3
83 61 18
17 49 21
3 31 50
34 84 83
75 44 27
26 7 67
71 72 71
84 7 41
33 41 76
53 11 75
61 42 38
75 70 26
23 52 21
59 46 15
67 25 56
62 60 80
72 69 74
73 69 23
2 47 4
83 37 42
27 11 61
34 84 64
21 30 1
26 16 14
15 41 57
76 48 17
82 30 42
6 30 83
80 62 27
67 35 38
22 58 36
18 44 44
72 25 15
62 53 22
62 65 82
70 49 28
3 59 15
71 52 52
78 81 40
35 5 27
16 72 13
58 36 48
11 82 27
37 12 27
78 38 81
41 84 68
32 51 7
8 12 19
39 47 19
3 5 26
63 1 7
69 74 16
82 76 82
30 73 36
66 10 52
40 78 44
16 17 83
30 13 84
19 36 39
35 21 55
39 11 50
23 54 13
9 1 36
12 12 76
40 78 26
56 56 64
38 43 44
6 65 79
10 40 18
59 79 40
56 11 19
42 56 59
3 54 27
55 48 26
81 4 20
64 63 45
17 64 75
45 32 54
33 81 32
31 14 44
3 4 59
68 54 64
50 78 22
58 56 32
82 28 11
76 3 16
51 2 18
80 37 30
71 79 4
6 70 60
47 74 35
30 27 2
48 51 65
48 54 52
46 35 48
24 56 57
72 42 24
63 27 33
70 11 28
72 67 23
38 18 78
15 38 2
37 61 64
35 76 66
1 20 69
78 33 20
73 58 46
49 65 84
17 40 57
54 42 38
27 81 18
24 34 38
44 64 81
57 22 69
35 42 63
25 61 52
84 57 1
57 38 66
24 44 13
60 54 63
61 69 32
45 16 83
19 33 56
73 36 68
10 50 52
68 57 1
8 56 67
84 83 1
35 62 13
46 46 14
74 8 36
82 9 16
34 72 73
2 80 62
30 3 11
46 26 79
45 50 76
14 54 34
14 8 42
70 68 8
78 16 39
65 22 28
50 4 14
61 79 44
28 84 43
44 83 16
16 16 67
10 43 15
62 76 18
59 39 43
77 36 27
56 53 63
61 84 57
6 49 32
44 49 7
82 46 46
36 74 18
36 7 61
58 45 28
23 13 12
39 65 57
41 50 52
36 17 52
29 23 81
84 4 3
63 1 13
56 66 28
59 23 37
27 16 30
45 79 62
64 53 50
9 12 51
11 34 26
15 43 31
43 69 13
66 38 50
11 8 25
38 47 22
66 82 58
67 81 34
61 40 38
14 76 61
76 71 51
75 28 76
36 4 70
4 82 80
58 78 36
52 79 52
32 42 24
14 74 80
20 58 77
79 81 76
59 72 50
12 60 79
41 6 66
14 30 54
27 4 58
71 3 15
74 24 33
45 58 18
82 8 63
61 13 78
32 41 32
46 19 58
37 69 49
56 78 9
62 2 27
21 52 36
51 60 63
82 47 1
37 25 36
46 80 7
77 84 24
9 30 28
17 41 49
53 27 41
41 49 72
60 80 67
7 39 15
31 50 63
24 18 7
68 24 61
30 39 8
51 61 20
21 1 45
78 15 63
66 57 7
14 6 29
75 46 65
53 1 36
84 62 59
35 18 29
35 38 40
45 41 46
60 6 16
43 70 68
27 29 65
66 48 69
59 68 78
12 47 19
61 19 34
21 3 68
34 76 37
79 75 26
16 31 7
67 58 47
61 32 47
71 71 55
24 53 40
77 2 4
35 11 69
45 73 75
58 46 22
60 45 57
5 2 9
21 19 58
81 12 47
27 4 36
81 41 2
18 15 2
14 2 69
35 8 55
40 28 37
1 61 27
42 28 68
61 2 56
44 1 31
29 52 74
49 17 18
36 7 46
75 3 38
15 42 69
49 21 32
62 7 8
62 22 84
59 49 36
42 48 47
26 10 60
35 29 82
43 40 9
16 29 27
1 55 17
71 21 62
1 23 37
18 6 68
59 21 5
34 68 80
9 44 21
16 44 40
36 84 40
58 12 68
61 11 6
4 48 9
11 80 30
14 81 21
76 59 49
77 52 54
50 71 32
11 28 7
43 56 35
83 61 39
18 23 29
14 70 15
6 72 65
69 65 25
66 41 80
47 71 62
8 74 82
41 71 15
74 72 65
71 83 17
