100
16 16 33
41 13 27
45 6 45
10 12 6
12 34 27
26 28 40
27 1 35
8 16 3
29 45 7
24 21 4
7 44 33
15 36 21
2 17 1
20 8 2
19 1 14
34 30 7
1 16 36
30 6 8
39 36 18
11 17 7
9 35 15
32 13 40
2 27 27
4 10 8
6 16 24
3 45 24
14 6 38
39 23 1
14 7 43
4 39 33
10 2 11
19 4 44
24 35 19
10 27 25
31 6 39
20 21 25
5 8 19
34 28 44
8 2 22
1 4 25
35 29 9
1 18 8
3 41 14
1 20 43
3 9 41
36 28 28
22 9 24
41 11 9
18 20 37
10 37 33
1 11 45
45 24 29
24 12 26
37 40 5
5 20 41
19 34 30
7 18 19
2 12 3
31 33 20
3 7 24
30 35 15
31 4 17
8 44 13
10 21 24
11 13 13
36 8 22
32 4 10
2 39 12
39 35 36
45 43 24
18 21 12
1 25 9
36 5 11
27 15 5
24 34 26
26 10 42
6 39 15
30 3 45
7 18 42
4 18 42
24 22 43
43 12 40
44 34 4
2 12 43
42 45 32
28 24 30
44 2 41
2 5 17
33 42 39
35 7 26
18 16 27
21 37 35
40 29 20
8 15 44
39 23 39
6 37 12
30 9 18
14 12 3
37 25 16
34 25 7
