1000
29 61 55
68 75 5
66 14 17
62 74 15
51 66 21
61 72 57
67 55 68
25 59 39
6 2 44
12 51 23
48 55 47
15 38 37
10 62 28
60 27 74
40 75 44
46 55 75
40 2 40
63 74 54
71 72 36
51 34 32
18 27 13
18 18 31
49 20 42
55 33 28
12 26 47
45 71 30
30 52 31
21 26 47
4 73 25
49 5 32
66 20 64
56 54 65
54 38 70
13 13 68
71 44 57
26 22 40
23 25 67
29 47 30
45 40 72
15 5 21
10 2 49
53 36 59
26 14 59
46 29 72
33 22 18
55 15 3
20 30 71
11 15 48
48 7 52
31 56 1
10 34 48
5 48 29
47 27 73
6 71 24
35 12 42
32 11 23
53 71 67
31 17 29
54 65 57
6 28 9
2 62 68
48 9 55
69 31 75
8 23 48
45 61 43
49 20 30
45 48 56
25 50 68
70 65 21
75 69 14
13 19 32
1 68 41
5 42 45
69 26 8
63 41 13
19 67 62
68 14 1
33 19 34
67 65 38
12 3 49
56 7 8
6 13 61
5 63 24
70 67 3
11 36 27
70 75 74
33 37 14
43 8 33
15 51 51
20 2 22
17 7 3
8 20 15
35 7 55
47 63 6
62 28 27
3 59 56
72 25 26
35 21 31
72 38 20
63 72 40
55 58 15
52 32 39
73 15 44
39 52 67
47 73 57
50 58 12
63 49 19
20 57 44
75 20 56
31 17 49
21 53 73
44 33 25
20 68 8
54 63 48
33 17 74
66 29 68
1 49 59
7 42 20
40 65 36
41 31 35
16 20 45
58 7 28
41 25 47
30 71 11
31 62 45
12 43 48
26 55 47
13 71 35
7 40 20
63 11 56
52 45 11
3 17 3
10 1 7
5 26 29
33 65 72
43 70 57
7 46 49
42 53 26
42 20 18
43 27 57
56 14 51
16 47 21
42 51 73
38 64 37
33 41 44
67 25 70
45 39 72
30 41 3
4 34 25
13 54 23
15 53 32
31 46 71
50 17 73
62 1 63
20 57 23
24 57 48
33 10 51
12 38 44
9 72 55
12 38 9
33 11 13
74 31 28
4 19 40
74 31 28
8 45 66
59 43 35
21 1 74
71 60 44
20 66 8
32 62 62
73 27 21
58 9 9
51 27 48
53 41 10
67 37 37
7 28 31
5 35 65
20 11 19
19 31 26
37 63 73
73 14 17
11 13 22
56 45 10
35 30 10
18 34 48
57 54 73
47 17 7
66 22 41
71 28 49
42 21 30
17 33 22
46 53 15
66 59 31
75 52 24
61 8 74
27 36 21
55 46 26
10 52 22
66 72 14
67 4 20
41 51 72
18 60 32
45 43 24
8 13 45
6 58 11
30 47 30
67 60 8
54 7 44
61 55 13
38 30 20
23 1 61
31 28 35
23 11 6
14 66 10
33 34 9
58 2 43
41 28 63
18 34 57
38 4 9
61 36 15
51 52 9
57 22 57
57 8 58
65 50 9
10 13 21
23 75 47
58 25 38
48 58 14
20 12 55
32 58 49
53 29 53
19 55 55
49 30 38
47 27 25
17 51 21
6 68 25
31 46 12
16 38 14
28 43 25
41 32 42
29 33 26
35 55 1
49 7 58
53 8 58
53 2 55
62 26 21
40 61 33
41 31 32
12 28 41
6 49 71
30 10 20
16 12 60
44 67 15
38 4 5
16 5 67
36 19 23
44 39 34
61 47 34
65 45 48
25 10 55
29 12 36
20 43 9
24 37 19
49 33 20
24 6 50
50 54 44
55 37 15
67 5 71
60 28 73
3 1 43
2 17 70
9 11 62
33 44 34
28 21 37
23 67 2
36 43 67
12 20 52
63 31 16
24 63 57
66 51 26
65 4 1
33 3 56
39 59 15
53 6 54
20 44 38
75 10 72
48 30 27
42 6 16
34 60 16
68 40 18
48 30 39
27 56 57
25 67 52
59 15 12
18 13 8
33 49 39
48 37 66
40 3 3
70 36 58
41 38 41
15 56 6
36 52 54
51 46 6
52 60 52
51 42 34
19 14 21
73 21 16
19 27 13
29 52 33
39 31 21
15 64 36
36 32 56
18 30 74
57 12 62
32 2 73
54 43 10
4 54 50
22 71 16
13 3 74
6 1 38
69 27 12
58 63 51
2 21 31
36 67 40
42 12 75
61 50 70
70 51 59
8 29 25
39 23 35
7 38 35
12 33 36
16 71 29
60 45 36
32 53 3
28 39 7
29 22 35
60 12 46
43 20 20
29 74 13
72 72 40
43 17 13
27 6 39
1 64 41
2 4 8
46 66 68
51 60 42
66 60 35
49 34 40
15 69 68
16 10 53
2 32 46
58 50 26
75 38 15
75 36 42
72 20 40
37 55 48
17 75 25
23 17 34
2 62 8
57 68 37
71 19 27
68 74 47
36 23 2
37 26 33
26 8 5
21 6 22
68 26 6
16 63 60
61 55 73
20 75 11
32 30 41
72 13 5
3 18 69
70 17 13
56 16 68
43 75 16
46 49 12
44 54 8
33 23 69
58 36 3
75 23 45
50 50 45
45 10 57
7 47 28
6 23 32
47 10 25
68 34 40
5 24 10
22 56 4
15 74 72
55 7 11
56 49 40
2 29 51
31 57 23
1 48 23
22 27 40
37 46 6
60 9 29
53 54 60
46 22 3
66 52 49
34 37 55
46 24 32
71 52 66
27 25 14
11 34 48
16 46 32
16 6 38
24 43 72
2 11 33
58 47 73
3 1 9
45 51 68
65 57 24
43 61 63
17 53 17
3 15 48
11 74 45
65 20 73
39 71 11
35 35 9
74 43 45
19 58 66
47 42 45
3 44 54
7 1 40
16 8 30
22 3 50
15 51 46
24 5 64
31 12 33
44 19 6
15 32 32
36 26 17
66 40 28
13 69 57
43 33 31
4 43 67
68 58 69
16 72 9
42 22 5
46 19 8
49 50 26
50 35 74
3 71 6
66 35 45
46 4 48
16 28 4
2 75 75
11 40 49
61 47 50
42 46 21
27 5 4
68 5 62
21 33 12
64 62 42
58 35 34
62 12 27
57 11 37
51 8 56
34 70 70
2 44 11
12 64 37
58 73 50
32 66 4
73 62 51
72 72 66
56 70 55
61 27 70
2 8 14
20 56 45
3 32 62
28 6 8
75 15 21
32 17 24
49 28 59
13 72 26
17 35 20
12 56 7
64 43 32
44 38 41
9 66 50
12 12 22
20 7 2
18 63 26
48 9 69
51 50 49
52 17 4
41 69 70
72 22 27
65 47 51
55 53 28
11 13 57
27 3 17
5 4 29
43 68 65
23 66 51
9 17 68
34 69 56
53 28 48
28 22 14
16 72 17
66 13 41
35 57 64
3 27 75
47 42 69
13 26 68
30 75 19
40 69 36
45 72 27
58 10 42
54 55 33
71 63 68
22 51 69
61 4 60
8 16 19
7 47 58
56 70 56
63 38 5
14 58 75
56 17 46
51 47 20
12 68 75
44 68 25
47 72 54
32 39 32
56 17 36
47 29 48
20 23 11
70 19 22
7 71 2
23 51 74
41 39 68
26 33 19
11 61 20
4 72 41
51 22 48
25 38 16
32 66 17
22 57 29
27 7 36
49 62 53
6 40 73
42 28 9
48 33 42
19 44 52
67 51 6
36 64 50
15 2 73
7 9 56
39 72 50
53 22 68
1 3 34
15 36 75
67 58 56
62 33 2
9 65 58
27 9 73
16 65 16
59 67 31
7 17 49
52 6 46
57 59 23
74 6 60
61 54 48
9 40 39
6 28 54
64 72 1
32 69 23
14 75 66
48 16 62
41 73 33
44 38 33
18 57 9
43 19 9
51 61 46
34 73 58
7 58 58
4 55 4
14 22 67
63 63 66
5 49 45
34 29 15
68 39 4
39 15 70
65 45 48
31 37 3
18 1 2
29 15 8
2 69 24
66 71 44
4 70 21
34 69 68
4 71 62
47 5 25
62 27 65
59 41 18
24 64 3
60 51 41
41 33 49
70 4 48
23 73 23
64 40 9
6 35 50
74 57 45
47 61 64
14 23 29
15 34 32
31 11 39
18 67 21
57 56 69
51 43 1
29 40 57
35 69 70
4 3 75
73 13 54
36 59 10
22 28 12
47 67 32
36 43 31
29 44 29
16 21 53
34 19 4
54 42 36
12 75 15
3 27 62
42 42 42
3 55 45
9 29 65
35 54 8
33 14 57
17 45 42
17 1 51
20 26 27
60 54 50
56 32 63
55 7 64
18 54 43
37 72 58
65 74 75
59 16 15
71 74 73
58 42 42
37 16 32
3 7 59
55 16 8
34 3 53
21 74 72
31 65 23
17 74 15
51 46 13
56 16 9
3 35 61
52 51 29
47 57 69
75 60 9
32 61 24
6 58 48
5 64 39
1 61 59
48 44 19
73 54 21
46 34 46
48 6 72
54 74 18
28 52 30
70 68 68
29 23 5
1 36 57
9 25 1
48 60 68
23 46 64
51 68 48
28 31 68
42 42 64
33 46 28
37 26 26
21 15 59
26 30 3
53 37 42
46 67 9
60 61 63
15 6 60
21 53 9
52 23 39
2 71 44
20 45 24
55 28 61
32 67 49
21 40 72
22 12 9
3 32 73
44 64 58
60 75 31
48 19 11
40 62 22
60 27 25
67 66 56
43 37 69
63 40 45
74 1 66
7 24 72
18 74 21
65 35 35
68 36 48
5 2 17
64 27 51
17 7 3
39 22 4
4 59 42
21 13 28
36 7 73
48 31 31
1 40 57
71 47 34
64 6 62
53 28 3
36 42 67
25 50 7
28 47 73
20 9 60
28 22 36
55 67 57
59 66 2
33 46 37
11 71 5
16 60 49
45 15 66
64 45 6
21 45 73
71 67 2
25 61 23
56 21 67
54 59 42
43 17 21
22 75 23
48 23 44
64 68 30
70 14 16
63 59 3
70 55 47
29 9 48
60 62 4
57 74 44
71 23 39
25 26 29
19 64 67
64 16 58
16 30 25
31 13 64
72 10 71
4 32 74
28 31 5
28 20 70
50 24 56
1 64 7
73 33 48
13 46 18
65 29 10
54 5 60
21 20 32
24 28 55
28 37 21
5 68 51
58 60 3
22 26 32
44 33 71
64 70 45
67 67 45
60 32 73
33 68 71
16 10 58
54 10 28
37 69 21
45 63 49
20 15 59
5 50 66
19 70 13
27 40 19
8 55 21
12 12 4
11 55 39
1 50 15
65 66 35
46 64 12
35 27 66
63 14 54
27 52 68
71 41 55
61 71 62
59 67 64
24 69 32
60 39 4
13 67 17
12 67 26
44 17 38
24 46 30
47 68 12
73 54 72
13 9 33
1 66 6
8 58 51
60 26 49
1 63 14
12 27 29
31 55 67
27 4 16
71 38 22
59 17 20
60 10 46
16 24 35
37 53 40
36 52 54
64 61 32
61 65 29
73 29 36
53 20 30
19 70 10
66 51 52
66 37 9
23 12 65
48 34 61
15 54 23
5 14 42
21 15 64
64 64 17
31 19 5
69 40 26
54 36 38
35 71 71
50 71 48
26 66 68
64 27 6
8 40 56
21 72 31
67 9 71
55 22 11
14 44 59
47 5 17
49 60 59
42 43 22
22 58 9
11 34 66
27 27 34
5 52 67
20 40 48
23 37 29
66 22 43
4 40 62
6 65 47
47 40 36
45 37 26
9 22 7
70 47 38
67 39 57
17 41 4
41 27 31
39 24 26
43 1 27
56 48 66
3 66 34
15 13 30
75 44 69
58 29 33
71 43 48
10 30 20
51 51 36
9 47 64
43 44 72
12 75 11
49 53 9
45 51 17
70 26 6
75 41 26
4 17 13
5 8 5
66 30 63
22 25 24
65 70 70
57 6 25
60 40 50
38 20 49
64 59 63
9 53 39
35 53 43
48 22 47
75 64 47
11 16 25
17 6 61
58 61 49
14 54 34
58 4 3
21 65 60
37 25 18
29 4 69
26 53 73
44 50 45
72 55 28
24 48 3
59 12 10
39 9 74
73 50 3
12 36 27
58 53 43
60 54 18
59 26 50
15 69 61
62 53 2
20 69 14
3 22 19
48 69 60
12 36 54
33 74 33
31 12 10
31 54 43
13 32 20
72 50 64
12 14 44
49 31 23
61 26 12
51 14 39
42 5 38
9 7 10
8 52 55
73 41 61
28 9 57
31 3 41
25 60 25
14 42 24
45 69 27
6 48 39
62 22 64
61 19 26
33 68 68
22 20 43
51 11 67
20 22 56
5 32 39
44 47 19
12 63 61
67 27 13
38 27 19
60 62 45
26 46 10
70 51 36
17 10 25
46 69 62
65 51 13
34 25 28
21 72 52
8 55 31
75 66 14
56 10 54
55 17 67
15 31 39
24 65 1
61 10 11
35 13 4
20 33 57
23 74 51
71 4 42
30 49 31
4 57 42
44 25 25
41 61 72
23 31 29
45 13 63
42 21 4
68 4 59
18 16 7
34 24 6
61 48 12
72 34 70
15 28 23
21 6 13
59 73 43
58 70 23
48 33 70
13 6 53
24 63 75
65 35 20
64 10 16
47 42 47
56 74 52
68 38 3
73 60 40
46 34 30
54 2 10
31 61 17
11 40 7
46 57 50
16 57 51
16 14 42
13 16 70
16 66 14
10 56 23
10 9 64
43 40 61
4 12 18
48 65 12
