10000
70 70 26
46 94 72
15 36 43
35 33 6
93 13 85
96 46 16
12 95 99
66 46 31
40 80 87
35 54 92
3 4 26
57 19 75
45 38 96
9 14 79
41 50 61
60 67 45
20 83 8
25 29 65
11 7 6
57 88 13
12 17 40
40 28 51
94 39 84
76 31 18
93 79 88
24 54 9
95 51 48
15 54 37
90 62 78
17 59 48
35 10 78
1 9 84
5 69 20
75 63 51
56 69 5
89 80 9
70 44 89
48 70 40
36 11 95
54 58 18
91 35 38
53 2 98
32 85 35
82 51 30
29 2 79
37 22 44
53 52 70
32 87 97
23 19 31
3 8 82
1 93 74
79 72 12
2 42 60
96 38 94
39 55 64
15 12 51
38 89 27
11 76 72
22 38 25
28 80 77
89 89 92
77 72 47
63 4 9
69 19 48
16 28 93
65 89 90
13 23 68
24 89 91
29 3 82
98 65 22
4 87 89
74 74 10
43 4 51
23 31 96
36 70 82
92 68 6
92 75 42
95 63 41
56 87 31
23 13 46
36 74 44
51 57 37
89 14 57
64 59 9
93 59 56
70 88 27
21 85 67
25 4 23
63 93 98
87 58 9
72 66 60
56 86 2
18 64 5
23 38 23
19 78 75
6 42 87
35 82 6
45 87 14
42 90 95
18 87 47
36 4 4
32 64 39
48 9 38
15 24 69
62 64 8
4 15 98
90 5 4
29 87 87
29 75 61
51 41 9
31 13 58
1 68 55
21 17 92
30 68 55
24 93 25
68 21 88
79 48 20
86 96 18
12 63 86
72 53 17
42 13 57
92 94 98
89 33 5
41 17 89
73 31 96
88 66 79
23 79 24
98 66 46
81 93 66
67 41 9
61 16 95
53 44 7
16 94 18
78 97 95
33 3 41
43 14 60
40 80 89
44 83 97
59 24 87
63 7 97
14 75 43
64 36 16
14 67 31
42 61 27
58 81 24
60 28 47
98 97 69
88 32 28
33 51 62
41 21 93
2 10 30
36 16 96
55 87 14
30 60 9
5 88 30
9 93 9
34 76 28
23 26 28
62 41 77
19 21 85
7 32 54
30 54 64
24 10 88
50 6 55
34 56 9
27 69 54
28 78 22
2 26 52
35 79 99
38 30 30
22 74 87
70 65 32
59 97 41
4 29 14
63 20 88
9 86 68
51 37 54
27 92 9
69 67 65
55 70 68
32 42 61
48 47 29
27 5 86
93 68 55
55 16 95
59 51 21
3 72 10
48 43 79
12 36 46
71 8 16
50 34 22
60 91 11
53 63 51
75 23 23
86 5 1
24 42 44
71 61 29
49 47 55
34 28 63
11 86 49
19 48 8
38 33 67
95 64 8
99 100 61
78 94 36
24 85 52
29 27 66
90 34 91
38 90 54
8 34 23
15 50 13
7 62 42
25 97 60
2 90 85
71 44 48
20 23 1
33 97 38
54 2 60
83 71 83
79 46 34
69 17 91
17 58 68
69 56 7
78 61 21
55 24 3
62 82 48
40 95 52
51 56 44
84 100 98
52 11 82
34 28 4
12 20 7
41 37 41
74 11 36
7 4 43
51 75 85
84 12 79
54 68 91
12 78 4
15 24 89
32 91 72
56 47 68
26 24 93
65 49 90
36 50 73
72 24 84
50 24 76
80 91 71
44 4 39
4 71 91
40 40 39
100 83 82
15 13 57
84 60 92
60 69 99
12 80 86
35 28 18
58 64 20
94 53 17
49 62 53
40 46 27
35 69 84
67 75 25
82 65 2
63 86 33
85 6 14
34 70 7
59 77 8
67 17 47
26 30 52
69 45 83
13 85 15
24 94 77
26 72 56
1 30 2
73 7 63
65 21 82
64 21 26
62 46 40
21 81 40
42 99 99
62 2 68
90 88 17
51 96 57
53 49 82
80 52 83
29 33 66
64 50 2
25 98 57
54 96 33
14 58 70
66 30 41
76 55 92
5 33 98
42 15 44
27 7 11
68 48 9
88 56 62
7 70 28
27 20 71
7 91 54
88 95 54
37 45 83
72 8 86
61 94 15
81 75 96
76 44 94
29 86 29
66 1 21
31 77 63
88 2 47
45 82 29
11 96 54
23 42 53
42 93 59
68 91 70
63 99 90
91 98 31
59 12 98
2 18 59
99 13 58
53 23 88
61 98 83
85 14 29
12 54 22
96 50 91
59 42 31
38 39 13
41 5 2
14 65 30
85 20 18
75 47 20
87 76 37
60 50 52
51 27 6
21 82 85
35 22 80
25 16 75
94 46 52
59 53 83
34 15 86
34 91 87
85 52 4
76 44 90
18 99 82
28 81 51
42 65 52
84 34 98
90 59 75
35 29 8
99 82 18
46 28 83
78 97 6
31 38 74
41 91 40
96 15 34
41 73 35
91 58 1
28 9 1
79 39 40
47 49 20
7 2 23
19 87 29
32 17 84
32 100 5
6 62 59
70 86 12
62 75 77
89 91 55
34 44 18
40 58 33
1 100 74
36 53 69
24 65 20
5 58 91
51 26 70
79 99 18
22 36 2
38 11 23
26 6 55
99 72 94
94 89 52
92 51 9
60 77 14
26 80 15
29 47 77
84 39 65
54 99 92
42 73 77
92 53 3
96 75 87
36 41 94
47 79 15
100 10 34
31 86 53
45 68 71
41 91 16
65 68 5
66 79 86
88 62 49
70 43 43
97 49 66
55 70 50
51 92 92
29 24 62
41 1 47
82 96 29
62 45 4
4 79 30
19 20 54
86 84 28
55 73 83
34 64 17
64 40 43
10 21 15
18 28 22
35 66 81
1 29 87
60 31 76
78 44 87
74 37 54
28 61 60
71 56 70
17 80 86
64 99 23
15 33 90
50 24 34
57 70 21
27 21 60
38 46 57
41 44 64
10 50 69
48 100 95
2 55 80
63 36 36
75 71 70
64 82 68
46 96 95
98 56 59
19 39 55
82 14 5
67 64 98
15 22 52
14 29 8
75 38 9
42 16 95
72 63 39
85 21 20
3 76 73
40 41 21
1 73 83
96 87 61
67 37 15
9 58 58
93 17 76
80 66 67
78 30 86
75 56 55
18 53 53
47 80 8
29 96 30
9 56 7
77 4 34
52 62 78
6 60 95
64 72 79
48 30 73
63 59 25
85 61 63
79 43 95
40 63 72
23 29 88
64 62 25
84 33 6
55 93 91
37 77 97
25 81 80
16 12 8
54 37 78
81 19 98
82 43 38
51 51 85
99 30 37
85 23 65
83 84 78
93 87 72
20 54 4
64 64 80
29 95 57
53 45 81
72 7 56
4 41 39
44 46 4
44 18 62
75 17 94
93 32 95
46 97 60
8 59 76
73 66 26
32 1 92
93 18 43
33 73 26
89 21 12
75 100 88
75 88 46
67 36 20
90 85 82
81 33 57
61 67 37
42 29 95
33 59 61
54 47 71
77 8 46
65 85 27
46 65 26
61 69 100
18 61 81
7 92 25
36 18 24
67 8 97
17 26 32
18 44 66
50 4 12
17 2 96
9 79 68
60 38 86
25 22 19
71 49 58
37 84 38
10 88 43
50 49 37
21 39 72
75 1 55
17 79 45
81 28 76
80 72 75
8 32 17
31 42 93
89 30 95
82 5 21
43 6 9
87 71 94
69 64 86
32 49 1
40 1 14
59 39 76
22 41 49
82 85 17
80 6 39
59 14 44
46 35 69
11 19 91
8 71 54
59 12 64
84 11 66
65 33 43
16 86 31
21 86 67
73 92 50
50 53 45
85 3 46
64 59 49
60 5 16
28 97 90
22 22 9
58 43 46
11 63 30
61 95 63
62 14 11
88 76 51
84 98 35
53 42 14
17 69 71
15 59 6
8 49 7
17 94 83
3 53 14
31 56 67
35 78 62
48 18 76
14 2 60
25 94 63
6 60 72
40 63 37
92 51 7
69 79 19
54 75 10
62 8 66
44 96 80
16 36 83
30 96 40
98 95 88
11 42 7
54 10 32
31 22 34
38 96 98
95 5 81
30 44 18
34 84 52
99 51 94
44 26 45
37 97 37
90 17 54
13 24 44
9 34 36
66 55 25
69 37 10
9 84 23
84 78 6
31 61 40
75 85 97
23 5 32
45 94 62
34 49 49
51 50 58
90 20 72
31 24 88
44 91 90
17 28 7
94 49 81
12 32 34
68 10 66
52 2 38
76 78 23
99 80 94
51 92 83
20 77 79
19 52 79
42 51 45
16 58 14
73 68 30
64 12 50
40 51 31
33 94 78
40 91 19
72 78 4
2 97 29
21 78 33
8 75 30
86 92 67
64 32 87
86 28 17
8 85 58
54 12 24
12 62 37
56 20 63
1 27 81
17 86 93
51 14 33
74 52 58
26 29 90
17 35 63
58 96 73
44 99 71
73 95 83
75 10 25
30 23 85
27 32 95
56 29 36
3 17 62
96 58 8
46 2 25
41 14 85
22 13 58
50 97 74
70 85 90
43 46 35
20 87 72
100 38 15
65 90 10
96 81 50
50 10 86
19 83 73
13 4 2
68 38 27
18 3 71
74 57 52
91 90 26
10 66 13
54 62 91
71 73 92
98 66 15
10 91 100
99 94 34
40 61 71
75 12 79
71 64 1
56 73 71
24 48 63
99 100 76
34 7 95
56 18 25
47 19 26
40 63 58
23 90 51
82 48 95
40 2 63
63 42 55
92 91 87
8 75 38
59 77 17
15 6 79
25 87 17
61 12 47
97 80 72
64 85 74
99 65 35
98 12 66
61 46 37
42 47 19
55 28 27
33 63 91
79 40 77
68 66 84
14 31 64
41 44 70
24 97 70
78 2 19
100 39 19
80 74 80
64 48 45
20 12 22
93 72 82
48 84 95
57 9 11
70 30 70
72 17 26
7 23 40
15 46 30
89 45 11
63 25 14
57 99 59
15 2 58
57 87 38
93 43 73
70 42 56
29 97 56
85 5 9
69 29 49
22 97 19
51 24 5
91 27 46
66 34 99
41 31 44
100 43 68
100 60 48
76 27 86
91 77 31
92 70 27
59 38 95
89 43 39
17 55 78
62 28 10
15 47 46
5 19 29
86 31 71
92 66 37
88 90 59
18 93 70
55 31 18
17 62 42
17 4 55
83 37 100
36 20 31
24 99 100
40 43 57
13 99 80
1 31 46
32 67 31
66 42 2
84 17 55
17 50 27
67 37 66
6 24 76
29 27 18
35 32 95
76 46 24
81 49 30
38 73 99
36 84 18
58 90 88
95 16 5
58 95 93
81 5 90
62 39 23
19 89 71
8 5 22
45 90 33
73 26 68
30 47 55
39 85 30
65 57 10
40 92 11
98 40 31
66 97 43
49 23 15
47 97 12
72 18 22
67 84 50
78 51 43
5 30 95
5 92 12
74 51 23
40 28 74
87 92 56
96 73 7
53 82 57
63 55 32
47 27 14
63 12 72
89 98 64
66 55 10
22 87 85
47 86 83
81 61 70
6 10 53
59 54 66
71 57 53
28 19 34
63 49 27
44 99 68
1 17 56
75 68 85
52 10 100
68 69 47
1 69 75
64 76 51
74 4 47
14 31 47
65 41 27
23 73 50
43 95 4
37 65 60
75 84 13
17 64 13
96 92 29
9 9 24
69 48 3
39 43 38
50 6 53
73 46 28
9 83 74
82 29 74
61 35 43
38 70 17
76 100 49
4 93 15
4 85 97
27 95 66
82 56 91
36 19 39
17 50 50
58 59 22
37 31 19
68 8 40
67 27 57
41 27 3
94 22 40
62 85 94
52 100 87
62 80 78
56 67 54
15 65 17
71 69 22
21 37 40
69 36 52
22 47 10
21 96 85
26 8 61
13 48 66
19 69 29
59 37 85
1 38 47
26 1 79
3 81 42
48 31 29
86 22 24
10 78 56
23 1 99
6 89 24
29 49 17
81 99 12
77 88 52
69 51 85
86 70 87
67 11 73
59 5 86
20 94 24
80 22 3
64 44 47
48 67 97
29 78 63
15 67 23
43 85 40
35 73 97
63 1 35
45 53 38
47 63 29
78 11 75
76 92 95
89 56 40
1 97 75
95 37 39
36 100 33
92 57 74
37 6 80
59 26 80
12 11 33
91 53 95
13 19 2
30 11 77
17 76 87
88 86 32
29 12 34
63 54 94
19 42 30
83 4 97
100 84 43
41 64 50
89 44 35
38 97 97
26 30 36
89 11 89
60 82 54
21 14 31
11 46 44
70 8 23
75 97 9
2 69 20
47 95 18
3 33 91
75 82 73
7 6 91
95 32 94
80 32 94
98 12 27
30 83 28
90 83 54
9 16 11
33 41 2
62 14 1
31 75 66
17 63 21
94 30 76
100 47 32
31 53 81
48 40 6
39 71 37
64 57 23
35 53 51
12 77 60
88 44 22
16 98 48
70 41 100
95 14 92
33 81 25
88 43 86
86 8 54
80 24 55
37 23 93
14 16 40
77 45 81
24 67 49
100 36 35
58 24 93
27 62 78
29 97 78
46 58 51
35 22 19
48 62 55
80 29 49
51 41 89
25 61 55
54 5 36
39 21 29
53 50 52
81 59 59
1 18 64
63 88 3
70 94 7
49 39 70
66 96 83
60 6 28
64 22 17
94 55 72
94 48 37
68 41 59
4 18 29
44 84 53
60 11 81
17 99 83
97 68 50
48 48 19
60 67 48
45 6 53
35 64 97
27 13 52
97 27 83
63 93 76
14 27 68
1 5 72
60 90 80
55 85 30
10 57 34
57 85 58
62 62 100
5 83 99
85 97 43
2 42 54
82 48 59
90 43 42
89 36 35
42 91 47
100 92 64
89 3 1
21 61 33
54 2 12
25 36 70
86 26 32
24 56 86
91 88 8
58 86 93
3 51 47
59 29 72
91 59 12
6 18 14
56 31 8
96 33 10
63 91 2
15 92 73
42 42 51
2 20 45
70 17 90
74 17 84
63 30 92
61 66 79
71 41 43
4 68 27
55 73 48
99 43 44
53 97 33
8 88 10
46 11 59
46 17 53
71 30 92
65 33 42
14 91 99
96 63 20
96 5 84
12 53 20
94 5 14
71 32 88
46 59 93
8 1 19
69 41 55
91 23 62
96 81 8
77 54 58
47 10 38
29 46 36
41 31 23
2 27 66
8 42 32
89 50 34
46 14 40
41 54 9
45 29 13
14 47 14
2 33 50
4 13 24
100 51 35
70 37 37
99 33 19
46 97 22
61 28 8
65 51 92
10 62 77
99 5 55
17 71 37
10 10 36
6 83 43
100 9 37
61 16 39
84 17 46
5 31 36
31 52 24
48 50 97
78 98 13
4 70 73
38 14 67
12 39 36
20 74 64
19 59 94
16 23 100
87 60 31
37 36 29
80 16 87
10 24 16
75 87 30
24 71 23
18 85 69
61 3 76
40 95 9
59 35 40
55 44 89
38 15 67
15 31 92
35 25 59
67 81 52
31 45 31
8 87 61
62 96 16
60 77 91
44 18 29
60 61 23
22 14 28
39 33 48
3 23 89
42 17 5
69 84 28
73 5 36
5 40 42
46 29 8
72 57 27
7 96 8
36 44 24
89 27 100
70 98 25
63 12 50
38 20 35
2 6 17
56 91 31
40 86 87
8 55 26
71 36 31
97 45 84
65 9 20
48 11 76
44 46 91
49 22 92
73 84 95
8 56 94
20 24 32
61 18 98
46 21 20
56 45 65
36 90 43
32 10 79
19 92 42
9 67 54
32 85 1
13 83 93
13 36 64
72 85 84
34 37 29
78 38 29
77 41 8
37 84 62
6 42 2
27 24 87
31 92 82
82 76 33
46 100 10
1 55 71
25 27 52
78 47 92
94 22 92
38 82 55
64 53 16
55 9 11
77 33 24
12 62 72
55 12 58
26 14 38
19 71 2
62 78 76
78 13 26
11 50 55
54 19 78
49 40 63
17 23 98
34 27 96
33 47 76
50 59 34
96 7 9
70 23 35
77 48 65
48 42 27
40 35 26
7 32 1
87 70 49
7 30 1
41 25 36
54 81 29
13 81 5
32 43 36
69 14 51
33 97 24
94 77 84
25 60 87
10 92 96
44 21 10
68 31 55
68 51 29
8 59 56
85 7 18
88 64 84
100 69 86
4 79 95
97 9 94
21 27 90
78 77 90
6 55 20
17 44 28
25 21 27
37 15 50
41 15 82
71 25 29
8 27 79
37 40 38
19 50 73
58 40 28
4 58 39
26 90 63
30 56 41
28 51 94
4 64 58
29 73 54
48 39 27
36 44 91
2 26 26
7 54 14
66 71 48
30 59 76
65 61 13
93 34 56
20 77 30
10 73 85
6 91 54
54 4 81
99 13 33
18 64 12
54 59 4
100 88 62
78 18 10
40 15 20
83 78 100
71 2 58
77 69 96
48 41 82
76 93 29
5 7 21
48 45 63
62 25 81
44 24 57
36 5 63
93 66 83
69 97 36
66 48 43
23 79 94
15 29 90
34 23 35
2 42 35
63 31 49
34 47 15
86 20 78
43 90 52
64 30 77
58 39 97
66 77 71
59 31 35
58 25 18
61 34 87
16 30 49
29 75 98
20 100 34
93 82 40
2 10 89
14 61 30
29 10 68
19 100 26
23 100 28
8 72 19
77 45 64
39 23 16
3 43 22
31 10 65
72 38 69
77 86 68
6 72 54
25 68 98
99 71 10
7 100 59
88 76 20
95 26 66
51 68 28
61 81 84
32 44 24
73 86 77
69 39 3
92 71 85
13 80 32
17 26 84
8 39 47
65 95 49
96 67 18
20 80 47
46 7 77
19 59 48
36 59 99
94 70 5
91 54 57
13 40 34
35 74 99
42 4 98
52 41 21
48 27 41
84 7 1
31 62 56
93 68 58
82 37 92
62 75 99
38 6 10
70 44 19
33 13 51
7 54 96
32 89 45
8 88 62
3 44 80
74 80 34
95 67 98
28 67 100
79 1 63
61 34 44
17 44 63
74 66 52
66 7 95
35 66 14
27 34 52
41 99 33
45 23 15
47 89 23
89 1 30
82 93 81
49 35 89
49 24 25
7 74 73
38 59 32
97 53 21
74 13 64
44 45 45
72 64 39
91 86 44
60 90 35
90 49 89
6 50 92
69 85 59
81 70 13
70 22 23
8 92 2
77 53 7
6 2 63
57 35 48
76 11 88
5 41 60
44 60 93
56 81 61
95 4 50
70 52 2
95 89 87
57 48 37
61 70 15
67 47 83
68 8 51
17 62 56
58 58 12
39 65 3
94 20 68
32 65 6
3 42 67
98 74 71
37 69 81
40 40 94
5 99 5
92 5 5
68 60 16
66 20 77
44 20 64
47 91 93
61 96 95
17 62 79
48 57 75
66 90 77
95 16 54
34 43 13
12 82 21
60 63 76
43 53 7
64 31 1
68 21 88
39 56 37
3 78 27
52 9 1
40 50 68
48 74 35
58 34 31
74 53 53
21 64 38
64 36 24
30 33 66
51 54 37
82 41 30
8 58 5
62 14 66
66 62 36
52 56 80
18 32 86
53 27 63
47 54 1
63 6 99
59 1 55
41 37 23
44 74 59
95 45 25
72 8 93
63 55 75
57 98 23
21 9 62
31 18 78
98 79 60
50 98 72
44 80 73
10 98 66
16 90 12
69 86 33
82 60 78
45 20 27
63 74 57
46 61 100
98 16 70
30 87 86
44 41 20
61 43 77
62 51 22
88 61 10
16 56 63
67 74 46
35 70 53
45 40 37
78 10 70
21 31 80
8 74 72
74 48 9
44 28 18
49 18 43
21 64 35
45 11 50
96 56 51
93 70 12
99 5 36
35 19 47
49 66 68
57 36 93
53 97 44
78 80 95
93 3 54
74 1 8
83 42 75
13 90 25
94 94 37
27 27 48
96 76 99
100 8 15
57 63 39
27 100 38
34 28 96
19 39 36
82 76 44
13 6 53
35 100 23
32 81 22
10 38 22
78 96 57
99 50 52
61 28 73
5 99 84
16 100 98
97 59 71
93 97 73
37 76 14
81 6 50
8 64 84
95 24 86
43 35 5
91 83 83
25 15 71
49 57 69
30 72 31
44 27 45
30 90 12
45 84 79
15 28 18
52 72 19
60 91 82
9 76 26
71 15 28
70 7 15
89 53 98
28 53 41
77 27 88
98 13 21
93 7 57
40 85 72
60 26 79
26 36 33
50 57 81
23 31 64
18 41 61
1 33 2
33 62 96
22 15 92
69 57 89
100 48 21
57 49 75
67 100 19
74 97 77
32 84 36
3 36 72
20 4 47
67 79 4
47 49 4
87 98 28
19 53 9
73 65 24
65 5 63
96 92 76
82 42 77
12 83 100
51 81 32
64 71 70
42 36 25
52 11 91
68 15 79
33 92 60
65 38 36
37 64 38
81 70 36
15 73 18
66 40 5
71 74 56
87 71 70
30 61 54
50 100 98
27 50 33
36 32 22
7 45 98
47 80 21
99 22 90
66 92 13
10 45 86
6 76 53
22 98 53
1 32 32
29 86 40
2 36 30
40 49 81
90 45 55
55 54 69
11 94 25
17 90 3
71 55 45
17 58 16
74 44 99
97 78 40
45 97 45
99 38 8
33 32 89
16 49 23
19 81 60
76 91 23
86 19 58
75 26 63
62 82 50
25 81 57
28 93 17
30 28 14
81 77 69
61 84 66
19 49 10
66 41 88
76 55 46
59 7 58
70 97 71
84 57 74
79 6 4
51 92 7
11 8 81
15 75 41
22 49 100
59 13 21
38 77 49
22 40 78
99 47 23
89 58 3
5 49 95
77 65 65
53 73 27
84 52 84
33 80 93
52 98 96
11 32 30
71 19 83
32 99 43
92 11 22
10 5 79
45 66 27
73 21 32
27 8 76
5 45 64
87 71 59
77 77 91
70 73 10
32 43 59
35 36 43
47 98 24
28 3 48
20 9 61
1 24 82
94 6 39
43 14 1
56 84 3
89 15 40
98 6 39
11 36 60
19 86 84
55 52 97
54 7 95
87 5 95
84 68 92
37 96 14
70 83 26
44 70 14
31 95 95
53 82 55
34 84 7
80 55 29
62 74 81
77 14 91
2 54 15
32 42 36
48 34 14
34 12 58
49 89 73
8 69 28
49 22 11
67 44 91
61 86 36
6 58 37
26 2 36
68 53 1
15 17 43
9 18 51
86 58 43
51 1 21
30 4 93
2 2 3
41 28 40
30 47 68
57 39 19
50 36 17
50 67 42
79 41 58
65 59 16
46 85 34
52 88 88
89 81 70
41 3 40
19 39 26
28 23 35
33 73 18
83 84 6
86 94 95
10 35 10
61 73 52
87 21 36
89 89 47
83 53 20
5 84 75
60 73 71
11 92 94
77 30 27
94 4 83
34 77 47
21 72 36
13 56 7
38 1 76
23 53 25
58 31 81
23 81 72
31 88 20
4 43 16
1 15 39
30 77 38
34 38 18
51 25 77
34 88 32
54 35 75
25 69 23
6 34 36
9 21 13
95 56 3
6 99 1
96 90 32
27 67 63
78 16 91
8 46 8
1 11 6
53 51 68
61 3 83
6 96 75
74 27 58
35 42 23
6 10 2
88 77 94
25 58 74
66 67 15
59 31 55
52 38 56
27 73 34
75 33 96
86 71 1
36 31 91
39 25 53
89 94 49
68 80 24
83 45 30
69 17 99
53 29 62
65 19 44
73 44 85
1 60 95
86 18 50
27 90 57
77 38 37
17 9 56
89 22 77
96 5 95
82 74 10
22 95 89
35 90 57
35 62 92
40 26 57
49 58 32
5 67 78
46 84 51
94 62 35
90 53 56
38 7 59
36 71 13
73 21 96
8 6 64
64 97 56
62 18 58
31 14 80
93 36 5
70 84 65
63 38 100
62 61 39
53 15 100
37 53 50
88 36 67
74 49 4
40 16 65
27 98 83
39 56 5
87 36 15
25 100 50
12 58 85
3 65 72
48 47 91
28 91 4
53 67 6
88 93 60
28 15 62
23 18 14
20 88 7
68 78 66
25 5 58
27 88 52
53 86 8
75 50 67
57 13 55
34 40 35
42 96 12
31 77 52
76 59 50
56 54 63
20 13 100
47 54 23
63 26 89
6 98 91
98 8 7
45 91 36
94 65 35
10 88 54
83 91 77
33 36 22
38 66 9
28 45 1
65 75 37
33 30 11
91 67 62
33 39 10
75 41 15
67 70 21
100 19 89
15 17 84
4 34 12
5 71 43
30 70 12
18 52 78
25 77 40
5 48 45
38 68 71
78 1 71
89 43 71
35 93 73
82 48 12
37 34 93
95 96 57
35 79 5
21 87 60
31 7 57
22 34 57
58 57 87
7 43 79
6 78 38
4 34 86
89 63 50
93 63 57
62 61 16
64 15 44
87 57 14
1 42 52
18 16 18
66 22 1
55 21 87
97 52 93
56 18 81
31 73 25
40 13 41
6 72 85
23 88 14
97 22 65
12 24 88
62 16 6
70 91 56
9 83 82
31 92 64
60 86 44
50 90 9
9 93 59
80 10 20
28 66 16
25 61 12
91 82 54
47 77 54
21 66 11
62 59 66
86 72 33
71 71 17
39 39 97
28 81 62
72 97 78
66 83 82
93 45 36
17 21 88
58 22 57
56 40 17
94 96 3
28 55 4
50 47 79
75 23 74
79 9 49
37 18 68
22 71 69
43 28 88
79 1 90
30 9 100
60 77 45
18 80 19
26 83 44
3 65 34
29 28 20
63 31 90
11 71 54
33 35 99
47 70 24
86 18 15
87 13 30
8 24 78
98 17 31
55 67 12
50 53 81
78 51 73
63 66 13
33 65 35
40 6 90
67 59 1
29 40 99
26 56 52
59 27 90
66 75 30
58 24 76
80 71 5
16 18 83
3 42 78
53 44 39
68 62 88
59 46 31
21 92 7
58 21 97
8 92 52
10 90 72
90 6 64
43 18 8
83 29 68
87 41 78
28 19 99
39 63 33
61 27 92
41 37 25
2 87 84
89 53 65
32 81 43
5 32 93
42 35 74
70 96 32
47 25 74
38 78 19
67 2 70
7 15 10
96 100 68
46 10 74
12 78 42
3 74 94
28 62 72
77 53 35
1 64 15
98 23 93
12 3 28
16 56 77
54 72 64
29 37 77
65 3 88
49 76 62
72 32 41
67 50 45
80 45 59
100 61 33
24 46 45
18 13 48
73 66 5
61 67 15
78 11 87
32 41 54
68 41 28
33 16 47
41 48 64
43 32 27
73 18 5
97 3 59
32 36 43
17 72 7
20 85 69
49 22 18
29 11 46
15 76 67
75 31 56
24 58 85
77 65 26
51 31 24
30 70 35
8 69 100
18 64 73
32 73 31
8 10 86
100 57 100
58 40 43
19 51 64
19 4 12
37 55 79
18 47 29
70 24 61
15 61 87
88 23 73
1 69 45
68 25 8
14 63 30
79 63 71
54 20 35
25 34 75
12 48 82
95 4 16
63 58 93
50 64 24
94 97 28
49 35 1
6 69 70
13 40 72
22 86 25
36 87 39
29 92 1
4 17 27
42 86 45
21 42 22
74 20 32
20 23 21
26 65 40
90 31 5
43 86 42
64 65 36
77 64 27
50 16 99
72 74 43
60 39 17
14 90 57
96 98 74
11 22 86
37 72 27
7 98 65
43 92 27
54 44 92
68 97 36
24 38 27
88 65 92
17 48 41
65 53 99
98 78 30
73 30 87
1 51 38
85 23 2
82 12 5
100 25 1
39 83 92
77 6 82
46 29 69
58 78 11
79 87 81
7 66 77
98 5 67
78 2 61
73 84 66
30 83 85
72 12 40
97 86 6
23 83 34
44 88 34
20 45 12
95 45 79
26 72 41
51 49 23
55 70 79
56 83 16
97 79 66
17 85 7
1 94 30
47 52 56
94 18 98
75 100 79
63 72 8
34 41 69
29 98 25
44 22 91
69 52 46
3 37 50
52 29 13
62 52 41
44 71 20
11 28 76
75 47 66
12 79 71
48 46 54
97 93 49
54 89 61
18 23 78
64 94 71
90 11 57
5 30 29
91 88 79
35 24 96
72 71 31
22 43 94
34 73 40
62 28 54
13 97 36
13 84 50
13 57 65
83 28 36
52 93 77
59 18 28
28 52 84
35 5 71
4 32 17
56 38 67
35 34 43
78 14 23
82 85 38
33 14 82
68 38 80
60 29 75
63 39 66
90 18 19
48 98 5
30 74 39
65 29 31
32 51 48
40 86 97
100 21 66
53 1 3
42 59 1
10 50 60
62 68 68
63 3 63
11 73 36
22 91 61
59 19 56
18 6 61
88 75 25
88 96 8
47 56 94
94 50 20
67 33 25
53 35 27
16 91 3
45 91 39
43 15 50
81 5 47
86 94 92
51 36 73
98 83 100
14 74 24
6 20 23
51 21 26
43 63 48
68 81 53
78 5 34
77 83 57
62 51 68
72 39 30
48 88 97
94 13 53
76 98 4
24 39 43
82 22 59
9 40 93
67 25 46
14 54 1
89 77 32
34 12 16
68 7 51
73 60 16
3 47 78
38 20 39
17 30 56
2 10 18
35 40 89
25 31 75
62 61 64
69 86 91
13 25 75
31 12 70
100 40 83
32 93 13
28 31 13
55 88 13
45 47 25
81 57 10
20 78 33
52 99 91
77 58 51
33 17 77
95 51 34
19 8 78
11 37 85
91 21 16
60 43 98
77 63 46
34 97 1
38 58 17
21 70 55
71 37 4
69 7 72
64 25 23
28 34 72
60 88 74
29 23 79
73 95 82
87 97 81
11 12 53
19 7 67
31 81 78
24 26 83
60 57 41
63 59 77
88 48 26
12 24 2
76 54 76
46 47 18
21 61 72
51 42 79
1 90 9
29 39 60
32 57 12
96 9 26
26 11 55
14 35 7
88 80 97
72 91 11
51 73 13
62 58 86
100 56 70
83 48 82
43 33 41
100 59 34
18 86 17
84 75 68
1 27 41
24 64 57
41 5 67
62 65 65
36 16 50
28 30 47
69 44 61
76 1 77
49 14 99
29 54 77
33 74 23
93 69 60
84 65 89
23 9 31
6 64 45
69 6 17
90 96 66
13 17 62
27 33 60
85 74 81
86 18 37
13 82 16
3 41 41
33 97 27
3 100 23
100 73 6
70 96 82
53 84 53
74 22 83
44 31 74
96 14 44
30 74 46
95 19 4
97 55 83
16 80 27
45 48 19
37 36 54
16 39 17
97 49 41
23 24 14
65 38 43
49 99 47
68 22 38
32 76 24
75 97 65
36 70 70
1 8 59
31 44 5
64 22 12
2 19 64
65 44 72
22 26 33
8 78 62
77 49 25
25 11 20
77 73 47
65 93 76
47 96 56
6 18 38
22 66 40
40 22 41
40 46 6
47 59 35
97 42 65
27 12 47
92 40 29
71 12 86
27 10 82
90 30 90
49 88 80
50 89 69
75 82 59
96 4 46
40 92 39
98 42 23
39 24 60
65 100 24
55 93 13
8 65 4
98 38 91
94 20 91
39 69 58
57 48 78
74 57 32
73 34 57
27 100 42
93 44 33
22 59 94
69 74 82
3 10 40
68 69 26
32 1 65
47 100 75
94 36 3
19 29 25
84 56 30
2 29 49
45 20 51
29 58 61
37 34 59
71 31 18
12 47 67
82 57 69
23 75 71
2 9 63
90 73 47
40 78 12
9 6 2
43 5 9
82 10 59
51 30 57
39 73 37
9 9 7
14 62 32
91 50 55
45 25 22
85 4 1
7 23 41
100 5 14
98 36 64
18 52 98
76 12 74
46 54 21
90 51 20
13 76 25
68 24 2
84 3 48
47 65 18
17 48 81
67 10 87
62 20 91
81 34 5
70 95 48
9 4 78
90 33 14
55 75 80
72 49 6
41 56 30
3 50 87
67 8 2
84 61 62
48 54 43
8 1 76
25 68 96
68 41 50
32 47 23
4 70 3
50 5 63
49 41 4
43 40 55
46 7 87
77 98 43
48 69 93
43 39 63
82 34 89
16 23 49
59 33 82
30 80 66
80 78 4
57 34 6
56 56 42
4 99 23
31 66 19
69 42 17
7 51 72
90 73 97
69 65 29
96 87 1
98 70 79
98 51 57
85 11 55
75 97 88
92 29 54
43 65 24
42 29 70
70 31 84
14 84 16
83 33 92
42 37 56
62 52 53
95 15 52
40 35 61
37 29 80
56 51 36
75 72 64
41 21 78
41 95 53
34 43 48
22 80 76
50 31 42
50 40 74
100 54 48
38 30 23
92 59 25
92 98 57
37 8 27
74 55 57
33 12 63
83 36 71
71 71 58
72 35 20
81 79 27
75 28 99
31 38 90
69 78 7
6 96 66
79 79 40
76 44 32
82 66 4
88 87 45
46 61 86
43 81 32
40 11 34
56 30 35
12 65 88
4 50 51
55 21 59
78 100 35
60 25 22
77 53 39
53 90 75
74 32 78
30 9 28
53 66 52
77 49 10
12 61 88
86 64 17
36 30 14
96 6 1
32 36 88
36 23 56
16 97 87
44 5 92
43 34 22
17 49 1
14 46 22
16 77 31
78 93 47
78 79 53
74 93 58
32 78 94
73 13 73
87 73 26
89 41 85
71 72 1
61 51 1
8 96 45
70 88 19
3 92 84
64 65 20
25 34 100
23 37 47
91 59 6
69 63 68
23 89 73
50 71 97
40 12 14
50 81 24
27 29 47
19 88 72
89 18 18
56 19 77
51 73 53
35 87 37
58 12 68
8 10 12
43 2 58
24 76 9
29 66 91
85 13 87
88 9 90
45 24 20
19 11 99
61 57 21
56 27 63
49 29 71
64 99 32
21 17 4
79 78 93
59 72 58
78 94 28
30 66 49
9 79 46
14 34 26
48 76 97
65 77 54
67 78 39
86 59 90
42 29 52
90 91 91
29 89 61
86 80 89
30 55 83
20 9 37
84 30 14
81 83 31
60 1 36
64 67 52
92 42 4
97 54 42
47 23 33
69 92 53
95 30 51
84 89 53
32 59 88
55 35 80
32 30 89
85 55 57
14 35 22
26 27 92
37 16 43
93 95 44
33 72 23
23 39 61
52 81 34
67 42 19
20 1 69
78 6 22
76 84 30
46 44 19
67 94 55
48 69 63
56 67 61
28 78 45
5 29 95
72 88 76
78 42 89
56 25 28
97 8 9
11 82 16
47 22 33
11 90 46
70 35 72
15 83 33
43 73 33
11 97 58
8 14 45
95 71 82
76 64 11
30 78 94
28 84 34
40 26 48
72 89 37
49 68 32
56 72 31
36 49 30
90 52 80
89 29 51
17 32 97
37 94 48
35 48 6
9 65 44
93 35 74
96 13 93
53 85 27
28 19 13
97 2 42
31 65 52
63 9 28
37 79 79
73 5 85
93 57 98
95 95 69
29 51 20
30 93 49
24 63 53
95 83 31
98 7 8
96 98 26
48 7 9
32 50 69
84 77 35
8 98 75
16 79 49
67 79 76
40 78 18
78 97 16
29 93 97
94 37 15
87 88 44
92 33 16
40 4 53
18 49 14
13 4 79
4 11 36
83 18 2
46 58 21
43 2 73
14 86 1
8 40 13
71 16 30
49 70 15
62 85 36
1 32 34
56 6 65
1 85 55
24 27 34
1 11 22
92 55 49
2 90 96
43 32 26
31 57 70
23 40 93
5 17 37
61 63 97
5 90 76
4 15 22
15 10 36
98 16 51
34 4 30
14 64 87
3 11 59
20 54 40
30 8 73
20 42 56
69 38 70
33 55 15
41 96 6
86 99 69
28 19 40
74 65 56
61 42 89
22 96 59
88 50 91
100 8 80
81 95 35
17 56 70
28 86 46
97 45 79
93 65 40
33 14 81
47 71 37
86 52 1
21 100 30
72 29 34
77 35 10
63 34 86
23 94 88
54 84 7
55 84 88
11 19 26
36 32 70
44 53 83
33 83 53
100 25 10
58 50 95
44 77 2
71 21 32
26 38 28
72 78 85
47 64 55
63 35 95
44 73 98
50 92 28
18 92 24
54 1 23
47 95 43
44 93 7
73 24 36
6 12 2
45 15 69
18 21 35
30 81 30
57 40 66
88 18 17
36 47 16
1 78 64
3 92 44
51 9 57
12 8 34
13 73 50
50 12 2
73 95 91
51 30 75
2 76 76
79 85 14
87 17 29
57 76 78
87 37 73
53 89 77
95 80 93
10 13 23
91 27 89
100 56 38
24 10 68
24 5 53
9 91 23
91 73 47
17 82 71
28 43 13
91 21 4
99 60 65
32 100 55
87 8 12
36 65 27
2 9 52
77 64 6
99 74 80
81 93 41
67 64 11
34 55 68
23 64 48
35 63 44
89 73 95
52 83 66
88 37 98
100 33 56
32 17 43
35 51 31
76 5 52
67 84 14
46 34 75
12 8 21
83 22 28
5 37 97
24 54 88
26 85 46
62 44 87
4 19 83
41 3 47
73 70 28
12 53 33
80 38 55
96 59 15
75 81 69
45 34 6
65 25 81
79 93 78
53 44 57
98 56 95
74 71 5
69 82 24
53 73 24
2 44 33
71 19 88
44 51 85
6 8 36
4 84 26
81 70 47
68 47 91
83 37 7
69 2 87
92 8 9
86 44 72
21 59 65
15 80 92
84 32 96
72 98 34
57 19 37
53 2 46
3 78 95
100 39 51
6 24 47
18 45 43
71 90 68
47 94 19
64 51 35
13 21 43
11 15 49
31 68 74
21 61 59
72 85 54
13 33 24
43 36 81
11 49 48
98 59 96
25 59 30
34 86 55
56 95 78
70 96 39
16 28 97
27 70 20
50 26 55
98 10 73
44 64 59
51 87 2
91 92 45
42 33 66
99 8 30
64 33 7
69 60 73
16 39 10
79 4 78
1 27 13
92 12 59
16 80 60
93 62 80
78 9 7
54 46 31
9 14 20
74 42 38
20 75 49
57 53 30
50 40 34
89 28 18
39 19 41
61 44 100
46 47 56
91 19 6
22 84 38
2 69 11
2 83 12
33 78 14
24 84 13
80 73 77
19 46 95
33 34 62
28 28 18
27 60 45
9 30 46
53 2 5
94 13 25
9 47 42
30 86 1
67 44 41
31 3 98
86 39 10
48 39 62
54 86 53
76 67 63
37 45 81
23 76 41
63 95 37
38 70 36
53 57 36
90 20 42
1 64 69
43 28 61
27 15 35
38 13 63
88 12 84
79 18 27
75 95 16
14 59 32
87 96 64
57 75 72
88 51 32
71 65 99
14 37 86
22 55 78
49 52 68
30 62 90
100 17 4
38 89 40
40 65 92
11 74 79
78 96 17
15 55 76
91 8 62
66 7 91
75 9 14
26 88 25
3 98 42
29 63 16
98 81 18
25 82 23
65 26 77
35 34 14
45 33 59
77 62 17
56 94 15
60 43 1
69 16 56
5 23 25
7 40 79
67 52 77
88 57 85
31 91 33
50 98 86
22 17 66
87 95 97
79 97 15
77 56 83
28 55 67
5 8 38
28 33 20
47 83 93
13 45 5
5 71 40
40 70 16
66 15 27
100 98 99
20 46 45
24 40 34
87 61 28
56 81 17
99 96 54
33 29 33
92 92 99
34 63 54
83 74 45
58 18 39
65 96 64
85 19 98
61 96 50
96 38 19
3 14 55
100 30 76
8 82 5
93 95 18
51 74 45
45 34 31
98 77 52
94 36 80
4 37 32
59 89 37
7 95 59
5 38 61
96 35 38
8 46 6
62 10 92
30 100 59
84 86 62
74 19 18
47 28 30
2 82 18
80 7 76
72 10 10
92 79 39
49 4 76
7 26 97
2 68 65
58 62 5
70 52 52
80 58 21
79 22 87
6 36 98
29 37 87
16 39 57
88 92 40
25 71 87
31 46 59
62 87 32
4 62 19
57 37 89
54 69 35
57 54 26
97 10 71
31 6 89
8 39 55
81 74 19
95 6 26
96 99 16
34 85 66
93 26 58
26 64 33
45 23 29
8 14 28
2 75 37
66 8 6
95 61 10
80 1 34
83 36 62
82 65 26
21 28 2
93 51 77
17 71 33
18 90 5
44 7 75
75 34 86
100 15 39
66 70 34
21 28 12
27 19 63
13 4 18
1 36 15
90 13 9
40 87 24
34 22 88
38 41 77
1 85 90
1 15 59
99 51 30
19 62 96
8 33 68
32 79 12
84 74 44
69 50 12
83 100 42
68 18 78
70 59 67
56 74 63
26 26 66
36 2 64
21 73 79
59 18 71
6 46 15
75 65 18
56 59 56
37 65 53
97 43 98
49 1 10
21 4 52
44 78 70
24 95 42
71 68 80
64 39 75
95 70 55
22 77 29
48 41 71
58 34 68
20 56 56
99 46 33
66 79 26
10 36 97
11 100 48
5 87 56
5 75 37
5 83 27
42 19 81
77 72 24
67 9 34
14 83 43
84 97 73
90 81 100
18 98 74
56 56 30
67 68 67
83 4 52
59 30 32
54 26 28
31 77 66
39 89 47
36 16 72
91 10 55
9 61 51
12 37 90
14 82 12
37 80 1
12 50 54
71 99 32
3 74 100
85 58 15
96 43 77
25 15 51
95 31 59
96 60 31
81 90 65
83 52 72
84 78 37
34 92 31
46 1 61
27 28 23
41 27 36
53 43 55
21 58 40
26 53 24
18 20 2
52 45 81
75 9 45
36 53 56
71 59 38
25 60 81
38 70 59
89 4 31
89 33 60
40 74 81
9 56 98
96 95 22
9 3 1
16 100 45
95 97 60
87 98 100
78 48 48
51 47 9
28 49 5
49 85 17
68 94 58
90 77 30
50 48 5
47 65 71
39 99 37
59 86 69
15 79 96
21 81 13
50 95 89
48 21 67
82 49 38
98 14 6
2 25 85
37 81 71
21 97 17
10 81 82
63 22 88
23 31 97
73 64 19
69 33 91
19 50 45
96 62 87
37 40 25
28 100 72
41 79 4
17 16 31
45 47 20
47 92 71
85 1 68
40 55 20
75 39 53
10 74 57
30 64 65
25 36 80
81 56 31
52 72 21
37 46 58
17 72 21
1 51 89
92 78 47
87 49 43
38 8 52
25 40 9
40 78 4
41 45 10
42 99 17
12 74 20
88 67 59
8 27 42
14 1 42
9 78 49
29 47 88
89 55 52
28 41 62
87 46 33
43 32 20
41 55 13
79 85 72
8 57 61
80 99 58
92 18 72
76 41 6
45 56 43
83 80 65
82 40 93
43 74 25
53 96 54
72 14 97
72 90 89
30 73 96
94 63 51
1 47 56
66 96 99
57 70 21
85 62 54
54 71 10
40 38 82
5 36 59
43 19 3
59 79 76
30 53 5
42 56 9
69 49 36
38 37 35
24 22 18
23 70 51
61 51 59
12 24 22
13 58 73
64 33 50
80 79 46
59 23 75
60 77 74
91 21 20
44 94 80
40 58 9
28 26 16
1 93 92
93 6 58
64 19 46
99 97 46
13 15 1
8 77 40
99 45 93
51 70 66
58 34 45
38 94 42
35 87 6
63 93 58
79 41 22
83 2 51
16 75 75
82 91 56
76 28 38
67 72 38
67 58 87
60 26 63
84 93 88
73 22 88
38 70 67
41 21 73
88 78 64
85 73 57
58 41 56
38 4 25
87 60 63
7 55 35
24 19 100
3 58 65
6 88 70
54 6 42
27 35 13
15 44 9
56 54 31
16 24 50
12 83 32
71 43 4
75 85 56
43 7 5
76 94 63
42 10 21
37 78 52
86 35 28
89 81 41
2 71 93
40 41 53
52 27 32
53 29 58
31 87 80
77 61 79
40 3 96
59 3 86
58 67 30
55 46 53
98 32 23
24 96 8
19 66 50
20 81 59
13 53 81
16 87 81
76 34 40
40 12 19
31 38 49
24 78 61
74 90 81
53 34 86
94 11 23
19 77 50
35 26 76
31 60 97
44 57 87
64 43 85
60 8 68
67 87 62
99 57 27
25 10 48
7 65 85
8 72 7
92 92 95
30 94 11
87 78 98
60 16 96
2 87 44
82 96 88
70 98 3
99 60 14
80 55 45
14 94 79
20 4 72
91 100 39
27 50 4
22 92 79
39 52 46
74 54 5
64 68 88
99 45 80
63 2 33
50 39 66
74 14 61
84 27 63
16 3 98
29 74 13
35 75 81
26 18 49
12 65 7
64 24 32
25 47 56
49 71 45
42 50 44
12 47 9
34 14 23
10 80 22
92 1 94
80 36 75
18 42 86
28 64 40
34 16 15
66 14 65
33 77 15
8 1 60
52 36 3
18 78 44
2 58 66
59 18 13
54 88 73
82 96 85
48 49 11
44 19 4
67 11 84
95 28 94
80 100 44
58 69 37
93 1 14
70 62 23
97 100 93
81 31 86
100 20 13
85 38 57
71 47 65
62 88 95
90 93 12
83 31 71
15 81 38
91 93 67
13 94 59
28 59 68
98 45 23
77 22 84
67 37 47
43 59 86
85 18 67
64 73 91
68 40 49
3 42 17
94 66 16
8 38 41
38 70 63
26 77 82
71 67 99
79 83 40
14 63 24
95 70 28
4 57 5
81 70 25
14 59 36
33 34 31
100 62 45
34 24 22
14 19 4
46 83 60
41 24 4
84 59 65
71 86 83
91 42 1
56 83 81
89 74 78
80 79 54
96 56 57
96 47 56
40 77 25
43 99 67
15 7 93
32 64 72
47 23 100
68 67 76
10 71 5
42 79 52
75 55 89
45 23 40
16 89 86
74 53 71
78 94 63
58 16 83
82 13 19
2 86 51
54 59 81
79 76 8
74 34 25
96 28 56
78 59 59
44 28 7
61 4 76
46 73 64
59 5 41
85 35 20
12 86 47
92 50 25
46 77 75
18 79 4
43 86 18
88 13 98
68 90 32
40 39 2
62 18 41
47 60 73
16 31 79
34 54 81
23 30 79
97 95 22
22 13 44
77 77 94
88 29 100
60 68 91
56 26 98
37 62 30
3 29 1
51 61 22
90 72 22
74 84 45
30 33 28
38 97 80
7 20 63
36 3 37
19 99 35
42 1 25
47 11 48
63 39 64
12 86 41
81 55 10
96 83 76
94 17 57
93 88 4
71 2 25
64 21 26
34 75 75
14 2 23
84 93 18
15 56 57
99 4 24
40 97 85
20 11 30
58 93 88
78 58 27
3 58 50
69 46 60
9 31 36
25 64 70
67 21 65
3 82 56
48 37 86
14 92 66
40 32 15
18 59 100
6 87 65
67 35 67
9 52 89
9 23 81
35 4 84
59 5 45
73 22 2
95 51 4
94 77 78
58 84 26
38 88 86
100 29 66
62 11 82
48 67 11
23 98 5
77 36 71
72 68 8
78 86 91
78 31 11
4 37 86
33 70 39
86 27 21
79 9 84
96 13 72
5 8 76
6 43 5
43 17 41
63 52 33
15 72 92
9 72 88
95 22 11
77 21 28
97 28 20
15 74 42
19 59 71
74 81 32
10 2 70
53 6 56
97 33 18
78 17 84
8 47 44
34 47 6
72 87 43
50 49 35
65 67 69
37 22 89
97 68 83
83 32 55
33 8 75
72 45 54
88 66 60
66 72 38
70 63 9
96 88 18
9 87 3
66 90 35
15 55 17
48 78 13
95 14 10
43 93 58
68 28 89
3 75 5
41 95 39
74 93 9
96 13 18
73 4 99
86 40 11
30 28 54
3 39 3
45 52 68
39 11 20
92 49 79
16 21 58
62 30 25
21 83 78
10 29 92
17 96 43
56 15 31
25 31 14
75 36 83
5 61 3
66 25 19
39 100 3
71 96 60
83 19 56
30 42 92
45 18 71
87 78 17
79 98 58
98 37 9
90 66 86
49 58 45
7 48 92
63 52 44
25 51 45
31 37 91
48 7 44
53 50 59
59 97 100
73 62 23
1 91 71
79 96 65
94 33 97
47 94 2
15 54 2
25 21 20
29 12 34
42 16 9
71 84 64
13 17 11
79 51 45
39 19 29
24 19 40
47 28 73
14 37 17
4 15 11
10 42 43
66 40 84
30 22 22
82 14 92
95 42 7
28 34 6
97 64 48
95 85 42
19 4 7
75 34 33
53 73 77
68 6 42
22 47 35
52 35 9
82 79 40
72 61 99
100 80 18
54 87 35
54 80 7
99 27 38
8 43 40
65 91 77
53 37 4
5 16 17
81 47 53
43 73 71
7 64 45
30 74 25
22 45 98
73 100 88
84 38 39
48 13 26
75 21 17
60 55 86
53 17 97
26 100 71
68 57 37
94 37 77
9 79 17
57 59 72
97 29 55
84 5 47
59 81 79
33 50 92
94 21 4
1 89 37
3 73 10
36 91 82
96 67 41
69 52 1
41 46 34
44 94 31
78 15 36
13 42 78
28 52 19
91 90 39
29 73 47
28 16 90
31 61 26
40 39 55
90 87 6
8 29 31
69 59 77
58 86 51
50 93 97
87 31 29
75 79 34
68 100 32
7 84 13
65 41 56
42 33 27
46 77 58
2 93 62
83 41 40
9 81 84
66 26 75
65 61 47
5 49 13
32 78 66
44 9 34
8 61 56
33 76 32
98 53 56
21 100 26
70 97 29
49 80 82
10 42 57
61 96 46
19 9 48
6 57 55
52 96 3
4 69 65
63 99 68
55 45 7
88 24 62
40 10 1
52 61 23
37 20 61
35 70 70
56 45 5
20 49 16
21 38 44
35 65 28
62 47 8
49 99 85
42 56 46
46 99 70
8 73 50
18 15 40
81 46 10
57 2 97
4 37 86
9 56 96
93 73 41
37 49 21
96 46 85
72 57 54
29 32 21
91 40 57
76 55 11
17 70 61
18 25 85
13 66 52
33 93 79
58 77 44
100 64 63
23 59 96
58 6 54
17 16 52
38 69 97
19 29 11
62 15 40
39 49 72
41 25 26
22 30 9
67 37 78
99 38 90
78 45 69
15 92 52
39 3 35
84 69 5
23 36 38
79 26 76
24 16 27
70 82 66
92 3 16
52 98 88
72 49 77
55 25 21
72 77 44
80 66 70
64 53 14
91 96 83
22 85 98
34 47 8
47 11 54
65 98 41
69 37 22
77 42 66
71 92 22
15 60 64
83 39 48
91 17 6
55 70 52
88 94 89
19 31 66
6 44 10
76 26 14
30 90 99
45 19 33
2 1 46
40 100 33
50 24 63
85 65 45
71 55 7
100 45 44
31 82 45
21 80 25
43 36 56
65 79 16
93 75 25
55 67 85
89 73 62
44 12 98
20 52 21
50 68 14
59 2 84
62 89 27
71 22 15
34 13 44
10 2 10
8 59 5
88 10 80
94 92 14
55 95 32
73 45 91
29 52 16
77 12 53
94 80 17
34 56 91
4 15 65
59 19 29
100 24 12
85 3 100
39 45 43
5 74 58
2 16 43
34 87 53
33 6 7
3 77 75
61 20 39
88 41 4
57 5 55
5 20 3
26 25 80
33 1 80
15 45 89
68 35 55
66 93 58
86 61 25
69 74 80
69 26 60
54 59 43
58 66 71
3 59 76
7 25 32
2 87 75
90 21 27
57 77 21
29 31 85
10 11 1
50 71 58
25 9 30
61 59 9
21 23 19
73 51 22
22 3 29
86 63 51
35 32 49
58 39 77
100 24 42
41 27 18
75 87 22
69 19 80
47 97 100
89 46 78
51 29 83
56 86 58
73 64 29
31 44 65
83 51 53
53 67 63
63 96 86
33 5 15
85 35 22
49 69 63
100 18 10
91 51 62
48 69 62
29 31 56
74 71 25
65 59 19
34 50 70
2 40 42
65 74 4
3 12 85
10 35 66
47 12 5
81 67 78
39 84 80
13 72 28
79 67 31
45 56 56
12 84 76
58 53 1
90 82 63
35 42 75
24 44 19
13 58 66
26 10 30
93 65 49
28 35 75
55 14 73
67 49 55
33 74 71
84 11 40
28 60 61
39 8 76
68 90 28
52 6 2
39 82 28
57 5 56
25 33 9
17 79 60
76 71 88
85 59 92
53 72 3
58 57 58
57 21 94
46 96 74
23 98 74
22 3 44
22 4 44
60 100 58
29 55 59
94 17 84
53 57 11
85 75 16
51 35 22
86 2 31
78 30 33
90 16 30
94 33 76
89 44 66
65 83 79
23 74 85
74 3 23
61 59 28
43 70 24
64 37 72
47 88 5
6 95 23
62 2 97
98 1 65
26 86 18
70 86 5
80 82 66
69 41 14
88 80 82
60 83 49
50 43 23
72 96 57
19 25 3
61 47 19
17 52 70
5 41 10
18 62 96
21 5 38
50 32 96
43 13 8
24 72 88
46 58 63
29 52 5
74 10 51
20 4 20
99 12 69
50 56 46
59 50 12
76 42 83
32 18 82
74 44 27
87 3 88
55 51 83
40 12 16
44 75 98
10 82 21
57 28 50
45 54 98
40 36 47
23 15 4
83 45 27
13 62 56
40 21 50
91 70 44
38 2 37
83 3 17
41 49 96
19 23 30
93 30 92
56 97 8
88 38 25
22 35 85
13 99 97
39 42 46
83 73 63
59 100 46
30 8 61
20 39 27
84 16 52
65 12 16
88 5 93
24 39 38
44 47 39
90 80 96
1 44 99
82 14 83
11 44 5
17 14 70
72 1 65
16 62 80
10 84 86
15 24 69
47 90 100
31 34 57
96 75 99
79 99 91
58 67 58
47 74 75
94 90 67
49 82 66
29 99 93
47 13 82
84 5 86
11 71 33
38 56 96
70 49 66
29 68 7
63 52 13
71 33 48
29 67 5
49 97 99
15 82 44
9 82 96
70 17 28
21 95 82
36 69 51
52 71 11
23 50 89
20 22 8
23 41 19
59 20 76
7 9 39
18 51 21
33 92 9
68 37 67
88 47 26
30 27 28
11 49 38
1 30 52
77 55 76
88 35 38
13 63 99
96 29 76
76 64 29
5 11 87
100 39 68
48 56 29
95 55 2
56 95 44
17 33 47
11 30 52
23 83 42
19 81 13
67 98 5
63 70 91
95 11 25
37 78 32
59 75 78
68 42 91
40 42 12
15 2 48
19 9 99
72 29 91
27 81 6
13 61 22
44 60 75
90 44 54
48 50 83
31 1 89
67 86 78
99 19 75
62 10 100
80 4 31
19 79 54
33 14 77
32 21 86
42 80 4
1 74 62
5 53 24
82 73 100
33 4 9
12 44 66
85 66 91
4 64 85
42 83 100
31 29 59
83 5 20
84 34 71
41 9 16
12 95 18
14 58 36
73 73 20
32 4 5
39 18 72
96 100 57
7 54 61
91 8 64
21 43 4
34 14 49
85 14 33
79 21 52
48 70 77
86 28 86
9 32 43
35 55 63
76 36 31
27 67 63
39 32 12
70 93 53
48 86 62
44 19 72
64 43 97
49 48 11
72 56 88
37 5 94
34 56 80
47 95 65
87 53 63
78 46 74
49 23 39
8 26 24
20 14 92
56 88 82
34 16 3
38 67 70
1 51 70
43 50 97
92 69 83
35 63 63
92 22 20
89 86 44
89 35 6
18 5 34
69 36 39
78 58 28
59 13 68
43 30 66
58 22 75
69 17 85
22 4 38
14 15 31
63 57 97
9 80 19
34 2 38
26 74 1
68 73 20
45 24 22
34 19 22
44 5 67
9 35 86
57 84 92
85 97 49
72 65 69
50 66 76
13 55 34
43 58 7
20 26 62
54 39 19
5 24 90
61 93 60
97 77 44
96 82 69
13 14 30
51 24 59
58 92 88
62 82 80
21 82 27
91 33 80
98 6 15
61 97 92
74 74 100
86 58 47
86 45 3
34 84 67
9 91 80
42 2 97
79 50 6
8 72 71
36 37 16
85 18 18
41 72 86
92 94 40
39 45 11
63 24 19
87 62 48
3 31 73
66 95 64
98 24 27
7 97 77
77 36 95
77 98 40
85 3 100
17 72 13
31 96 61
84 56 29
6 81 18
65 73 67
82 91 72
77 7 98
59 17 62
36 88 78
74 100 32
42 67 72
14 13 100
1 34 75
30 56 79
72 76 84
14 43 100
70 66 83
16 66 79
12 53 72
36 16 29
50 63 29
60 15 37
52 95 11
39 11 1
32 89 39
18 21 79
21 18 59
19 75 35
85 22 36
87 73 16
97 73 78
60 15 52
43 25 91
36 29 88
71 65 95
33 45 51
7 85 51
85 86 53
98 45 71
21 98 3
94 31 15
32 98 39
16 55 27
48 33 29
29 53 33
62 68 87
9 64 32
55 67 59
41 53 44
26 52 86
57 67 45
69 32 26
95 54 25
37 21 72
47 31 72
51 83 11
5 59 19
45 81 84
63 11 81
58 1 21
76 27 51
98 6 12
51 70 27
6 100 28
76 85 33
5 15 3
3 40 16
46 11 36
59 23 6
80 76 25
63 92 27
58 39 11
94 99 37
75 39 94
39 14 39
89 1 9
86 3 8
83 17 7
3 45 29
15 1 68
55 85 70
21 12 63
28 67 39
86 66 3
95 87 85
37 41 54
34 14 13
28 41 78
40 66 18
56 53 8
56 84 42
93 17 97
96 97 56
65 62 9
43 4 24
18 25 33
99 47 67
64 65 50
77 13 96
28 25 45
97 72 71
85 91 32
68 69 21
73 83 60
17 23 28
65 86 5
5 52 92
62 73 36
26 32 69
50 68 70
92 67 83
21 43 46
26 86 48
47 58 33
19 8 35
4 52 52
50 52 36
17 88 95
50 81 78
35 18 45
7 13 95
61 88 11
48 5 4
51 74 46
2 5 32
42 43 68
65 13 94
99 60 83
47 15 49
7 62 31
66 81 71
19 88 24
34 93 71
15 8 24
79 2 50
9 46 6
91 99 3
12 28 99
85 14 63
99 54 56
26 53 12
98 72 84
85 59 48
1 9 54
24 94 33
99 75 44
32 7 83
35 88 3
39 6 3
55 33 61
48 61 61
34 68 98
41 84 18
87 53 86
39 69 68
98 83 27
93 45 91
97 15 58
41 10 61
55 98 19
51 56 87
100 46 71
23 93 48
62 54 23
23 31 35
32 47 43
69 19 61
31 41 50
64 53 66
64 91 21
39 91 96
46 2 55
96 5 14
44 55 74
4 22 10
90 96 12
71 39 45
34 42 70
67 50 90
83 47 92
55 64 77
59 44 78
34 4 96
30 90 35
35 81 92
95 21 99
70 7 61
2 5 49
31 91 44
55 70 38
80 18 63
8 97 86
65 66 53
75 87 63
69 37 3
75 60 94
34 38 43
80 73 93
1 73 8
20 34 1
80 76 35
29 67 75
6 89 49
40 93 70
23 78 88
75 95 88
73 93 23
87 41 23
19 78 39
4 86 24
100 43 87
76 30 67
68 12 2
29 71 66
38 89 13
50 96 4
95 44 75
16 51 93
75 51 98
91 23 1
44 92 18
35 14 50
45 21 58
70 87 88
60 65 28
32 51 24
35 18 67
40 9 80
58 52 46
24 47 71
30 75 47
69 27 22
18 72 80
78 81 42
29 44 15
4 67 12
39 38 90
20 49 15
31 49 89
89 61 28
23 89 71
53 69 81
85 90 20
24 1 56
3 45 71
52 42 21
35 68 41
18 47 20
48 97 57
99 41 34
87 56 44
24 5 27
7 28 56
7 93 98
15 73 40
10 96 67
24 1 33
90 81 94
91 74 84
28 92 99
53 72 15
79 32 86
90 52 49
58 91 19
55 43 27
18 55 46
34 5 72
75 89 40
60 19 90
44 83 19
7 79 27
87 90 94
59 12 20
96 11 14
17 76 25
74 30 2
45 72 87
42 16 25
61 99 22
75 83 14
98 24 90
39 68 2
60 86 43
48 25 87
5 14 87
59 5 70
15 26 80
26 54 90
4 28 14
96 86 19
81 56 45
15 14 76
89 90 77
9 26 94
90 52 52
56 48 91
2 30 72
32 28 36
77 6 24
84 6 13
10 27 37
76 8 32
41 5 9
82 91 82
35 16 17
52 58 43
95 52 68
47 1 90
47 47 77
2 61 2
56 28 84
32 76 69
94 11 26
86 50 89
10 89 61
39 27 63
92 75 31
85 46 65
31 79 55
2 99 78
96 55 35
81 39 76
37 27 25
2 65 44
36 96 92
85 39 93
56 74 78
18 10 13
35 87 20
26 50 85
67 12 30
57 27 73
76 59 7
96 34 84
27 57 80
77 58 66
65 17 18
48 87 70
10 31 100
79 47 25
33 83 33
46 82 37
65 69 51
5 38 28
48 43 75
78 50 92
23 48 93
12 95 26
46 43 78
50 87 22
16 49 7
16 30 88
45 84 81
28 95 92
61 30 2
33 21 55
26 11 58
43 85 21
56 48 20
66 82 39
27 8 93
76 61 33
35 23 60
11 14 51
41 59 15
74 26 71
22 61 33
18 74 4
8 87 36
56 44 77
80 66 32
81 28 97
45 18 54
66 61 53
79 5 96
60 74 97
88 39 91
35 57 68
80 44 85
50 30 14
44 92 89
99 18 77
71 44 22
72 73 67
46 90 19
98 58 54
61 36 67
55 76 69
56 58 16
41 23 81
26 93 96
70 23 53
62 50 72
25 91 41
82 76 51
15 89 57
24 35 63
30 91 13
18 6 48
34 19 17
5 38 85
73 68 14
96 26 27
49 78 7
54 100 19
19 41 3
4 37 45
32 65 59
100 81 13
83 65 12
79 45 72
31 35 50
90 16 64
32 56 89
7 39 10
85 12 92
58 19 47
46 91 28
87 25 81
65 86 87
69 15 23
16 18 99
31 67 47
61 11 18
27 50 97
6 4 78
57 71 61
27 42 99
11 44 65
81 93 8
55 32 50
28 47 30
48 11 58
65 72 37
71 19 80
81 70 39
69 20 27
43 53 41
86 53 87
99 57 48
50 98 51
18 56 23
40 24 25
42 88 52
4 47 7
59 14 44
85 85 47
90 90 46
94 3 14
88 36 82
15 92 25
68 68 47
8 10 100
81 54 77
2 90 82
73 39 34
35 58 91
32 48 56
75 80 10
80 57 91
31 5 29
60 38 95
92 15 59
4 40 78
77 51 58
33 34 38
82 80 49
57 48 55
76 95 56
49 41 25
69 21 22
40 7 38
39 26 35
34 15 47
30 77 56
57 36 38
86 78 45
18 47 74
98 77 4
22 1 82
51 92 42
23 46 28
80 44 47
81 84 67
2 62 77
98 58 2
29 25 93
14 77 24
49 92 77
48 67 47
99 77 70
97 52 74
21 83 26
46 82 55
78 45 59
70 82 4
96 85 88
84 53 53
3 39 13
6 93 92
92 99 83
24 46 90
32 65 54
77 57 68
82 46 70
42 70 71
92 70 54
21 40 46
42 100 69
6 61 17
18 3 45
41 73 82
74 53 89
45 74 28
89 12 66
82 84 85
69 80 70
55 70 56
90 84 36
2 79 62
58 15 2
82 33 24
88 39 3
18 77 89
29 12 68
19 98 65
12 62 38
66 59 72
88 35 29
67 50 11
48 68 53
48 5 23
7 34 40
58 53 91
7 38 99
25 12 16
37 56 52
17 43 61
13 44 25
32 76 62
83 37 79
86 21 12
13 30 24
1 66 96
14 75 16
82 97 70
47 55 37
21 48 8
63 93 24
58 23 40
44 45 89
16 33 94
50 96 7
64 56 97
34 77 71
83 21 42
15 53 71
9 11 92
66 41 66
27 74 43
59 21 8
39 89 26
7 53 19
18 67 6
53 32 24
53 52 57
11 99 52
70 53 80
83 52 94
73 74 61
95 34 22
37 93 39
7 84 35
99 58 22
95 46 80
90 23 46
24 41 84
10 49 83
44 54 100
19 97 51
45 55 74
38 37 60
11 76 15
71 52 37
67 61 56
72 79 93
65 21 95
43 44 8
23 13 33
44 43 91
1 92 38
1 29 86
52 89 2
10 35 90
73 89 58
16 70 94
50 77 78
81 75 88
9 14 50
92 73 50
12 26 22
52 73 21
7 33 22
90 85 41
87 30 22
95 72 89
53 79 12
40 31 44
47 8 26
85 99 8
86 52 16
26 55 28
39 66 10
2 47 65
61 52 56
55 80 25
20 23 48
25 93 5
54 19 41
52 86 39
90 37 37
87 86 97
76 50 42
17 75 58
70 11 70
80 80 12
79 44 31
24 94 99
89 100 25
63 27 29
30 81 22
92 23 24
55 57 29
41 60 27
80 57 40
57 62 19
99 65 35
22 11 1
26 53 70
38 42 59
13 48 41
80 72 13
32 21 18
71 30 14
73 60 99
70 98 57
74 40 28
63 56 80
68 11 80
8 50 54
52 97 7
71 87 38
84 2 60
12 8 33
5 4 68
36 7 62
37 43 56
19 14 67
17 27 45
18 41 9
4 17 20
39 32 50
14 77 1
3 53 56
10 45 70
24 78 75
1 43 44
15 6 75
36 4 56
2 33 39
97 25 18
91 25 3
42 85 5
38 40 14
45 76 13
65 18 9
56 22 100
94 46 33
64 73 99
48 84 16
68 37 48
98 85 61
13 31 25
9 66 80
74 73 20
95 86 51
12 28 92
73 75 45
21 49 53
39 82 74
25 55 93
29 21 92
5 56 67
45 71 69
44 89 53
40 97 29
90 66 86
18 11 30
68 20 46
23 46 9
66 8 58
34 78 27
55 54 80
25 98 28
79 5 93
73 38 85
26 59 20
10 12 9
79 85 25
64 79 14
13 19 61
62 68 29
53 33 58
60 5 57
10 69 60
90 28 97
54 23 95
16 3 65
87 26 95
5 27 5
86 15 61
28 44 27
68 68 37
62 96 88
2 61 91
34 90 34
44 66 48
67 40 88
54 18 43
68 98 65
68 51 88
20 89 62
13 19 65
100 61 2
41 66 82
59 32 98
90 30 98
68 5 45
20 100 24
20 51 4
34 29 95
88 5 59
28 9 47
48 59 66
44 40 22
88 66 64
48 77 22
36 58 4
2 68 44
24 64 28
77 91 10
3 59 42
71 14 72
89 44 18
39 31 20
98 19 83
17 46 56
2 55 12
34 38 28
68 87 65
19 96 7
89 76 25
72 85 47
50 10 91
62 67 17
65 85 10
80 71 55
11 89 66
41 71 4
44 1 11
80 3 100
46 68 37
61 84 79
60 17 29
98 59 35
45 70 2
1 69 11
89 8 41
4 28 100
71 26 38
27 73 79
35 45 19
42 25 63
67 32 11
66 12 48
22 44 48
33 39 1
30 17 96
55 25 64
31 94 44
51 96 98
66 62 80
11 84 46
48 46 92
52 41 17
89 4 16
78 6 3
20 22 87
88 67 28
44 60 13
32 36 41
30 51 19
40 15 71
82 7 20
94 41 75
74 41 17
60 23 15
36 50 75
90 59 100
57 65 37
84 39 71
17 100 1
50 65 59
65 58 39
69 67 6
67 16 22
62 60 66
7 32 69
26 98 76
42 19 64
14 56 75
11 17 20
3 52 17
1 18 26
65 62 95
91 78 48
92 22 19
6 18 37
33 47 76
80 66 91
24 20 93
84 15 32
28 38 27
71 5 58
6 22 67
3 85 18
26 15 87
25 14 48
80 68 3
46 1 94
76 89 5
83 56 66
5 28 89
1 35 83
9 84 23
72 98 51
39 95 72
71 79 60
81 41 38
41 13 10
24 14 62
45 70 63
33 59 53
69 35 46
3 24 69
71 58 44
33 52 80
49 85 13
49 47 4
35 29 75
73 13 93
11 57 43
6 72 45
88 71 54
39 98 5
85 11 72
49 96 28
61 63 77
5 59 68
42 32 5
65 3 45
80 82 89
58 12 66
25 65 31
9 80 38
29 25 83
68 14 53
87 19 35
74 46 70
33 94 89
77 22 52
88 84 11
23 36 25
21 27 9
16 81 84
57 52 4
50 50 29
1 73 81
93 86 7
80 3 100
87 53 16
2 41 5
58 17 5
49 17 24
26 78 79
40 33 85
73 89 46
39 53 70
70 14 17
6 31 21
54 2 29
99 77 29
90 20 8
28 71 39
45 60 40
58 57 84
51 77 83
48 60 99
56 2 59
46 54 94
92 89 41
13 5 93
33 39 92
59 2 76
15 52 56
3 27 16
97 82 61
85 77 44
76 19 7
4 98 24
73 83 42
32 60 95
55 11 85
72 34 43
65 14 39
40 4 29
75 43 76
40 12 51
25 27 25
60 28 48
74 91 99
85 98 32
36 5 90
19 73 64
49 98 11
59 75 32
4 46 46
89 45 57
61 12 57
90 96 64
14 50 32
54 64 54
70 93 77
9 61 63
49 35 14
27 23 84
21 7 83
8 34 77
56 2 38
99 8 59
26 35 46
11 83 81
6 6 25
92 12 98
72 38 84
84 95 61
71 16 91
32 29 95
72 10 36
74 60 30
9 92 100
25 16 51
67 87 30
72 57 61
63 70 19
38 70 45
30 39 50
52 57 23
55 15 100
94 79 8
50 33 69
83 46 33
13 65 65
3 25 42
78 3 92
100 85 80
16 43 49
16 2 90
61 88 23
95 86 61
18 68 82
60 43 49
74 100 77
30 51 24
33 36 19
22 5 10
81 71 15
79 96 69
39 7 94
32 5 96
93 35 83
12 66 60
21 75 24
47 86 54
69 79 55
37 49 27
76 90 40
65 34 74
56 93 97
32 42 21
70 45 50
60 95 67
27 9 70
86 50 100
33 84 15
97 71 78
50 47 30
89 39 4
85 5 6
75 1 83
34 48 13
66 79 42
33 48 87
12 66 37
95 3 4
85 99 42
44 75 20
27 34 60
96 27 75
99 46 10
59 37 37
83 85 44
46 60 23
36 25 43
47 34 19
72 10 10
45 15 55
41 83 64
65 39 99
9 37 51
59 20 58
40 96 78
16 82 29
78 47 46
87 2 77
84 40 52
10 16 22
35 95 18
44 43 94
5 70 90
81 68 71
81 17 63
75 72 6
26 94 56
28 51 41
16 28 65
48 71 64
76 5 75
46 70 49
22 92 53
86 81 13
91 62 53
97 73 42
75 66 73
14 43 98
34 11 23
79 82 26
84 29 88
94 52 14
47 31 12
52 83 56
33 73 29
34 10 39
35 71 78
57 8 63
56 20 12
46 15 70
52 26 83
35 2 10
79 10 46
62 2 29
95 21 80
29 71 22
13 36 54
66 58 75
53 51 53
16 19 18
75 74 12
74 75 29
19 93 85
95 7 96
80 18 91
81 60 63
56 40 56
15 7 79
26 78 37
46 55 21
46 3 17
98 36 10
14 61 12
66 80 75
66 59 9
36 78 38
73 41 31
52 80 97
96 73 15
94 76 8
28 82 9
42 33 61
86 66 43
8 37 91
13 27 14
57 20 82
31 8 88
67 68 36
34 61 22
95 73 3
53 100 65
60 61 8
15 4 60
20 4 28
82 25 18
47 27 49
54 63 81
46 51 40
100 86 51
91 70 88
100 79 32
99 64 99
59 88 87
36 25 76
76 70 47
53 68 100
87 68 14
98 75 45
37 5 76
36 67 94
67 53 92
70 55 83
58 58 99
88 74 81
22 69 53
76 16 31
62 76 69
62 24 83
83 73 62
55 57 40
63 16 36
67 60 53
61 41 81
42 3 20
93 90 32
62 8 45
68 12 84
2 82 12
65 27 60
30 39 35
78 20 66
10 24 76
88 58 33
53 49 43
92 75 20
86 75 42
14 24 75
29 85 74
24 11 59
85 21 19
16 46 63
70 77 57
94 89 59
46 55 61
19 31 33
6 77 92
36 68 34
71 90 4
18 36 35
44 51 34
72 6 21
54 22 17
33 24 85
84 16 68
14 41 77
50 76 74
50 40 89
16 43 74
22 80 59
53 45 57
92 21 75
57 97 30
32 38 70
14 96 13
98 44 33
73 8 64
69 50 36
52 22 50
49 51 22
27 79 74
51 100 15
73 16 79
64 99 92
19 29 96
76 98 57
44 3 83
46 40 45
50 58 23
48 47 22
43 64 34
70 54 76
60 15 11
64 41 20
89 83 33
50 9 94
31 58 34
8 62 58
44 56 81
85 92 39
31 14 21
70 43 69
58 9 61
79 22 95
34 57 12
45 7 33
68 5 67
39 90 88
2 100 16
24 18 39
54 16 30
8 37 1
30 14 56
36 64 34
39 76 49
88 41 90
10 99 87
5 51 25
6 94 48
55 26 49
62 56 2
21 22 62
30 82 98
12 47 3
23 11 64
12 81 59
40 48 12
43 41 71
51 98 72
28 37 36
92 52 88
5 79 75
63 39 5
93 35 38
69 93 38
28 72 26
49 49 12
7 95 59
73 24 35
74 76 36
88 83 35
24 94 92
27 58 100
2 41 61
74 100 10
35 42 34
60 2 42
54 93 83
84 20 27
8 26 99
36 46 41
22 9 59
59 11 70
97 72 50
87 18 63
87 23 88
65 17 75
31 36 80
93 64 30
12 49 45
37 24 52
47 93 100
93 94 90
65 46 48
25 64 25
61 86 23
26 71 41
3 29 43
39 46 58
62 97 62
68 17 65
6 62 50
98 66 29
89 12 71
98 97 59
95 48 72
78 14 85
30 49 64
82 52 10
81 68 30
7 19 77
26 2 18
31 79 77
18 52 10
40 69 17
94 20 42
99 29 61
69 87 47
33 67 67
35 40 12
18 27 66
38 79 58
63 32 48
93 81 88
15 65 80
39 29 94
2 93 87
56 44 31
22 74 75
13 25 74
90 26 72
89 64 29
54 73 36
73 76 7
39 42 64
98 27 31
12 17 31
11 72 40
29 44 73
100 18 4
86 50 80
31 10 82
84 83 95
71 27 23
80 41 100
71 39 77
1 22 32
14 30 100
50 13 65
91 91 58
20 73 56
94 93 23
82 21 74
79 30 33
32 67 61
66 47 15
64 61 78
73 88 86
4 99 20
58 24 84
67 71 88
17 20 37
19 29 44
29 94 38
90 52 69
69 11 89
35 71 6
13 75 90
24 48 32
2 92 46
71 86 50
97 62 23
69 79 31
60 26 74
95 84 84
27 6 67
10 9 33
85 41 2
32 63 95
84 75 14
63 2 76
23 99 80
86 42 94
85 53 27
19 13 66
78 28 41
12 28 62
35 59 86
24 37 41
25 4 25
68 92 65
72 22 63
10 81 20
83 37 5
97 47 61
34 4 28
1 26 12
90 25 14
39 93 84
100 36 64
86 21 58
6 71 4
20 20 57
12 94 20
5 86 56
96 12 45
54 78 91
18 4 26
10 14 14
43 64 63
39 68 96
84 10 23
66 62 50
23 26 1
69 55 58
24 78 38
86 23 85
58 8 27
4 37 80
77 42 33
99 53 28
36 38 84
15 96 23
83 76 42
64 10 34
96 39 62
67 28 76
7 99 89
21 12 60
4 12 34
80 45 84
28 8 45
27 56 50
63 71 53
4 83 86
8 53 2
77 20 63
51 80 80
79 89 10
13 41 5
19 1 48
8 88 68
89 39 98
7 29 44
78 35 20
64 54 78
25 17 32
77 14 99
61 48 6
41 68 11
41 47 77
36 57 50
43 50 49
70 99 33
93 30 51
56 64 25
83 41 49
3 7 62
8 4 68
40 60 34
50 66 13
32 8 68
27 73 62
56 67 52
70 76 86
87 18 15
79 92 6
33 81 50
57 58 30
78 93 50
61 90 43
97 38 93
22 31 48
33 44 16
86 55 79
24 56 79
4 1 88
10 80 34
68 8 76
34 83 28
99 96 38
91 5 39
63 15 28
59 13 66
28 43 35
2 1 69
9 41 76
14 77 36
67 44 99
18 45 9
30 23 43
45 31 6
14 54 77
64 2 61
62 25 50
38 5 98
88 97 64
34 94 17
9 21 82
49 16 53
36 28 31
54 65 4
5 81 8
7 51 14
45 71 39
63 8 69
85 37 90
19 18 38
70 63 79
43 33 66
26 95 56
57 6 39
65 49 21
78 20 89
60 4 53
85 56 7
85 17 30
16 76 50
88 83 45
74 5 48
35 86 31
60 9 75
1 11 11
45 98 8
37 28 54
15 43 21
53 55 40
50 4 46
82 5 32
89 54 89
83 68 68
47 96 56
57 21 9
11 24 32
1 70 23
74 80 91
32 80 87
37 80 57
96 34 73
35 45 11
57 64 18
47 50 37
91 93 47
34 15 92
42 41 82
43 81 43
4 64 14
37 66 94
91 19 79
75 11 73
59 57 46
40 72 45
86 30 55
32 90 87
47 70 91
44 28 34
95 45 7
1 69 32
27 58 78
73 51 42
94 52 3
91 59 34
63 87 48
97 22 99
46 39 76
68 79 93
32 87 27
56 12 56
97 57 54
33 45 20
77 36 59
24 93 80
100 85 98
48 60 17
2 25 45
55 76 79
87 16 17
46 60 20
64 82 63
64 51 26
54 89 69
76 73 94
73 64 83
95 89 4
42 81 44
7 43 73
85 63 42
35 9 67
75 71 70
44 83 72
22 68 83
12 100 43
79 36 23
81 22 10
29 64 33
50 44 87
62 61 7
87 36 94
17 49 36
38 70 62
67 69 53
69 15 55
35 11 4
47 66 23
92 8 85
80 39 38
63 61 3
76 50 64
3 47 1
60 65 43
61 96 72
32 14 96
77 11 72
96 30 22
62 23 80
81 22 69
36 45 16
59 18 14
31 63 9
10 14 4
10 19 31
29 41 85
45 22 65
36 100 46
80 75 17
6 6 42
36 64 100
23 36 7
82 6 39
34 66 14
64 18 25
8 73 56
93 10 17
59 43 39
21 89 62
26 56 41
88 30 83
56 75 88
25 39 87
29 92 78
49 90 14
25 13 90
75 12 75
41 35 25
64 90 53
65 28 6
81 14 78
13 24 12
29 60 86
80 99 91
24 75 74
61 47 65
9 22 41
88 37 72
73 47 96
80 97 20
45 21 92
56 56 50
67 50 93
48 60 80
9 53 61
82 73 31
61 33 61
30 37 25
34 83 52
89 58 70
45 33 93
6 26 19
46 14 43
27 58 32
56 54 73
28 15 22
82 29 46
29 75 59
54 74 48
90 3 37
87 51 60
40 20 16
10 75 61
16 48 13
13 29 36
83 89 65
32 79 18
6 42 77
32 80 54
17 66 99
21 84 19
46 18 27
1 33 63
67 14 28
9 12 24
83 47 25
30 19 53
97 69 48
82 79 68
2 20 52
79 56 84
41 53 40
59 87 29
14 19 59
58 71 75
66 51 54
37 81 67
40 27 89
78 73 17
13 48 55
36 42 15
82 59 8
1 49 3
41 17 22
48 89 81
42 49 56
31 22 17
36 77 45
7 51 24
95 7 64
92 26 51
77 40 35
97 75 97
16 87 58
3 100 7
47 62 95
54 39 42
65 95 14
26 29 26
52 25 38
20 69 58
88 94 62
71 26 80
11 95 59
55 47 62
94 74 23
99 27 73
49 17 64
82 7 45
49 45 8
65 80 42
55 85 87
16 8 75
50 31 17
37 92 45
12 43 51
33 90 12
17 21 62
53 39 13
73 17 40
78 37 6
20 19 6
91 56 98
39 57 55
6 35 38
72 85 100
40 30 20
59 2 18
68 94 74
92 19 69
68 62 29
38 41 65
81 68 52
41 90 54
29 2 64
50 38 90
75 94 15
14 71 10
29 33 75
62 48 60
52 81 52
21 1 86
23 24 14
4 80 56
73 21 57
24 18 69
88 58 78
56 4 53
13 44 63
59 72 6
98 68 39
20 86 65
89 20 29
8 71 84
38 21 40
21 92 64
68 78 28
58 71 21
26 100 3
45 84 96
43 65 95
98 35 21
41 32 97
10 100 47
34 54 1
7 38 66
38 23 41
95 73 88
34 96 29
14 49 72
31 8 26
90 6 69
44 72 62
26 65 42
53 27 61
79 14 55
84 8 78
35 49 20
40 67 73
81 57 72
21 21 78
49 29 61
1 23 19
73 75 1
5 44 22
8 6 97
44 88 33
50 44 2
88 51 45
11 14 92
14 67 66
44 78 31
22 65 70
27 60 7
32 87 42
56 49 82
91 32 69
48 11 89
42 13 79
63 98 28
12 4 2
14 78 58
46 83 52
29 10 2
16 2 24
77 100 2
29 96 23
90 33 69
42 42 22
36 29 68
3 39 17
1 94 35
85 40 95
51 6 18
56 60 52
6 70 35
28 45 36
11 38 37
4 87 5
12 15 27
15 85 32
29 44 50
63 71 25
68 99 15
74 55 88
32 6 39
80 99 90
91 76 20
61 22 34
61 98 81
27 24 98
10 96 87
63 61 68
70 87 48
30 77 36
32 92 62
74 57 17
73 69 77
37 26 67
5 66 80
12 45 63
8 2 54
24 66 27
93 25 24
79 12 66
32 14 88
2 46 5
55 58 31
56 74 57
52 18 68
64 52 39
98 64 64
58 8 66
41 7 30
89 19 33
24 25 61
92 2 32
80 32 8
59 96 73
89 99 67
8 47 41
32 51 84
81 47 65
15 23 24
29 11 63
35 2 65
41 50 35
92 89 5
39 45 88
25 14 65
40 46 4
94 47 28
40 88 40
89 44 1
34 48 75
76 98 35
5 27 74
73 88 58
70 54 33
62 46 74
20 47 97
11 49 13
4 52 85
84 67 8
63 28 26
18 45 33
94 93 71
78 80 96
57 13 91
9 95 94
16 6 15
1 19 17
88 62 36
71 60 41
68 39 29
27 50 9
32 28 69
54 14 73
29 66 93
91 10 6
5 44 32
36 42 22
20 75 56
10 72 50
34 52 51
85 17 39
24 95 7
75 12 18
92 60 78
35 9 45
94 28 15
16 12 20
79 95 57
39 86 93
44 44 9
64 37 83
32 57 89
69 55 77
5 97 41
51 93 46
21 89 68
23 14 47
60 41 74
24 79 91
57 71 43
87 19 62
22 100 26
25 11 14
28 38 7
5 86 100
90 3 39
97 47 51
37 19 75
69 36 95
87 18 21
56 97 40
34 68 48
98 64 31
34 43 60
21 54 100
34 93 55
8 66 43
26 79 92
56 90 90
65 82 54
1 18 20
74 85 69
21 43 83
10 58 9
55 27 94
24 24 98
70 86 95
22 85 27
38 2 1
53 45 59
31 90 29
37 75 44
96 40 25
23 54 46
46 94 85
74 6 59
13 81 51
99 1 7
24 7 40
79 7 82
72 36 29
19 11 82
59 76 18
7 11 27
40 66 96
26 66 79
64 72 98
31 22 12
45 43 44
6 7 76
36 38 29
40 13 21
78 13 57
95 58 18
88 9 39
50 68 31
95 68 19
3 11 40
69 41 1
15 59 37
64 7 4
67 82 78
55 64 18
60 4 13
36 80 21
52 4 40
93 54 66
76 34 80
60 15 90
58 81 38
21 19 66
84 70 59
61 63 67
43 86 28
33 23 18
58 1 28
32 76 84
60 82 59
20 1 30
45 26 56
26 92 56
75 19 49
33 25 63
8 74 27
32 84 71
36 74 46
16 50 45
10 25 6
34 43 4
58 72 57
69 13 41
56 23 46
11 79 32
25 89 79
88 31 15
45 37 84
74 47 16
36 13 22
46 74 10
11 83 51
71 82 90
87 18 98
95 99 58
18 15 1
92 43 67
80 26 4
75 85 26
93 41 46
5 64 70
19 96 27
17 73 15
38 87 29
78 8 83
54 38 54
62 2 96
29 59 99
35 95 10
79 83 60
80 16 79
36 4 93
83 63 94
8 24 68
85 33 91
48 80 25
2 1 55
53 59 62
79 89 98
78 77 39
85 54 74
59 77 62
15 89 3
70 6 12
89 6 99
72 55 10
8 34 58
80 70 51
88 62 47
1 17 21
59 64 42
45 79 92
77 52 86
89 33 54
53 84 58
34 56 96
92 18 54
88 13 81
47 64 64
69 69 76
22 83 67
7 12 51
69 38 20
94 84 81
70 31 97
38 22 69
64 3 77
69 98 91
29 25 28
29 94 81
35 100 21
91 80 86
51 24 87
19 58 98
28 89 63
49 27 93
66 100 92
1 75 84
93 100 90
14 3 34
37 29 6
15 86 94
58 32 81
55 97 98
46 5 88
100 77 76
20 87 73
89 29 14
1 38 98
92 12 87
39 41 5
48 81 10
24 44 9
86 29 43
44 65 34
96 74 87
63 43 46
67 44 30
22 2 5
38 61 55
65 14 6
93 42 5
71 59 92
50 24 46
98 80 73
36 16 2
89 59 37
96 95 63
46 75 25
18 74 96
84 60 23
87 28 19
10 11 21
99 75 9
47 100 4
36 83 40
98 83 51
98 66 18
25 80 33
67 11 69
4 49 99
8 74 38
56 18 94
12 77 82
65 29 56
76 34 49
30 79 13
63 6 27
98 99 28
67 2 50
59 40 82
41 32 48
62 44 33
16 41 43
75 16 59
69 52 78
11 90 44
37 100 70
85 80 2
89 47 55
60 95 60
40 64 43
14 57 75
25 88 41
73 62 50
59 1 57
10 65 43
86 42 60
43 54 17
44 23 28
82 19 34
31 79 95
66 23 12
26 52 3
11 64 12
44 30 86
52 41 26
60 92 19
25 8 63
40 50 13
32 63 33
89 74 5
36 67 26
32 88 65
3 66 46
36 34 19
45 63 39
93 92 84
26 49 1
58 72 83
5 39 5
73 17 60
90 61 54
61 59 13
85 26 10
21 86 23
30 72 23
36 29 49
58 94 78
56 80 58
17 49 21
64 32 25
32 71 62
19 17 47
80 74 76
49 36 11
73 62 19
76 9 67
4 48 27
1 96 42
79 33 60
93 10 29
79 28 42
33 53 84
55 45 39
59 47 76
65 8 5
12 13 28
72 60 1
100 90 31
33 85 39
46 12 68
6 73 62
13 64 79
4 20 81
56 47 10
53 54 71
47 10 16
1 8 95
64 85 55
32 71 61
65 49 27
95 100 38
82 14 4
82 25 19
1 45 97
11 45 82
42 83 97
76 22 98
12 26 16
12 67 86
50 77 1
3 46 20
68 6 95
54 50 33
60 87 12
85 88 91
69 36 67
61 83 9
76 87 19
75 69 85
44 72 58
84 56 49
17 37 85
100 48 79
90 75 53
61 85 65
18 88 9
41 60 57
54 83 45
80 93 55
72 12 92
60 94 69
61 72 4
82 40 98
54 5 60
20 66 32
33 81 35
99 38 18
52 15 47
7 37 69
51 57 14
56 34 83
7 88 25
91 56 21
72 5 32
65 66 92
22 88 18
84 13 13
84 20 91
32 62 81
39 9 88
48 61 69
63 5 51
44 68 27
95 38 30
69 38 17
19 52 79
79 17 36
83 48 84
96 55 55
26 44 13
47 89 65
12 74 4
86 72 91
76 98 77
94 93 19
48 14 6
3 38 55
61 3 82
65 11 38
74 37 87
44 36 93
35 35 29
20 48 6
21 37 49
18 45 86
83 2 12
75 32 53
38 47 15
98 22 12
83 17 5
14 20 11
8 77 85
14 38 13
94 62 29
77 77 62
11 44 73
40 56 18
33 78 46
33 43 32
6 52 36
29 54 60
77 83 80
2 17 44
38 11 90
66 89 24
36 96 30
35 67 11
26 61 27
84 28 94
5 98 18
18 79 3
16 25 32
58 8 91
45 53 60
25 82 51
15 61 54
70 8 98
88 63 2
38 23 33
37 75 30
97 39 6
26 92 18
7 62 55
42 9 54
34 82 20
50 52 91
67 68 98
36 28 67
66 73 29
58 75 85
92 3 78
55 28 72
57 17 24
95 47 11
35 20 94
4 36 88
24 65 13
37 12 80
48 91 99
15 62 4
13 85 1
24 99 54
38 72 100
29 58 49
46 24 26
71 72 64
77 11 76
31 24 54
11 64 62
7 14 71
99 8 65
92 29 70
77 86 58
27 43 72
49 91 89
53 25 100
68 39 25
46 66 21
93 83 19
51 63 29
24 56 24
6 9 78
98 100 15
43 50 12
11 31 60
32 20 35
55 77 7
80 97 85
30 47 42
21 76 51
15 39 6
72 47 84
14 77 7
10 74 49
62 43 64
87 12 28
63 25 84
19 58 88
2 50 24
92 61 38
32 89 1
39 64 91
97 67 61
68 11 95
38 91 18
76 64 52
43 97 89
39 50 62
35 70 2
80 79 15
58 52 69
16 81 17
57 77 33
69 76 31
90 8 31
75 72 97
93 14 42
70 79 51
78 74 56
79 7 21
3 83 48
83 49 66
15 22 37
71 67 34
15 40 15
59 27 76
97 7 97
62 84 62
28 15 45
15 90 24
15 15 100
50 18 56
27 56 2
69 38 79
65 30 48
96 92 76
23 75 35
45 63 69
31 51 39
23 64 53
57 49 79
65 94 26
22 94 23
27 45 32
24 25 58
39 96 69
15 76 14
73 14 38
42 4 83
26 48 64
43 68 98
95 96 11
7 41 10
88 36 52
15 24 71
82 27 87
59 93 60
17 98 99
11 80 5
57 60 45
9 14 84
45 57 29
12 84 25
35 27 54
60 51 99
55 12 31
25 97 62
70 40 60
50 24 64
48 32 88
44 68 97
92 51 41
34 84 1
6 43 83
33 64 61
76 45 88
82 59 54
70 36 26
97 27 56
34 46 16
73 60 31
5 82 93
48 31 55
41 68 51
35 33 79
19 91 70
96 57 91
87 92 98
97 45 59
35 29 71
54 53 82
78 71 74
71 59 57
95 100 86
93 95 42
29 35 94
82 4 19
27 80 14
25 5 12
25 12 3
2 44 25
91 5 42
47 77 68
16 41 18
95 51 72
35 64 23
27 17 27
83 33 46
75 14 46
100 91 11
84 47 10
42 99 44
11 62 33
66 77 62
59 26 36
85 82 40
2 65 9
86 17 84
18 23 1
69 7 41
63 84 63
77 98 12
69 62 13
15 28 80
6 7 91
79 12 4
13 21 92
66 80 82
50 94 24
77 57 72
90 92 75
83 64 86
17 27 10
57 36 2
99 28 5
64 46 23
20 67 47
29 30 66
8 93 88
45 94 13
32 16 7
24 3 77
5 8 80
75 45 39
80 67 76
27 17 10
97 9 87
67 33 49
97 18 35
60 27 15
25 4 4
95 47 33
82 51 98
66 89 39
62 57 54
26 72 60
87 32 44
14 21 28
54 91 11
60 33 94
11 69 84
6 37 86
82 88 10
69 70 19
62 59 35
88 24 43
19 32 75
25 88 29
66 80 44
79 11 3
1 87 33
76 3 16
57 39 31
50 35 19
10 4 29
27 12 66
51 11 80
49 50 39
100 88 79
86 76 8
68 50 23
96 42 42
45 2 49
73 83 15
15 25 30
94 23 41
88 55 78
99 90 83
16 71 33
51 19 95
62 2 73
72 50 31
65 18 46
10 49 66
21 83 11
87 9 55
18 18 37
53 16 52
53 70 55
31 27 11
3 57 64
63 20 59
60 100 58
40 22 38
54 89 7
4 51 51
83 96 52
92 24 89
52 72 5
2 24 26
7 86 48
56 90 54
80 65 8
83 10 73
41 63 79
56 40 12
5 82 53
27 87 37
64 49 41
13 78 71
82 28 41
73 50 49
6 40 95
32 85 76
91 53 18
92 10 52
6 61 68
7 78 52
67 50 47
27 30 34
13 43 3
4 48 21
64 85 20
34 5 27
50 40 69
74 16 85
86 30 23
13 95 88
94 6 19
66 64 99
34 33 84
20 51 34
32 5 74
11 38 49
45 58 65
25 42 82
11 81 26
74 70 13
7 70 14
95 58 7
20 87 33
56 25 41
38 66 30
22 48 58
95 5 63
35 7 77
71 95 11
62 43 85
75 35 4
32 56 3
11 99 31
41 49 75
38 4 51
50 32 15
89 49 63
15 95 97
23 74 100
48 44 70
52 16 70
59 16 49
53 37 93
86 66 93
73 68 20
80 11 24
85 80 28
70 45 46
51 77 89
77 36 22
47 40 84
61 53 8
13 44 60
37 100 12
5 63 28
26 75 1
99 84 50
29 51 62
91 68 34
43 86 22
17 37 8
62 61 20
15 56 15
19 38 59
45 19 75
88 29 83
43 1 66
43 76 8
28 45 35
32 67 54
84 13 8
26 65 73
27 16 78
82 73 52
53 87 89
88 8 60
32 89 95
87 64 31
22 49 37
12 95 24
70 39 72
53 8 10
30 81 26
44 27 26
69 98 20
50 3 87
86 32 43
23 92 7
54 2 91
47 44 51
22 38 40
31 46 62
22 58 72
21 8 68
83 78 7
93 1 18
8 95 84
71 41 51
6 43 39
61 37 85
81 8 60
90 69 25
20 88 75
50 24 42
41 91 48
5 78 18
21 2 25
32 25 92
21 99 30
39 87 15
86 14 67
69 82 51
34 29 18
32 34 97
12 52 1
8 54 23
33 95 32
51 59 30
20 50 65
31 57 94
92 40 60
58 83 86
55 43 34
51 35 73
57 59 51
72 27 62
61 69 18
19 68 38
3 58 83
30 56 31
54 48 63
14 84 83
64 51 78
53 21 52
71 78 77
73 3 47
40 37 60
11 53 60
9 60 60
46 6 35
37 88 80
43 12 3
5 41 59
46 89 50
68 81 74
81 13 89
76 100 61
40 42 17
54 74 11
45 49 24
78 44 27
94 29 98
94 95 18
87 62 50
23 72 81
26 95 95
77 69 1
40 68 92
22 81 74
38 51 86
72 54 86
61 83 72
65 78 37
27 2 10
99 88 67
58 35 27
53 86 67
98 22 95
28 94 72
28 42 24
5 18 85
6 22 55
65 27 58
16 34 84
48 40 86
36 12 78
64 90 85
78 7 43
35 68 26
49 14 90
65 84 59
42 83 96
72 25 48
82 74 59
96 45 79
13 16 20
77 39 98
3 42 84
68 11 86
70 40 11
52 93 79
97 32 79
41 68 83
18 100 64
78 90 91
94 36 63
55 94 74
29 4 13
93 57 57
35 9 67
32 78 81
76 25 70
10 45 69
32 75 81
96 47 26
66 50 74
9 88 15
6 45 42
62 78 50
15 37 12
100 8 49
1 46 20
74 51 40
31 23 91
53 76 79
9 63 30
83 4 85
92 13 91
79 99 78
11 84 83
24 6 45
14 94 87
100 3 55
18 16 19
94 20 6
15 37 69
24 28 73
12 30 33
24 27 37
86 10 3
77 73 62
9 74 5
37 71 14
1 36 86
38 91 32
44 18 74
59 75 21
11 30 66
61 68 93
43 68 37
24 80 95
96 37 74
9 32 18
88 93 50
24 9 66
88 60 96
80 31 64
67 31 95
57 92 1
37 100 62
73 78 73
33 2 11
35 72 37
11 89 59
6 78 18
16 27 95
32 20 33
39 61 8
65 68 56
37 19 45
53 32 31
35 45 74
46 86 18
55 12 95
69 25 49
60 27 23
27 44 23
86 38 13
3 100 81
89 61 36
75 67 59
78 36 61
2 52 81
90 1 41
54 64 42
41 89 72
51 3 7
89 49 78
100 19 53
36 81 6
96 64 15
44 32 47
74 47 28
74 42 78
11 11 22
97 54 24
6 49 8
79 83 15
54 4 27
46 60 31
16 60 3
73 85 14
52 7 32
9 10 9
27 99 10
44 84 77
87 96 77
46 89 81
56 94 37
52 75 32
11 13 47
64 64 1
70 60 86
17 69 78
14 47 17
5 64 62
72 36 70
45 80 29
92 21 2
47 60 57
76 5 8
33 83 93
56 7 78
57 21 94
61 64 31
82 1 49
35 88 10
9 24 44
66 15 98
19 7 29
30 12 10
9 90 19
52 18 98
70 93 89
71 53 68
39 4 92
5 88 56
46 97 11
1 21 64
55 83 10
23 9 42
59 21 44
11 85 87
32 24 56
94 77 30
10 39 19
82 54 24
52 67 57
43 64 11
79 37 81
19 75 99
23 40 22
12 22 84
9 65 78
66 3 83
78 89 62
72 75 79
100 76 55
52 37 99
3 80 81
92 62 27
65 28 87
90 67 11
65 58 95
43 13 32
2 49 70
42 62 63
90 93 1
36 60 12
66 26 5
48 83 77
53 93 11
87 19 46
73 4 43
69 47 29
27 8 52
9 13 81
3 53 91
11 83 82
34 27 48
91 58 69
94 33 25
42 1 67
14 44 8
30 76 69
58 42 26
84 50 84
55 30 57
20 96 47
6 31 11
76 56 43
84 20 94
47 52 69
60 88 29
46 12 85
70 91 10
24 16 30
65 88 11
48 94 58
77 8 49
52 24 3
14 54 58
49 72 81
12 93 71
3 65 83
35 46 87
76 41 81
6 81 13
81 31 21
3 18 32
96 76 39
54 13 71
70 69 14
61 14 46
61 53 65
42 26 33
38 85 4
94 65 53
21 33 41
55 39 84
54 15 75
70 39 25
68 56 39
21 61 96
33 26 25
7 69 59
50 39 33
85 15 6
91 42 51
76 75 64
26 45 70
71 66 14
7 71 17
84 55 93
10 94 42
100 91 2
18 29 69
91 10 85
64 19 79
33 86 38
17 85 96
76 5 82
86 3 17
23 42 89
19 79 35
91 19 48
69 12 9
52 9 3
80 86 43
87 82 49
51 61 97
59 64 74
48 66 12
29 94 53
58 23 32
97 21 21
3 73 84
64 39 71
15 68 71
99 32 15
19 6 26
29 44 40
69 61 80
51 43 18
90 2 56
7 91 67
23 97 7
90 9 93
95 4 36
100 95 5
19 86 67
55 54 1
87 72 65
63 11 22
84 57 12
95 45 67
46 5 2
35 31 46
46 22 48
13 95 51
38 13 87
91 66 39
6 95 33
100 4 79
67 54 56
16 32 94
78 80 7
45 80 37
13 86 95
38 4 40
40 91 56
37 95 81
28 47 55
34 16 6
11 58 28
78 8 99
29 15 31
76 72 26
58 70 78
39 73 4
68 71 14
26 26 80
37 98 89
80 85 66
73 99 15
86 29 87
63 39 83
78 31 43
90 68 94
87 50 82
64 80 7
24 76 76
82 62 98
59 13 93
34 81 15
83 81 45
87 86 35
65 45 46
52 52 47
64 12 57
39 24 68
7 75 66
83 61 12
82 32 11
5 30 17
37 81 13
3 87 18
84 52 42
78 81 11
24 7 59
78 61 88
90 36 46
30 60 10
73 87 45
44 32 8
8 5 46
66 93 94
59 90 76
78 69 22
73 42 56
51 43 80
42 20 60
57 39 22
7 44 4
12 88 57
54 15 19
12 53 38
46 100 90
21 29 90
38 93 60
73 83 53
13 13 52
45 44 90
1 2 10
27 28 53
74 87 52
76 55 80
43 63 81
74 79 67
24 44 95
35 85 13
34 74 16
65 80 67
43 94 32
9 80 74
75 40 100
88 95 57
31 48 83
26 22 25
60 28 9
8 93 89
88 80 89
63 29 4
93 20 40
96 55 41
65 62 36
10 14 8
57 74 23
48 27 74
35 16 33
65 65 87
2 36 89
39 41 84
65 58 66
87 50 91
34 84 94
48 9 31
93 91 18
44 74 5
94 93 52
65 66 99
41 91 23
84 51 73
95 78 1
92 4 76
4 63 51
24 11 69
89 90 97
10 36 34
99 54 97
60 28 55
20 79 92
45 10 28
53 56 43
92 74 54
43 41 29
7 79 71
93 34 72
35 39 77
74 85 31
43 10 81
20 26 84
90 14 54
28 80 77
21 14 14
84 36 63
15 89 91
85 74 32
61 20 38
10 58 42
93 61 53
5 76 87
83 96 83
7 93 21
55 46 15
23 63 82
6 36 60
85 47 88
15 62 78
1 77 70
12 24 1
47 18 82
35 49 1
13 83 38
69 22 25
15 6 50
9 72 7
79 64 16
44 6 65
53 86 8
13 51 58
64 52 56
27 77 71
84 31 14
42 21 24
36 55 5
90 1 91
54 38 15
30 31 25
75 18 57
47 53 55
98 70 47
55 34 99
40 58 98
5 37 1
13 44 82
31 38 14
47 33 82
91 42 5
28 78 32
25 20 87
55 26 83
37 54 89
3 31 27
14 35 13
75 87 95
55 43 86
32 15 65
57 43 72
77 6 97
10 80 32
40 57 82
43 17 27
16 39 12
38 48 62
15 8 57
16 20 84
81 95 34
49 36 100
82 55 89
75 71 97
50 62 21
59 69 51
83 24 61
4 70 55
27 66 64
39 80 45
8 36 1
11 30 9
64 46 71
14 83 73
60 38 73
91 9 70
42 95 82
67 72 85
4 99 2
30 59 33
94 30 50
43 64 19
89 43 69
81 47 55
74 67 91
52 34 47
35 95 33
75 98 43
54 24 25
17 72 53
55 23 84
48 3 62
47 48 2
63 55 41
8 26 41
47 63 18
12 97 93
96 57 55
93 6 66
18 24 88
22 26 61
16 21 88
8 4 33
69 16 86
32 88 19
20 30 66
31 89 100
68 65 45
26 97 93
20 45 21
30 45 4
79 37 84
41 74 41
8 40 89
12 77 45
8 51 32
60 91 50
64 57 84
8 9 61
36 46 77
92 74 91
32 17 19
94 49 63
29 70 19
70 31 70
49 64 68
36 43 11
80 26 75
56 32 97
57 36 67
40 13 7
19 27 97
41 16 100
65 23 100
37 74 14
33 96 78
18 27 58
82 13 57
87 16 92
100 78 79
51 83 92
5 39 60
6 63 73
15 22 24
6 57 34
86 59 19
47 64 97
39 30 23
87 18 46
84 91 1
17 65 66
3 18 38
34 65 14
14 89 37
26 5 81
7 26 72
5 6 43
74 92 100
62 71 92
31 86 69
51 79 64
33 68 44
38 5 67
39 21 9
28 38 30
78 98 65
56 37 26
25 76 22
8 11 91
3 47 17
51 8 14
80 67 2
60 54 30
39 94 47
3 37 79
27 9 19
24 79 44
28 45 58
66 86 38
75 33 86
89 3 41
22 66 52
100 75 91
70 69 37
71 30 86
31 16 29
98 25 33
75 85 68
75 60 73
89 12 99
33 49 52
34 94 90
68 90 40
95 27 6
57 3 47
55 10 13
67 17 31
77 32 89
94 88 83
61 23 54
52 73 9
76 56 93
67 50 10
23 40 5
41 27 97
70 95 5
68 8 26
37 62 39
58 15 73
97 23 55
91 75 15
63 17 72
41 4 27
55 74 99
19 17 30
11 64 51
62 95 13
95 83 75
86 55 34
6 14 55
4 49 58
1 81 58
79 95 62
29 13 73
15 33 69
14 71 92
15 92 10
23 13 39
65 90 18
1 16 38
22 20 5
6 81 32
31 22 72
31 85 43
68 58 2
51 51 89
36 3 12
18 53 80
88 4 17
97 69 79
43 61 97
43 54 13
27 41 59
100 62 58
96 41 64
51 58 36
68 48 57
70 4 45
15 100 16
38 2 88
43 83 95
90 82 62
59 57 9
22 37 9
75 82 64
21 44 47
14 29 31
79 91 61
50 83 17
32 60 19
20 15 30
58 7 73
11 57 68
43 17 20
85 55 81
19 30 68
15 78 83
40 84 79
37 69 70
61 55 69
65 41 10
99 41 82
56 94 47
87 51 50
53 63 74
61 45 4
47 7 77
32 85 75
5 56 55
44 79 82
21 33 56
95 8 10
90 94 78
33 92 42
84 54 97
83 23 88
32 76 58
55 4 83
6 22 53
6 23 35
36 6 93
43 49 70
90 19 18
5 32 93
61 6 24
70 13 39
50 35 70
55 44 2
46 79 44
4 69 46
22 73 92
96 56 66
17 96 92
22 28 52
100 19 28
10 19 46
39 98 86
41 44 6
70 47 75
58 50 58
67 78 77
44 77 9
54 73 27
81 24 25
92 93 48
65 32 26
21 90 76
48 72 24
81 25 67
20 15 97
77 39 44
58 58 42
35 32 58
74 65 100
80 98 37
21 95 63
86 83 66
76 72 37
32 79 18
60 15 89
87 63 79
92 52 36
69 43 92
34 73 87
41 24 32
61 36 26
15 54 11
57 67 14
92 77 60
81 14 28
47 51 14
91 61 67
55 45 23
50 66 20
46 57 47
98 80 32
42 89 22
33 6 6
93 82 84
3 14 31
67 25 56
69 83 66
65 30 47
10 37 18
25 75 22
79 56 46
100 69 80
87 71 10
20 97 29
10 35 78
76 60 56
43 100 26
30 53 93
10 17 58
85 17 70
36 59 37
56 26 75
42 52 92
55 40 44
90 88 73
49 84 21
66 7 34
36 4 93
86 34 3
51 40 88
51 8 12
77 10 23
27 81 30
45 36 52
5 5 23
60 47 71
11 55 76
76 58 99
85 48 83
27 24 20
81 76 72
77 94 92
72 61 86
66 63 61
82 40 88
86 49 85
99 79 50
37 16 14
37 14 24
31 94 22
58 40 31
7 79 51
89 38 89
66 80 62
56 9 83
17 47 54
33 2 72
98 20 41
45 61 27
99 31 92
100 71 83
33 73 17
53 56 33
14 33 49
52 89 5
91 82 77
72 90 62
11 62 99
72 45 56
75 63 61
97 45 32
57 8 39
39 87 86
68 82 83
32 79 58
53 21 34
4 17 63
98 76 6
28 42 2
61 86 85
25 61 51
3 99 82
49 85 17
21 4 79
25 3 29
32 50 75
37 100 94
76 7 23
33 81 37
18 1 68
27 11 86
25 17 80
8 94 11
71 41 64
74 64 31
93 95 3
24 53 82
11 4 7
53 80 65
70 80 8
75 96 74
80 52 2
72 59 92
46 17 13
61 56 63
57 97 48
43 46 65
62 88 46
34 47 57
35 53 58
49 99 87
17 6 57
51 93 24
38 61 66
92 39 96
51 13 86
32 52 14
95 41 56
39 73 30
60 84 14
28 39 32
99 79 64
96 30 98
25 12 45
18 57 82
9 77 45
20 52 68
86 13 9
55 83 45
8 90 86
56 63 69
100 57 36
88 79 13
91 71 85
91 85 8
51 7 55
72 12 17
32 86 26
23 39 20
32 92 50
83 81 22
45 60 4
47 25 70
30 92 41
23 26 66
3 71 28
2 22 92
17 35 12
58 87 61
40 7 79
92 20 88
58 98 87
44 91 88
14 90 47
93 35 40
38 88 86
32 88 69
55 96 19
33 70 77
84 47 53
94 97 67
73 86 46
38 27 54
42 15 34
37 93 46
65 24 60
86 59 6
19 83 8
47 3 43
52 89 37
6 13 94
72 52 2
90 91 63
26 64 35
1 85 53
96 23 25
62 8 17
87 6 57
83 28 92
42 21 37
14 42 88
6 19 82
16 72 69
59 68 13
43 47 61
54 78 40
71 3 11
5 73 2
63 86 37
35 3 33
71 5 97
72 53 74
48 56 91
49 67 78
24 97 22
95 14 8
15 70 46
11 76 25
8 91 62
71 21 73
56 57 31
75 46 10
37 74 28
3 80 57
46 10 75
30 48 62
81 47 93
41 90 12
54 87 100
96 86 48
75 91 82
32 34 54
17 79 34
16 97 56
51 60 59
29 33 2
68 87 67
41 9 97
49 18 23
15 19 96
40 98 20
29 32 3
81 41 6
53 98 33
54 44 13
63 22 80
36 8 95
56 99 99
50 45 54
72 68 51
36 39 1
24 86 74
30 100 23
70 62 39
75 24 67
13 85 2
70 99 6
86 36 64
50 97 23
27 38 14
30 14 21
6 67 94
7 7 92
98 68 90
62 70 68
84 58 28
38 58 73
31 51 1
22 57 71
28 19 36
50 85 25
82 74 73
70 17 56
52 57 69
15 96 16
17 86 96
85 2 18
86 1 95
38 11 100
67 79 95
27 33 79
62 81 28
97 43 95
98 49 64
78 56 94
60 69 78
6 17 3
71 78 42
52 25 85
45 90 85
81 96 97
25 98 56
7 23 81
18 26 42
10 25 40
100 68 31
74 100 73
66 27 6
99 98 46
11 45 45
9 29 72
25 50 63
70 42 21
23 90 6
14 23 77
1 76 88
85 90 16
45 14 75
37 80 98
80 82 63
53 28 25
79 49 44
34 7 82
1 90 99
43 38 8
51 44 69
85 15 98
63 43 19
3 16 12
21 91 18
59 68 29
4 59 24
2 1 19
54 33 21
33 94 63
86 84 74
55 10 81
88 33 77
7 99 7
16 48 26
28 10 39
86 3 43
31 38 55
2 8 4
89 32 84
83 29 4
11 35 4
5 4 38
58 44 73
92 88 90
21 63 85
68 56 45
30 97 100
81 51 87
56 43 3
68 18 95
69 54 84
74 11 71
93 69 85
78 33 53
56 79 22
85 6 28
18 44 36
77 33 87
17 38 55
7 10 31
10 18 73
55 8 11
82 34 12
41 31 63
64 47 53
86 9 49
17 15 68
88 94 67
91 97 6
13 73 24
72 88 7
22 35 4
85 39 34
41 30 11
23 67 43
68 40 48
39 87 22
81 60 100
72 82 26
10 41 27
61 81 10
23 37 98
82 7 42
41 76 16
9 14 94
56 72 90
26 26 77
39 34 37
1 28 87
62 84 77
31 97 8
43 40 51
55 100 37
61 80 92
12 48 3
55 80 94
14 68 14
31 95 37
9 10 33
10 59 35
15 98 52
51 52 67
34 58 61
53 92 73
24 75 37
13 90 64
73 75 71
96 42 33
22 21 30
70 39 2
72 60 68
96 2 98
30 9 46
60 55 24
22 98 82
44 15 86
42 58 27
79 64 49
6 47 22
84 4 89
33 22 16
74 74 7
38 96 89
3 88 58
77 69 94
32 67 34
85 43 31
21 85 85
7 49 83
13 56 52
24 80 41
92 76 44
59 51 22
11 25 97
31 78 83
81 11 57
76 48 39
32 75 36
1 24 55
2 52 40
59 34 87
25 33 72
17 97 96
58 40 95
80 81 83
92 17 41
57 53 4
15 99 1
52 98 5
76 75 97
85 48 91
22 51 78
39 86 22
34 12 9
53 71 90
60 66 13
77 46 78
68 25 15
57 92 57
97 82 47
18 95 66
39 84 84
31 67 71
68 40 63
55 4 75
85 35 22
66 88 68
80 93 6
31 75 34
80 31 33
85 44 92
18 98 70
34 37 77
78 9 39
36 98 25
51 34 47
20 11 8
29 58 18
93 68 95
30 67 8
12 6 17
71 95 78
4 51 50
5 43 40
93 80 91
27 40 88
84 90 19
25 65 64
48 68 46
50 20 54
60 54 5
94 30 51
97 39 56
20 52 1
63 100 47
99 69 70
63 60 100
69 96 62
13 94 77
90 5 80
47 82 69
3 86 76
68 91 56
9 49 36
18 72 77
9 16 11
46 19 95
42 83 4
20 24 37
54 15 83
83 96 59
81 97 91
64 84 13
98 71 26
64 88 3
70 58 95
74 4 71
87 54 24
29 29 4
52 17 38
63 31 60
87 34 69
41 42 66
57 68 3
15 43 98
37 40 49
69 85 63
80 1 31
59 30 11
33 91 32
6 57 88
14 30 69
44 15 20
3 19 77
30 72 28
72 23 20
30 43 42
33 5 99
87 51 73
43 88 91
54 1 68
50 98 12
32 59 2
84 85 34
56 96 56
1 61 61
59 33 37
62 78 58
57 74 66
14 10 12
48 47 87
27 34 52
23 31 48
54 23 91
94 10 50
99 57 39
10 59 58
50 70 89
37 25 33
84 78 6
35 82 63
58 10 93
79 30 24
24 2 72
62 75 64
94 97 88
25 90 74
78 100 53
85 92 40
12 74 52
62 99 96
35 91 34
98 13 99
97 23 15
54 91 25
21 75 92
12 100 49
34 90 69
4 62 37
100 69 14
89 86 35
68 99 81
12 24 62
82 34 26
88 76 55
22 70 20
63 35 59
70 37 17
72 52 43
41 52 30
46 50 56
85 72 27
74 66 1
91 48 88
55 9 35
8 28 86
75 11 85
72 83 49
23 58 25
42 29 38
73 47 80
6 91 40
13 29 7
16 15 1
37 50 86
62 43 79
59 88 33
50 61 91
74 56 34
61 99 24
34 71 59
43 60 64
52 60 83
25 26 76
89 40 55
35 92 98
38 79 65
38 55 33
22 38 46
14 1 90
84 6 53
14 65 43
10 52 72
6 53 8
54 72 94
10 83 55
5 61 40
59 74 38
73 75 76
81 59 50
92 41 73
22 12 82
48 35 31
82 73 25
92 10 12
90 49 22
95 67 93
39 56 59
9 39 68
69 82 71
96 41 69
87 85 47
51 39 64
89 59 78
41 18 75
14 99 90
77 24 59
23 57 45
99 6 13
77 56 14
86 56 43
89 87 56
85 5 88
15 20 45
61 25 52
50 45 79
22 11 34
11 33 31
21 89 31
7 52 20
6 34 8
58 40 50
70 91 92
95 8 6
10 17 21
42 67 68
27 12 4
27 29 54
9 12 89
50 98 59
25 9 95
52 81 22
71 42 78
19 58 46
91 11 86
75 74 65
4 77 3
33 40 30
41 15 55
78 77 43
23 97 3
75 21 17
72 43 8
32 58 65
83 36 84
33 55 85
36 94 5
53 47 20
4 30 76
50 80 75
68 89 1
44 79 87
8 23 12
43 14 28
66 64 40
61 84 54
88 13 77
50 53 45
62 1 96
85 61 52
73 21 61
67 42 63
26 6 86
15 48 42
74 24 90
45 17 30
32 2 37
65 36 12
32 38 89
74 53 29
13 81 44
38 3 43
67 35 28
68 65 22
57 57 70
55 60 41
21 58 16
39 34 26
95 54 40
9 61 12
60 83 73
19 81 72
71 73 68
81 17 26
79 14 84
77 68 14
57 93 68
36 17 14
2 14 58
63 12 16
94 46 78
27 89 64
28 43 61
64 72 8
90 70 54
76 84 76
74 11 92
3 83 67
58 18 22
3 3 77
43 24 52
39 40 43
93 80 59
4 30 56
53 22 61
58 25 84
88 59 58
28 75 42
89 45 29
27 52 32
74 82 6
13 91 48
50 39 52
46 28 88
39 26 85
47 57 92
72 82 73
81 33 57
69 48 82
14 12 54
79 47 1
60 23 30
52 78 13
62 71 20
37 10 83
76 97 69
38 27 78
22 93 32
50 19 60
24 99 77
8 27 95
77 20 51
5 72 32
96 69 11
80 70 36
49 36 75
44 98 70
98 53 70
3 11 7
65 54 20
31 84 39
20 100 98
72 93 64
91 42 40
17 65 89
48 67 27
11 7 84
93 52 3
64 69 91
92 54 87
61 67 95
93 79 12
76 25 89
6 63 98
60 11 24
43 35 21
2 58 42
79 17 35
54 100 5
31 87 75
51 58 44
58 47 21
48 66 22
23 31 46
24 24 63
15 62 32
83 79 95
35 31 41
71 76 67
45 2 38
85 69 33
54 4 21
100 56 67
100 73 33
59 60 10
94 7 26
82 95 30
68 74 58
20 35 93
67 51 64
1 73 55
85 25 97
84 63 85
92 36 22
91 36 12
68 44 58
99 16 76
48 81 75
39 42 49
72 82 76
64 19 25
60 12 53
45 19 21
55 1 42
94 19 20
83 3 18
12 76 54
5 37 57
94 88 43
65 67 43
47 73 7
55 46 31
65 88 48
60 22 53
100 64 58
69 40 88
31 44 35
18 74 72
47 72 92
10 11 55
72 100 51
37 2 18
24 91 2
11 22 62
86 38 39
84 14 23
57 68 83
63 21 4
67 17 45
66 16 16
4 74 97
65 22 5
21 11 34
64 76 94
63 62 37
90 56 60
13 85 49
5 4 17
41 98 98
54 87 84
17 40 83
96 95 84
29 68 98
41 33 7
63 76 71
35 7 7
49 94 2
60 51 9
79 22 87
9 53 70
68 59 61
90 3 68
8 84 3
74 82 83
21 99 21
3 76 91
55 74 4
16 48 5
14 100 21
30 99 26
60 46 11
20 40 5
97 23 87
29 43 16
94 37 6
94 1 37
48 34 5
56 64 2
57 98 72
5 68 45
33 83 67
73 65 70
14 69 44
73 27 39
69 68 4
27 80 68
3 59 3
35 27 7
88 2 35
89 40 25
85 44 3
50 12 61
84 37 69
3 69 69
67 41 8
14 23 69
84 18 26
16 23 31
89 17 97
11 89 87
32 87 39
59 83 13
82 97 37
20 39 35
13 35 74
92 15 53
26 44 66
68 56 5
98 41 35
7 20 58
99 33 9
39 12 4
91 53 47
40 22 75
66 88 47
42 22 56
99 52 76
21 31 98
17 96 1
66 49 43
82 60 81
4 51 48
37 24 46
57 73 86
78 70 15
9 22 2
39 66 99
20 53 6
75 14 23
32 56 9
48 2 4
92 12 65
29 54 95
94 96 25
75 34 37
81 6 96
97 58 58
15 72 25
87 91 20
39 20 96
8 17 99
44 70 14
95 35 77
92 19 99
79 11 52
59 69 88
32 49 44
68 69 99
35 68 10
67 99 89
60 40 81
6 59 53
95 65 100
28 40 45
67 76 16
59 35 42
15 50 53
67 35 48
50 96 68
8 59 97
96 63 59
10 91 33
82 35 60
84 93 76
66 96 61
73 70 64
98 22 2
88 19 79
32 59 39
55 94 54
94 65 48
19 44 82
73 9 5
76 98 45
7 12 26
21 67 12
86 96 5
24 22 64
71 98 71
77 18 34
4 39 8
97 68 47
20 97 83
35 1 48
29 69 65
27 69 90
95 81 23
71 44 31
42 32 27
54 48 35
32 71 58
89 83 21
76 45 22
55 85 66
99 18 74
91 89 70
83 13 4
77 60 50
69 38 94
35 73 46
62 96 22
26 49 94
25 60 83
90 28 52
66 53 52
22 86 84
23 63 51
8 50 18
82 3 50
10 58 13
91 99 73
78 37 47
56 22 85
99 18 30
32 21 15
70 29 90
32 58 32
61 24 1
47 97 56
76 60 80
17 52 36
46 66 87
11 33 55
16 1 21
29 40 42
47 14 8
99 89 9
91 15 100
18 48 88
99 33 31
87 90 35
40 65 20
76 73 91
100 52 97
48 58 6
43 60 66
32 54 17
3 60 18
52 17 1
44 48 99
30 62 86
37 73 38
40 5 64
49 13 2
6 94 30
96 61 24
9 53 78
88 76 30
61 5 99
85 35 85
34 32 52
52 96 30
47 84 26
88 15 86
92 60 87
47 85 26
53 91 81
48 19 26
43 35 85
53 38 36
42 87 60
9 35 48
57 92 79
62 2 71
45 48 63
65 10 14
19 75 8
73 29 33
50 93 38
59 55 13
48 85 53
33 55 22
99 97 55
19 85 100
97 12 93
21 3 6
67 85 53
77 37 80
44 85 62
85 90 66
19 47 63
31 63 59
98 83 5
51 60 76
78 17 7
69 88 62
31 63 98
68 27 52
66 70 32
35 77 73
31 27 78
40 26 20
88 15 15
28 27 91
72 63 77
39 90 65
83 88 94
100 91 8
11 89 81
65 79 1
53 49 19
40 16 72
74 28 60
10 5 71
92 67 38
49 37 85
95 13 63
98 46 29
72 56 100
82 18 36
61 22 56
56 43 12
70 63 98
31 8 16
49 28 45
31 9 71
55 9 1
42 44 65
4 1 34
41 55 63
51 95 16
5 83 16
35 99 99
12 77 59
78 76 40
75 76 80
86 98 50
90 53 46
14 32 73
69 45 33
93 16 12
4 21 7
68 36 93
27 63 65
33 53 50
45 67 47
53 62 60
59 70 95
2 5 33
37 50 79
74 8 58
20 66 50
45 25 74
99 31 82
7 92 9
61 31 28
21 78 92
96 3 99
78 6 37
27 10 26
71 56 10
97 64 4
11 34 98
34 24 29
41 16 38
82 45 37
32 51 13
30 47 98
67 85 39
25 91 16
33 53 21
47 46 9
95 88 43
31 88 71
7 66 1
60 65 70
54 35 28
80 57 38
18 94 30
57 25 30
88 42 87
90 25 28
3 18 90
64 68 80
70 15 65
61 39 71
12 89 9
48 58 84
69 93 46
8 47 39
78 84 30
54 81 37
86 97 23
14 50 82
61 88 87
11 6 82
88 88 30
53 80 33
36 31 6
44 73 97
37 68 95
22 23 27
97 45 73
99 25 9
33 81 16
66 26 30
68 91 4
81 87 44
41 87 16
99 65 29
92 51 69
50 18 95
21 88 3
57 74 13
7 20 98
34 97 74
82 16 12
17 9 16
27 17 15
97 99 16
10 7 12
16 49 98
57 18 37
81 32 81
82 33 11
18 47 86
68 95 100
87 97 45
34 10 54
47 40 68
62 72 31
72 8 41
53 6 34
47 23 88
49 55 98
85 19 36
20 18 42
96 84 75
69 50 13
56 56 90
68 31 15
31 96 30
59 17 20
64 19 84
35 76 53
63 70 7
40 61 79
46 85 31
24 90 10
37 51 26
50 31 86
82 13 5
74 68 5
77 53 46
63 13 80
36 65 5
100 90 40
55 84 50
2 4 61
64 74 59
34 76 56
75 55 85
50 77 64
17 77 78
13 31 93
71 3 75
36 54 7
66 51 68
85 21 55
2 25 27
12 54 88
3 49 39
27 22 84
66 65 78
30 50 35
39 86 75
6 47 71
78 3 70
42 93 49
68 56 28
70 85 33
25 22 66
45 34 43
52 58 91
40 29 52
40 21 84
96 7 51
22 28 15
37 5 60
42 25 72
72 56 26
34 28 86
73 54 72
96 89 28
74 2 54
13 55 45
70 73 7
23 25 69
58 62 10
96 2 1
21 43 95
11 1 58
64 76 14
97 6 90
61 28 100
58 30 64
28 51 72
36 8 28
33 63 61
55 77 7
78 32 16
72 45 75
79 96 24
63 17 93
42 56 17
48 72 36
79 81 15
7 39 96
66 46 77
87 92 44
42 72 80
96 99 7
95 85 19
30 44 20
78 14 54
13 71 13
48 62 19
85 32 33
7 70 72
100 56 51
21 20 70
83 21 58
88 32 15
48 41 73
5 30 75
91 7 100
37 58 79
97 41 48
36 54 87
65 21 57
79 78 86
8 74 75
27 39 99
96 91 30
8 27 29
79 96 22
68 7 99
7 93 50
17 19 19
55 39 2
57 36 53
3 49 42
33 100 44
58 84 64
62 89 94
13 39 67
43 30 63
84 21 17
11 60 3
34 33 58
4 93 9
28 88 99
66 60 16
35 19 86
10 31 8
44 48 44
69 45 68
4 78 93
71 52 72
67 1 79
52 74 37
68 49 98
49 49 94
72 84 6
41 81 68
27 83 19
13 72 62
7 12 65
33 88 25
41 70 69
89 18 86
90 51 38
70 21 65
94 74 22
40 60 87
16 3 79
80 46 70
79 39 41
84 75 84
14 73 48
55 62 39
77 42 88
68 88 9
68 16 79
27 50 74
83 13 57
53 8 23
98 2 78
51 63 43
28 15 81
6 69 81
26 42 54
46 38 63
31 21 81
31 85 61
51 61 99
69 8 59
87 66 66
98 15 95
88 64 90
27 38 46
90 92 3
24 8 98
12 62 97
3 72 50
30 5 90
5 13 50
47 99 36
11 47 27
54 54 25
76 79 18
58 82 83
70 20 37
27 7 20
24 75 8
94 75 90
57 23 82
10 18 64
26 60 1
1 73 13
34 76 16
20 87 69
75 12 66
11 77 8
12 52 35
81 21 44
97 69 40
35 75 7
84 99 64
29 91 45
76 24 28
6 40 46
43 98 60
79 9 20
66 85 46
76 90 63
1 53 31
39 75 32
95 68 60
22 75 99
29 24 84
25 45 53
45 13 9
53 7 11
56 94 32
5 44 5
87 77 96
98 77 93
6 33 31
97 32 30
56 40 32
1 52 14
1 22 5
18 94 98
82 100 42
24 29 1
57 25 86
83 31 45
20 79 14
42 88 20
8 28 32
19 5 31
43 96 83
85 86 4
93 43 37
22 93 51
27 2 60
88 91 18
96 21 44
27 8 54
18 50 95
60 88 55
43 68 69
88 51 17
26 3 62
35 82 97
88 64 88
18 42 24
90 95 28
67 5 30
1 14 67
86 6 46
100 35 42
73 17 21
7 71 59
17 30 55
39 62 24
61 91 49
30 45 20
75 59 7
96 2 12
28 94 14
77 57 47
35 75 11
29 76 52
5 17 9
26 92 81
93 25 30
57 82 27
77 44 28
46 54 58
57 4 51
89 8 14
39 46 67
85 55 31
40 3 16
67 13 36
53 1 89
39 91 52
97 79 9
32 13 23
59 37 55
2 97 39
32 63 24
68 27 90
80 70 51
43 40 73
99 19 24
13 82 10
73 52 21
88 37 25
77 5 59
40 52 99
10 71 6
78 38 90
50 67 27
93 69 32
42 56 1
12 8 16
17 50 16
42 85 73
63 23 12
74 33 77
34 66 93
77 97 42
61 95 68
67 24 96
7 6 11
92 18 63
40 18 34
4 15 83
98 23 50
57 42 41
70 33 98
83 16 37
30 24 44
34 25 95
20 2 61
3 79 28
60 37 17
64 13 58
69 21 94
30 29 93
85 36 15
87 54 15
46 89 12
3 38 68
55 24 32
84 66 31
27 82 53
27 82 25
29 88 42
55 6 46
59 47 11
89 51 30
96 100 77
61 18 66
61 36 85
84 9 7
61 13 25
53 49 31
87 33 84
51 27 58
2 57 100
95 42 47
72 51 19
34 17 16
39 12 22
100 25 77
66 38 92
18 8 32
100 7 43
20 44 92
53 51 31
7 93 15
45 35 44
47 65 5
51 68 46
4 49 93
85 96 99
76 39 58
10 26 96
70 69 15
29 96 31
53 79 2
72 15 70
32 87 57
66 80 11
92 29 44
42 80 81
82 70 77
95 34 83
40 6 32
89 79 35
100 49 59
14 56 12
41 3 65
18 73 84
59 47 53
23 85 27
18 8 32
72 66 93
76 20 27
7 66 69
58 28 100
6 62 40
69 53 2
10 16 55
23 91 65
18 41 55
62 53 76
80 87 87
37 66 35
73 76 73
34 32 99
11 44 84
81 19 62
3 71 98
54 27 52
90 47 87
8 69 73
20 35 96
53 36 77
16 57 18
46 42 4
76 46 55
99 48 93
92 91 52
13 73 1
34 86 85
83 13 71
39 35 78
70 94 91
13 28 7
57 76 45
7 16 43
95 21 17
40 22 20
36 20 72
31 30 49
70 29 1
49 2 89
55 26 4
54 34 47
43 86 23
10 44 33
67 27 31
45 56 25
53 12 81
25 45 97
43 69 4
21 13 69
92 36 82
16 21 93
16 62 29
84 61 13
8 30 49
60 57 62
14 56 81
71 70 61
51 23 68
61 58 54
37 54 39
97 64 61
18 69 40
73 86 97
34 16 70
63 53 72
48 34 69
29 4 73
14 85 71
84 57 10
30 48 61
58 57 12
43 48 30
61 82 53
73 49 29
79 39 100
57 30 54
84 10 87
47 62 30
57 84 19
14 10 18
19 21 60
37 36 31
74 73 31
13 30 89
15 23 15
59 82 80
41 93 15
29 21 1
20 23 13
79 61 58
96 11 37
31 35 81
79 66 38
15 71 40
70 52 10
90 19 14
99 27 42
47 85 77
67 98 59
92 94 12
86 79 19
86 91 92
3 43 44
3 3 64
45 46 74
82 38 9
78 51 54
74 24 44
1 20 46
82 2 12
22 3 32
88 27 1
87 51 36
60 6 26
83 24 82
30 1 19
47 47 57
14 76 25
8 80 6
3 93 88
86 40 7
19 84 28
87 88 14
72 43 3
33 68 78
85 59 48
46 32 99
13 84 55
27 21 16
48 85 49
19 37 46
40 10 75
87 39 11
73 8 89
74 47 1
98 61 66
9 81 78
50 85 72
18 7 74
66 45 52
70 48 76
98 22 83
11 7 5
59 96 81
37 84 67
20 59 76
79 37 84
88 76 38
48 99 26
98 3 16
47 27 97
9 63 44
55 20 83
50 23 41
2 36 86
11 24 35
23 17 90
28 38 100
29 20 91
34 52 18
18 29 26
89 84 55
94 22 94
20 38 91
21 43 25
15 96 86
22 6 48
5 24 59
44 87 75
71 40 32
41 30 2
73 64 60
22 20 82
4 38 88
60 59 58
91 47 72
28 74 14
79 33 16
21 91 26
95 17 87
89 95 51
73 70 58
93 28 26
82 95 43
70 50 33
100 84 34
3 64 100
6 23 59
30 39 7
86 14 34
82 46 6
98 56 32
84 16 43
95 73 72
72 86 4
72 74 5
42 59 25
75 100 30
34 75 9
13 94 31
98 48 38
73 74 69
76 82 62
33 50 96
52 30 13
41 87 69
74 21 74
37 85 85
77 71 65
88 63 41
75 66 41
65 50 68
49 92 95
35 28 18
86 23 81
40 46 89
4 22 27
41 36 92
97 63 79
85 72 20
12 79 20
27 98 37
93 22 49
49 83 79
40 70 46
49 43 73
6 52 84
57 18 56
64 78 33
32 34 7
34 65 71
24 93 79
50 45 74
95 72 36
40 99 34
75 72 76
81 8 67
69 34 9
21 10 57
88 8 18
37 86 35
14 75 65
66 25 36
65 69 27
70 74 96
30 88 75
57 14 23
15 26 35
94 76 4
93 40 26
68 10 11
2 76 94
69 72 8
61 44 94
55 94 50
56 30 80
39 31 64
48 5 82
13 94 61
36 6 84
88 18 77
60 89 1
42 62 50
42 14 95
92 12 91
76 74 45
47 58 43
38 41 22
47 5 64
96 41 14
96 18 3
37 28 74
95 92 48
94 94 35
20 79 25
24 94 50
13 37 65
18 4 89
89 93 43
55 73 91
12 39 60
59 13 40
88 10 73
16 50 99
42 42 72
63 88 77
91 24 44
56 4 65
38 49 16
47 84 92
91 45 43
15 47 68
68 65 94
99 81 20
7 79 47
76 82 83
63 44 67
96 28 54
95 17 83
60 9 3
21 70 97
85 17 50
36 100 89
16 34 44
60 68 55
10 77 11
88 1 99
42 78 82
20 7 47
82 67 28
35 9 10
28 31 18
95 9 38
76 88 35
98 72 48
77 67 87
4 14 19
70 48 76
85 87 58
68 44 70
22 54 11
89 81 52
68 61 89
79 96 84
69 56 36
9 31 70
63 63 4
82 59 77
96 82 3
79 3 12
63 90 83
57 41 17
53 55 72
59 5 68
33 83 14
68 28 7
50 71 23
86 13 15
43 75 53
29 26 32
2 48 78
51 61 41
74 19 94
35 4 51
13 25 90
95 20 71
64 97 14
30 84 69
95 40 37
87 91 2
19 18 28
69 9 63
95 17 92
18 79 53
33 77 55
64 94 86
33 7 22
85 48 46
25 100 99
91 66 44
71 38 2
83 11 77
79 25 76
89 93 29
70 1 76
52 39 23
8 92 85
52 85 83
45 11 38
21 30 13
85 38 37
54 50 79
27 2 69
95 61 80
7 60 76
70 63 2
8 34 98
81 98 94
20 17 65
4 77 71
44 52 90
21 25 50
59 2 92
88 48 27
16 10 3
30 100 39
47 59 40
90 29 48
51 51 49
60 11 85
34 63 17
88 78 98
66 48 83
86 76 56
65 28 59
94 3 63
96 11 51
5 60 79
31 33 85
89 21 17
61 66 22
67 41 40
60 47 28
85 47 99
53 57 72
23 55 5
97 33 7
88 77 4
35 4 30
85 79 53
81 22 33
39 82 42
2 79 14
51 78 33
22 71 86
62 44 92
90 61 96
80 79 70
41 99 39
40 25 69
58 98 69
35 36 62
6 18 38
15 38 96
12 25 24
23 1 36
12 62 65
14 14 31
92 40 76
98 67 30
98 79 66
95 71 17
70 32 3
43 88 56
74 83 59
62 55 40
47 37 64
48 99 96
97 1 79
84 29 56
17 77 20
71 88 39
77 81 59
40 47 55
39 19 28
12 80 33
67 45 97
48 24 39
21 7 5
81 23 88
46 13 74
74 78 77
94 10 80
55 95 8
82 90 34
69 47 79
13 63 52
48 16 8
9 37 10
79 69 87
27 50 35
52 45 38
34 43 81
7 90 94
37 1 97
49 31 90
76 43 99
10 30 78
94 10 35
3 56 44
52 77 60
49 39 2
79 52 74
28 25 54
23 37 44
31 53 46
32 6 98
12 10 7
85 48 63
2 42 2
60 48 7
57 28 51
12 86 85
51 98 32
23 82 24
61 54 12
67 41 70
65 89 38
75 63 59
82 36 34
66 7 83
90 58 69
51 73 44
1 22 24
19 53 47
54 35 20
21 12 66
59 65 31
72 46 16
55 95 61
67 88 58
44 65 82
37 72 82
74 15 14
16 100 9
24 49 73
77 1 62
36 72 10
16 54 15
16 51 96
73 48 32
71 26 66
18 42 100
47 27 60
76 48 54
61 73 3
23 36 55
25 93 11
3 83 66
44 80 6
28 73 64
37 9 39
71 62 95
14 7 1
56 29 67
27 83 12
28 39 46
40 41 83
32 55 94
94 6 29
4 90 42
41 73 16
61 10 50
96 55 17
78 17 13
54 57 77
33 17 94
31 62 36
67 88 53
59 22 88
16 25 34
97 46 41
20 37 59
87 96 96
57 14 72
91 30 73
68 17 75
4 100 69
87 41 27
91 38 52
63 12 84
12 50 13
49 92 66
69 6 38
84 44 46
66 95 45
74 70 61
79 73 72
59 47 27
80 56 61
49 12 37
32 5 37
33 97 44
99 49 10
68 96 95
85 56 34
31 48 32
77 52 88
17 59 87
47 22 6
67 50 24
34 60 98
50 75 40
86 9 25
20 98 31
42 6 93
67 89 28
40 25 48
80 7 38
53 56 40
57 20 99
8 20 78
82 68 69
78 15 67
19 34 16
8 40 100
63 75 62
47 32 40
31 7 29
27 7 34
15 38 18
8 40 41
72 7 66
45 18 69
11 4 26
32 49 95
99 43 41
24 4 76
24 70 47
75 87 56
32 87 62
75 19 49
20 55 1
87 57 41
47 82 70
52 20 93
60 35 16
79 87 95
58 72 21
15 89 50
39 56 30
26 4 26
11 45 55
17 94 65
63 11 49
21 14 39
45 82 11
97 34 32
99 96 37
90 68 48
30 7 68
72 93 84
31 100 60
79 17 26
3 33 16
19 95 31
69 31 88
89 93 19
44 57 94
8 25 9
91 91 54
47 30 1
7 44 6
25 5 53
68 74 30
99 54 2
68 60 36
4 57 7
49 87 99
79 20 37
56 97 80
53 1 21
93 67 97
75 100 18
60 57 21
33 89 19
15 15 30
35 74 23
15 55 45
26 93 13
92 79 9
65 4 67
25 84 94
51 60 6
39 22 15
23 80 94
9 83 4
16 68 57
92 1 32
