10000
54 52 44
55 24 40
10 60 64
29 60 35
38 4 17
42 19 82
23 84 25
22 54 82
30 2 73
50 71 50
85 4 27
82 48 17
76 48 42
42 83 54
14 67 36
12 37 6
63 80 8
43 53 57
85 72 72
1 57 41
11 56 66
31 59 56
21 65 48
55 64 47
80 18 70
38 16 14
48 23 65
19 75 18
83 11 41
80 75 44
38 73 43
29 56 65
35 34 71
50 71 78
79 32 51
15 26 40
43 34 84
39 12 61
37 61 34
56 46 35
21 72 55
17 41 65
30 54 25
81 31 8
78 76 16
36 73 60
71 2 77
34 44 11
4 45 66
78 78 30
4 43 37
50 71 30
70 71 76
25 81 49
73 36 2
46 43 16
19 64 30
28 83 30
80 81 71
1 54 6
56 29 71
27 31 71
24 71 62
76 7 60
13 46 79
24 22 8
33 64 84
30 24 35
84 49 25
56 21 39
83 7 8
4 64 69
52 20 11
47 34 63
55 63 26
29 3 74
85 81 60
63 15 24
85 66 77
23 39 18
47 3 44
53 6 13
14 5 64
52 53 44
73 57 47
76 11 81
69 70 16
80 2 67
15 77 56
48 46 67
2 39 33
19 79 26
29 14 44
79 43 10
13 71 15
10 37 25
65 48 48
43 82 17
32 41 64
33 36 23
54 1 10
77 61 58
60 20 34
42 21 1
32 20 74
63 32 48
78 20 65
5 43 1
17 68 19
2 21 21
15 7 34
46 41 32
11 69 13
25 39 62
10 38 84
34 27 52
37 74 19
55 18 18
39 73 20
17 84 22
18 13 12
48 44 51
21 64 33
15 3 46
35 44 79
61 10 51
10 67 78
78 78 69
3 40 82
25 21 29
38 32 79
17 67 13
46 15 11
33 7 63
50 60 17
12 41 2
63 15 74
9 63 67
48 70 84
82 27 49
83 74 20
34 49 64
25 14 10
39 70 83
72 37 32
16 49 10
18 10 22
41 65 49
60 48 69
11 71 33
16 22 2
61 39 10
34 67 7
81 8 21
52 21 25
24 70 66
13 71 30
62 72 7
55 33 79
30 6 19
75 65 22
78 3 17
32 14 3
2 74 2
69 53 52
15 82 84
56 2 74
77 82 82
72 8 38
35 50 18
22 43 67
67 67 47
76 7 64
3 46 73
25 46 52
15 22 77
13 5 20
45 48 75
14 53 26
21 16 27
70 78 6
41 39 61
59 9 31
56 73 17
68 31 50
76 10 25
32 68 41
63 22 85
84 4 70
60 24 42
47 73 46
58 83 11
51 61 33
78 74 31
71 77 79
75 9 33
57 58 39
62 29 11
36 63 6
36 78 21
66 35 77
70 19 48
11 14 77
77 44 26
27 12 85
33 15 77
40 33 57
21 63 44
45 39 2
42 49 58
24 23 71
24 23 8
75 27 42
71 43 73
81 67 61
47 1 46
72 68 27
85 10 68
48 71 6
82 45 66
51 8 80
40 52 10
69 55 40
77 55 53
42 58 51
33 68 74
73 71 33
11 79 56
48 34 16
21 71 17
27 21 27
69 80 40
34 42 25
21 82 32
15 82 10
11 62 84
45 49 82
77 22 36
65 80 24
21 50 14
56 84 26
65 48 39
49 56 64
34 82 1
20 82 85
1 33 17
80 29 43
9 2 79
22 79 48
42 12 12
76 46 73
13 77 74
21 56 61
55 58 11
22 8 12
10 13 9
23 19 73
51 67 37
12 32 63
5 66 32
20 36 81
53 36 35
3 84 21
77 32 27
72 13 26
26 28 62
80 54 33
52 27 64
58 5 58
81 48 62
45 31 29
24 7 72
23 12 13
36 12 3
33 80 59
6 8 26
6 79 73
33 78 53
55 81 23
35 34 6
84 37 73
67 80 36
74 17 36
7 55 36
16 40 36
51 77 5
59 1 20
83 52 65
78 27 32
64 22 71
32 58 21
34 7 50
36 85 69
64 5 78
48 5 18
73 76 23
74 31 57
72 53 42
52 5 67
53 14 47
2 37 16
47 56 69
74 33 2
30 51 25
51 11 49
37 7 50
50 52 17
65 1 77
72 9 75
60 54 75
69 51 6
71 28 39
77 28 49
52 71 46
22 17 18
63 19 50
62 73 37
57 76 29
43 25 34
26 40 23
41 15 26
60 28 42
62 33 9
25 74 74
54 35 45
15 12 30
32 72 28
50 80 47
24 68 74
21 5 32
15 73 33
73 19 46
11 55 69
17 79 17
36 33 19
50 34 16
63 62 6
70 26 18
47 80 64
85 77 14
80 19 5
80 8 42
16 54 18
74 7 63
23 16 63
66 9 24
67 20 43
51 80 8
63 29 46
9 36 14
27 56 39
63 8 15
52 40 18
78 76 32
83 54 55
10 77 75
50 15 31
45 42 28
51 14 25
61 3 13
21 4 32
57 17 16
65 10 19
71 20 53
17 32 38
81 61 55
58 24 29
17 2 42
51 59 22
84 71 1
77 56 51
1 37 2
65 17 3
43 52 2
80 6 18
15 77 83
2 20 33
54 62 66
39 46 79
21 51 2
12 9 33
78 51 59
9 34 41
32 77 74
72 31 50
20 36 72
16 11 77
72 3 20
66 21 72
9 20 42
40 81 7
45 6 49
41 43 13
53 12 13
80 78 19
80 35 23
66 78 62
29 28 44
62 37 33
80 44 42
77 28 71
20 23 13
43 78 72
82 72 3
84 79 83
42 19 44
11 20 33
42 12 78
44 79 64
11 23 3
40 77 17
80 38 10
37 61 17
54 78 26
36 84 42
51 6 62
30 74 68
74 9 53
39 25 3
11 64 35
47 36 18
30 77 37
72 44 61
44 33 34
14 24 40
24 84 14
83 68 77
39 27 17
36 16 21
18 3 72
22 16 83
43 68 43
24 71 59
8 39 41
26 33 47
83 59 21
75 56 71
66 20 3
36 55 80
25 70 44
2 28 51
33 54 54
80 76 41
7 37 19
33 69 57
39 45 57
52 44 65
67 5 37
3 43 8
52 42 82
37 55 54
3 82 32
51 12 2
16 5 38
43 52 85
74 3 8
5 82 36
51 73 24
19 79 84
63 82 76
76 77 24
53 55 18
25 43 3
70 53 18
80 66 69
23 81 51
75 83 76
25 83 66
3 76 22
30 80 68
55 18 58
51 30 77
68 48 78
76 76 62
20 36 41
57 72 70
27 36 6
49 64 76
39 27 46
72 61 81
18 82 42
59 15 27
67 13 80
31 40 4
31 14 5
6 60 30
80 72 2
43 31 26
36 82 53
3 61 62
9 46 68
20 19 15
18 35 72
19 65 37
64 56 77
22 43 43
77 42 38
33 32 1
46 52 56
3 12 27
22 84 84
24 75 32
15 51 29
25 65 41
83 35 38
84 31 16
48 64 36
60 61 3
29 54 12
4 42 47
77 30 41
43 62 23
59 81 37
37 85 13
12 24 10
6 85 35
72 81 71
82 65 11
79 25 27
40 82 60
2 24 85
38 21 70
34 42 60
47 22 79
3 83 39
4 45 24
75 16 57
66 51 17
6 36 49
41 25 50
7 20 13
1 40 22
25 26 46
38 26 23
53 54 63
29 51 55
6 58 85
78 12 54
33 71 51
40 41 34
74 56 46
82 55 21
8 72 12
85 27 44
2 35 13
13 65 53
23 11 79
13 63 19
59 67 63
78 35 12
77 67 48
55 74 79
25 36 72
66 14 31
67 71 35
22 71 34
50 9 13
13 8 41
74 28 68
21 60 35
15 27 36
59 67 7
81 65 1
19 51 20
71 81 80
83 22 45
34 57 48
39 23 59
57 53 79
50 16 13
15 75 36
47 24 73
40 44 63
80 80 81
18 20 7
66 66 84
84 62 15
74 12 21
28 66 9
82 40 17
35 64 34
38 12 67
10 63 66
40 37 64
41 11 39
30 28 69
31 12 69
25 32 79
18 23 6
8 38 43
51 22 42
25 75 61
64 29 12
29 8 39
69 64 53
81 84 13
44 21 17
67 35 20
8 85 38
82 16 59
9 35 85
7 42 63
13 55 1
78 61 51
85 66 45
71 8 34
15 34 32
65 67 10
4 78 20
27 50 24
2 13 15
4 78 79
27 3 35
68 4 30
48 77 77
73 63 11
30 39 76
84 62 37
7 54 2
26 80 62
47 17 14
70 76 51
51 32 13
28 7 7
7 62 60
21 50 46
9 80 65
39 44 22
59 3 64
54 64 48
39 67 84
53 84 3
78 59 62
52 81 25
79 38 47
31 83 46
1 28 8
19 53 47
26 12 36
45 6 8
10 2 53
37 57 9
64 30 2
21 12 3
64 82 54
84 66 74
65 67 66
57 55 51
36 2 22
48 74 6
18 4 9
57 10 4
84 53 5
7 48 58
46 24 33
23 57 48
58 77 54
76 69 60
40 31 85
66 64 27
65 10 61
71 79 45
16 63 64
30 21 17
76 4 64
21 23 17
68 40 56
21 16 41
39 8 44
66 75 21
44 5 63
54 5 56
78 55 74
82 64 9
51 40 54
83 38 65
72 56 61
66 17 6
67 25 51
77 84 36
70 25 16
69 73 6
84 7 20
67 78 21
49 31 74
20 26 62
76 85 36
31 59 72
59 79 73
68 54 8
11 20 82
69 10 66
3 84 21
62 76 44
42 83 2
80 31 1
73 27 60
53 52 82
22 43 85
85 42 55
37 8 6
40 66 19
67 27 44
44 49 66
15 62 57
3 85 12
15 24 58
64 36 47
39 21 23
69 62 22
32 35 78
56 83 30
47 24 20
63 16 76
28 44 84
7 61 66
84 52 40
21 50 52
21 52 57
41 65 25
31 72 67
62 3 70
1 42 68
5 10 32
5 56 15
6 64 83
14 78 11
51 10 22
45 78 56
77 52 67
5 58 63
54 82 13
52 68 57
84 25 11
39 45 70
18 71 2
85 34 46
76 1 50
83 58 31
19 78 50
78 78 61
73 12 4
19 76 39
27 53 47
15 12 80
56 8 64
18 57 5
1 1 30
45 57 62
29 25 43
20 75 35
54 24 80
24 54 36
4 28 27
74 47 44
66 81 20
57 38 27
10 75 58
41 57 27
75 11 52
29 65 82
17 18 71
31 1 72
24 36 75
47 64 67
32 48 14
36 75 28
35 16 63
52 58 35
21 52 76
67 76 12
52 23 56
46 1 9
31 38 15
60 20 11
66 60 57
58 53 44
37 37 4
7 48 80
61 43 69
39 48 78
17 41 2
83 35 50
14 20 43
54 9 71
80 22 73
59 20 82
50 44 78
9 59 56
43 37 15
57 57 36
19 81 53
3 67 50
85 9 34
76 4 80
62 50 19
71 69 20
3 47 32
85 45 50
40 4 12
60 61 39
50 50 46
35 10 24
7 20 12
61 64 72
1 84 24
3 59 42
30 41 65
74 9 52
54 33 19
29 73 53
24 75 70
19 69 72
28 60 40
17 15 4
63 75 27
35 30 76
46 3 11
39 69 48
74 81 62
81 30 38
79 3 42
73 17 61
52 78 6
48 38 1
45 26 37
60 52 56
42 10 20
23 1 70
70 83 28
49 59 42
3 44 67
33 29 74
56 82 42
31 57 35
15 30 33
27 28 79
19 64 32
37 76 30
20 61 54
45 52 10
7 50 62
5 8 84
43 4 17
35 66 51
49 16 17
1 21 60
12 31 26
29 28 51
9 85 81
9 6 8
22 28 39
28 8 3
68 24 65
69 78 36
71 7 67
57 84 25
67 42 64
26 73 81
18 47 67
53 30 55
36 52 26
62 56 71
47 14 68
72 44 18
84 51 62
38 10 63
74 17 82
68 54 47
62 39 83
44 48 16
70 75 36
5 65 27
16 28 76
79 26 52
29 28 77
79 83 52
73 7 12
64 58 40
60 14 12
30 25 49
30 7 42
5 68 4
55 61 49
11 25 27
52 62 38
76 52 49
80 16 38
39 17 79
52 79 14
51 32 74
9 61 82
21 5 13
41 7 28
18 18 39
1 13 24
81 37 40
21 57 52
29 10 53
43 35 53
19 11 47
54 42 8
18 80 32
59 75 82
26 64 42
6 64 42
82 22 17
2 34 18
13 80 31
20 57 76
39 43 17
20 66 1
6 6 14
20 8 31
13 55 12
58 3 44
75 11 7
1 74 54
55 32 35
58 6 52
18 66 51
33 70 8
10 53 33
19 11 9
74 82 65
78 23 3
2 26 9
40 41 68
76 82 53
85 64 72
56 16 17
70 43 31
31 32 66
81 68 67
38 53 52
20 66 74
19 20 14
77 61 23
67 46 37
59 15 65
63 26 6
27 69 51
76 75 62
23 18 47
40 83 54
19 70 51
50 65 17
84 39 17
84 59 16
8 66 70
70 48 75
6 24 26
22 35 15
4 60 3
75 27 44
68 33 36
11 67 26
10 11 38
39 25 13
32 55 50
62 59 77
85 23 74
54 56 69
81 35 13
30 56 19
10 52 4
28 3 82
12 29 49
25 66 54
53 75 5
47 81 35
70 41 51
3 27 33
19 15 38
45 63 37
83 68 7
30 55 42
44 67 28
77 81 12
9 49 4
9 36 30
82 28 54
69 6 48
6 38 41
26 50 81
20 56 42
63 50 28
64 73 27
49 78 71
22 77 54
62 23 78
5 42 56
38 13 2
61 13 22
11 42 69
71 52 71
10 54 31
42 52 53
59 20 23
49 44 46
50 35 7
22 76 62
2 37 49
32 60 55
5 11 39
39 69 44
2 8 61
51 81 51
57 33 3
66 12 14
43 14 40
35 58 42
81 76 30
12 43 28
55 60 19
73 35 77
10 70 38
39 14 20
1 49 81
11 68 79
11 80 19
82 14 68
12 79 70
80 77 75
83 22 29
6 66 38
4 80 59
47 18 52
66 41 51
80 42 79
30 3 2
50 25 67
18 64 21
85 66 85
22 75 43
4 28 52
61 63 73
58 70 65
28 74 33
76 23 45
76 32 37
71 17 15
74 32 10
3 54 75
56 79 62
36 44 64
30 35 72
13 73 85
20 35 47
66 1 85
8 77 82
4 37 6
68 33 24
33 62 83
4 69 84
56 10 61
49 74 47
40 25 79
19 52 16
1 80 30
56 8 23
61 76 74
36 25 8
66 41 39
5 70 58
63 77 40
14 53 6
1 53 31
74 82 11
46 36 45
5 80 85
33 22 34
80 82 17
72 1 36
82 41 33
12 63 57
37 69 45
56 85 67
21 5 43
43 36 17
45 23 74
61 20 85
64 14 8
63 16 49
50 38 83
10 29 61
52 22 14
59 32 12
57 4 62
26 20 59
74 31 60
58 76 62
48 85 12
77 30 41
67 21 72
45 82 20
41 15 18
13 41 57
18 54 52
55 71 80
45 40 16
50 61 32
85 20 79
81 77 70
78 28 3
60 58 65
2 57 20
71 75 67
54 6 13
8 80 80
21 41 28
8 39 40
76 49 42
55 29 67
22 56 13
26 35 23
12 64 14
70 4 35
24 11 12
24 5 35
6 17 41
28 42 31
71 69 80
1 68 13
85 84 66
46 43 11
76 4 11
3 65 45
76 49 12
14 47 14
82 6 81
35 39 43
70 5 82
82 43 62
29 55 14
70 79 83
37 23 23
31 47 72
25 30 24
42 32 77
9 77 66
3 66 80
71 54 71
16 67 58
44 23 44
9 12 9
74 16 5
79 29 75
30 61 77
35 63 63
24 14 35
45 84 84
59 3 63
64 26 61
38 22 36
75 15 44
49 73 74
31 5 80
44 43 31
60 36 55
44 81 69
55 59 5
65 33 42
67 56 26
20 2 30
45 14 83
71 4 63
58 64 60
42 84 42
1 21 79
8 81 73
54 3 66
22 70 20
16 40 83
14 72 10
80 55 45
22 46 19
3 3 33
78 33 64
70 39 30
30 41 71
63 82 69
52 14 15
34 35 77
49 29 13
82 45 50
33 5 80
41 42 64
35 66 76
75 28 6
63 79 23
63 82 59
54 30 10
42 39 9
27 79 46
72 54 64
40 13 75
27 43 7
15 2 6
16 3 56
56 67 27
54 42 72
21 74 1
3 44 38
10 57 43
47 82 11
40 18 36
14 48 30
12 47 2
17 69 63
11 35 5
15 10 41
37 14 9
69 2 24
24 36 62
13 8 32
10 82 2
81 11 75
11 48 12
71 20 54
19 76 29
74 10 81
3 74 2
4 54 15
46 27 25
41 50 25
47 53 83
1 23 11
61 79 48
82 25 40
6 59 66
38 2 47
80 78 22
51 76 39
43 79 10
38 57 5
34 40 80
61 10 52
34 48 11
4 56 13
10 44 8
59 71 5
77 25 85
71 35 31
67 33 70
33 38 54
6 26 9
56 9 26
61 55 2
60 36 10
69 40 58
16 75 76
17 53 9
14 85 29
75 28 18
44 29 2
16 58 78
79 62 65
17 43 14
13 71 65
49 43 55
75 27 69
4 53 36
6 7 51
28 83 10
29 28 4
59 75 59
29 23 31
58 45 7
3 11 32
41 40 74
4 62 14
80 48 28
13 70 82
28 33 70
62 41 18
78 72 49
21 70 16
34 17 63
61 9 26
8 23 62
49 50 82
9 79 11
8 59 32
34 81 17
32 79 68
29 27 11
78 69 14
73 12 68
6 66 41
38 16 16
72 5 4
55 78 75
49 25 79
36 56 24
67 64 25
21 6 68
29 34 58
60 41 69
46 24 24
63 79 46
29 14 8
67 19 71
75 40 78
57 84 85
44 2 70
34 59 64
53 36 64
56 18 81
55 40 50
81 45 77
85 13 28
30 84 10
32 12 16
67 46 45
3 10 36
1 68 28
64 44 75
17 84 49
61 74 46
28 76 70
65 4 83
18 76 23
26 28 84
39 5 28
59 59 67
59 80 21
14 11 36
31 14 30
18 8 54
80 42 72
26 69 14
64 2 82
3 6 16
50 17 71
17 59 57
78 65 5
31 57 15
22 3 26
31 7 70
78 22 65
21 9 65
41 55 28
16 83 9
47 54 16
65 62 22
9 75 78
53 42 3
66 1 4
71 75 2
82 11 50
27 27 46
14 45 79
35 44 10
76 62 6
33 56 3
55 64 77
55 73 79
35 46 38
82 45 18
5 69 46
16 13 26
83 35 27
62 85 63
68 67 43
12 63 9
52 34 26
20 34 79
59 65 52
57 50 50
32 46 60
82 28 67
63 42 10
36 35 17
52 39 71
47 34 11
45 17 57
7 47 57
42 20 72
2 63 2
15 38 13
45 22 48
15 77 78
11 19 44
13 11 35
69 49 50
50 40 64
52 7 1
69 2 14
14 69 18
55 20 11
32 22 85
80 23 22
84 77 38
20 74 30
38 16 71
8 83 69
50 3 15
32 4 30
82 3 76
58 28 65
27 72 40
47 43 48
4 64 72
52 14 35
36 10 19
38 56 11
57 14 84
10 66 11
49 61 40
60 35 64
67 17 7
85 11 27
51 4 74
68 27 48
48 33 48
75 71 16
68 44 2
33 83 10
42 25 83
22 13 57
84 39 71
23 45 33
70 68 23
58 14 13
67 83 67
32 26 41
27 61 17
76 52 85
63 1 62
77 62 85
60 17 37
52 60 59
31 84 9
29 36 25
24 17 65
59 40 63
18 19 52
61 62 73
18 83 76
13 2 76
55 39 33
70 70 33
20 4 54
18 29 64
32 48 38
68 83 84
85 17 14
81 71 58
17 80 83
9 2 67
10 10 8
47 53 24
60 50 43
61 57 38
26 73 16
40 23 74
15 23 28
1 23 41
25 74 49
64 10 48
75 41 75
81 64 77
37 28 84
16 15 15
77 65 20
7 3 38
27 24 51
54 59 16
82 39 18
31 63 37
2 56 55
18 77 54
14 69 83
12 39 6
55 53 17
65 42 45
81 50 68
27 40 66
17 54 54
26 64 81
27 39 53
43 2 51
17 37 57
80 28 30
59 16 24
84 6 83
19 81 2
69 73 18
18 39 83
45 8 70
44 21 58
6 27 2
30 14 35
76 28 61
5 62 78
16 48 10
27 44 17
48 54 6
5 9 78
8 3 36
18 26 39
20 62 32
11 72 62
38 45 24
24 84 14
4 25 79
23 26 37
9 21 85
72 9 64
53 10 47
56 65 75
47 24 56
18 82 8
35 64 52
85 25 7
33 18 82
59 2 30
78 54 67
16 11 4
23 81 60
45 5 70
68 20 55
77 14 84
37 77 82
78 30 77
22 12 4
74 12 49
78 59 56
60 21 60
20 59 82
42 26 63
40 44 80
27 47 24
63 34 77
58 34 27
76 65 73
25 30 11
57 67 1
31 46 84
81 80 80
25 35 27
34 42 47
48 11 18
49 3 84
66 2 59
53 80 37
72 67 44
1 79 50
28 47 7
48 53 4
44 20 58
74 29 6
31 52 12
20 23 39
32 44 19
83 34 45
29 33 49
73 47 4
83 55 21
8 58 34
71 30 5
4 14 82
71 33 65
35 19 19
54 43 60
8 60 40
20 10 4
36 37 38
65 51 16
57 23 38
20 17 26
30 46 33
78 60 81
22 64 35
63 57 69
67 61 10
30 57 59
49 11 69
16 70 7
13 30 81
27 35 28
60 32 34
33 63 11
38 6 55
9 10 1
78 1 34
5 50 81
63 52 52
75 72 38
67 37 79
77 59 77
16 17 32
60 60 41
35 8 68
33 68 36
68 3 62
61 33 61
81 25 79
21 6 6
49 56 54
40 45 73
74 62 67
64 5 40
19 42 37
72 51 2
18 39 45
52 82 10
48 67 81
47 34 48
17 61 83
26 77 27
24 17 45
72 31 74
39 43 16
39 71 2
81 65 45
2 18 25
6 55 53
54 1 14
50 9 34
61 37 81
36 22 9
14 41 25
83 62 6
60 51 85
1 48 29
47 52 30
44 70 13
26 51 7
22 17 28
47 42 34
29 50 70
68 75 30
69 60 27
8 54 30
51 54 77
40 40 41
28 11 66
25 75 57
18 61 57
37 71 59
72 42 37
40 24 3
34 82 81
35 2 59
51 79 15
59 80 9
1 45 67
46 66 80
24 19 21
7 4 34
8 6 3
23 21 57
51 35 54
18 83 11
73 30 25
69 13 40
2 77 18
15 71 11
45 77 43
39 29 3
69 2 52
43 20 48
72 4 13
54 1 79
34 39 17
13 1 69
51 50 69
12 50 54
70 44 68
80 6 65
37 16 6
65 24 55
32 24 64
30 70 13
30 12 12
19 60 57
42 23 36
58 24 62
1 30 17
70 34 27
36 32 59
80 37 69
14 29 58
85 83 53
70 7 71
43 12 68
40 24 32
59 66 59
67 23 64
71 39 49
44 70 19
67 56 3
56 35 2
71 14 79
22 47 81
51 35 51
31 31 75
72 2 62
49 66 62
21 64 70
70 1 68
53 29 47
72 67 73
65 4 71
5 52 74
71 42 52
78 37 66
59 32 70
44 55 49
52 46 4
59 40 46
7 20 18
85 41 62
56 70 13
30 47 31
70 77 19
50 53 81
14 70 44
67 52 48
49 16 11
44 23 65
30 79 51
13 25 28
55 55 23
32 8 77
47 4 48
29 29 45
53 55 54
65 13 29
18 80 75
27 38 46
73 39 48
12 8 70
17 76 14
5 74 69
42 18 35
50 8 45
23 55 50
18 80 20
44 80 75
50 25 1
5 42 78
38 58 29
74 81 45
41 31 52
58 37 61
66 79 6
39 63 8
71 68 20
84 50 5
33 82 27
56 61 36
1 26 61
11 46 3
61 54 36
83 21 27
28 67 2
35 43 71
38 79 37
53 12 6
1 33 46
80 62 7
7 39 45
53 1 47
83 53 24
43 50 39
75 79 75
46 23 20
74 3 15
34 20 37
56 41 68
72 42 40
11 52 57
17 20 35
11 13 74
12 81 63
30 14 46
54 31 29
18 2 41
3 23 13
78 70 71
77 82 72
29 34 69
56 37 43
76 23 12
54 72 25
60 40 24
62 18 41
53 47 10
50 15 67
43 35 17
73 14 6
24 19 38
56 76 27
42 45 19
79 50 13
50 35 40
79 43 6
16 29 63
80 43 24
84 69 73
62 21 31
1 36 21
4 24 60
60 32 45
20 4 44
13 25 72
56 7 34
75 49 82
52 60 36
40 16 23
52 83 58
67 45 58
23 46 4
65 80 44
40 43 1
43 48 42
78 74 15
15 83 9
64 77 85
68 7 66
62 9 64
67 54 1
62 13 42
67 66 78
3 72 61
54 64 32
48 51 25
17 31 44
42 85 44
59 67 77
66 45 34
33 10 9
19 14 62
17 34 81
77 17 31
36 78 46
46 66 9
21 67 28
38 49 28
33 43 7
55 57 54
84 41 52
82 43 46
52 18 39
24 74 21
21 72 11
3 13 37
46 3 62
13 24 54
16 60 80
63 11 28
26 54 73
6 46 52
85 51 22
12 78 26
56 19 59
65 48 52
8 45 61
21 39 24
57 11 43
39 70 33
8 42 42
52 7 36
77 24 84
59 15 74
8 30 27
58 18 44
15 46 25
47 70 76
45 47 78
31 72 72
82 31 85
62 51 62
56 57 20
21 57 71
56 15 80
78 23 51
84 27 17
17 50 52
84 55 1
15 51 39
38 76 49
78 47 67
58 36 54
79 2 35
11 66 44
31 39 7
26 24 64
45 8 15
21 49 82
79 53 19
3 16 69
7 53 71
70 66 35
28 54 73
40 5 14
79 82 30
9 46 8
20 80 77
33 42 50
16 26 20
35 4 68
5 4 36
80 17 27
71 29 29
71 57 72
25 77 80
37 48 14
28 49 74
46 55 19
49 29 51
59 64 69
25 14 11
70 25 32
11 76 54
83 82 51
83 34 61
45 5 12
72 48 1
46 66 61
33 84 40
15 24 32
60 62 20
20 77 80
46 66 12
78 77 21
70 24 68
78 24 30
6 45 36
35 57 83
78 37 5
66 56 2
22 3 39
84 83 67
27 58 15
75 5 31
72 24 15
46 38 6
43 66 19
60 39 59
25 58 33
66 32 31
31 67 70
4 24 13
6 64 49
55 9 32
35 8 84
64 57 32
45 72 66
66 26 41
36 28 43
79 68 70
60 71 72
49 31 38
45 46 76
64 80 9
72 5 67
69 44 1
28 69 66
28 57 61
55 71 59
48 2 45
72 64 49
4 16 59
80 19 82
37 22 84
50 10 36
65 48 51
48 53 46
69 48 76
34 59 64
75 32 64
60 16 35
35 58 63
49 85 2
48 82 40
9 76 15
82 36 33
39 9 29
59 65 21
10 51 73
45 17 18
70 8 18
58 14 83
8 22 27
58 14 50
3 65 70
61 43 26
82 67 28
15 26 83
48 19 25
37 46 67
76 16 20
16 10 81
65 60 68
74 45 19
36 77 30
60 47 29
24 33 42
18 57 50
20 54 61
43 75 26
28 21 24
43 23 36
15 23 20
7 25 70
11 9 6
67 40 53
54 39 48
30 46 15
29 39 46
84 60 52
84 4 20
63 78 16
21 29 23
70 20 47
32 22 16
30 72 23
35 4 11
67 40 61
32 51 55
85 58 8
60 83 52
1 42 24
4 42 9
55 57 10
41 70 26
36 52 60
77 7 56
67 42 53
72 68 41
54 26 84
57 64 33
3 22 10
46 73 9
62 55 30
55 16 67
29 46 26
75 73 30
74 22 30
72 60 78
66 54 27
14 38 13
36 56 56
85 8 79
55 31 32
22 42 40
19 4 32
23 19 3
51 6 27
63 7 14
1 27 50
62 45 5
21 79 11
16 36 28
44 5 34
17 37 66
70 12 82
76 3 24
16 39 27
40 38 83
40 43 27
47 34 67
52 25 60
5 53 62
47 17 9
47 39 57
33 79 55
15 85 72
82 23 6
84 26 65
1 24 10
9 14 72
16 41 83
25 12 28
8 25 7
23 24 19
5 75 73
67 31 65
32 73 8
18 40 85
5 75 25
55 38 17
22 26 20
61 73 72
3 2 20
59 73 49
66 56 72
11 41 55
63 83 78
71 32 75
54 25 23
52 20 45
33 40 59
73 76 59
29 27 10
83 71 56
35 72 74
10 24 5
18 78 56
4 49 44
58 47 41
62 80 84
28 27 61
38 12 56
68 38 46
47 28 72
60 29 41
33 83 6
26 16 41
80 23 62
48 38 31
24 17 66
66 8 61
67 36 47
56 15 41
63 65 17
56 28 59
55 71 47
59 79 3
57 3 58
3 34 30
68 14 56
38 30 82
15 69 56
45 29 34
70 17 1
37 13 77
60 57 21
50 4 47
36 30 80
10 1 3
43 57 8
9 8 63
37 25 14
71 63 18
16 29 45
43 84 45
56 31 67
58 8 34
27 80 35
81 12 63
79 16 29
30 55 12
12 7 51
72 82 14
81 8 19
25 60 56
33 9 24
51 56 48
77 10 70
24 71 51
67 40 61
32 61 80
5 53 63
13 79 13
56 65 81
32 69 38
56 27 54
63 75 15
23 30 26
44 64 58
49 4 63
42 18 19
78 42 26
36 45 48
63 52 10
63 25 20
61 26 33
45 44 14
22 82 31
13 2 19
10 10 45
58 4 9
6 5 47
5 24 9
31 71 82
43 31 41
83 73 37
14 21 25
4 84 31
71 36 63
36 74 48
62 60 9
6 68 15
14 12 83
65 43 33
34 44 5
70 81 77
27 64 56
47 71 79
78 52 67
34 64 36
73 80 60
9 34 77
58 66 85
41 16 19
13 28 82
48 22 81
33 5 85
61 4 18
44 36 56
50 10 5
10 62 32
34 42 59
16 51 2
81 36 79
41 22 85
72 41 2
15 47 81
19 65 45
77 10 39
76 21 60
73 32 72
68 41 14
3 42 1
17 67 76
75 39 59
82 14 53
75 35 14
59 37 78
48 59 9
58 48 41
13 15 7
66 72 4
66 19 2
66 9 52
42 44 48
63 63 1
32 42 29
40 8 49
10 54 26
53 43 59
30 70 72
15 36 59
54 31 13
26 7 57
38 65 54
50 10 40
67 16 20
60 5 54
42 54 35
67 36 58
21 21 9
13 58 34
55 24 59
7 32 42
14 44 61
26 39 76
74 53 5
16 79 84
60 41 65
40 12 40
28 43 73
85 37 54
44 58 82
83 27 42
62 67 77
64 64 84
58 32 52
66 3 74
57 13 85
81 66 1
71 21 68
66 6 14
82 80 67
74 10 19
57 73 39
17 25 17
42 11 4
50 12 53
2 53 6
64 52 5
84 35 53
51 26 44
26 1 42
34 5 84
67 43 53
9 74 16
11 9 44
58 72 5
19 23 8
64 36 62
67 58 45
77 73 20
82 69 30
8 49 52
80 81 73
13 50 35
10 44 1
56 34 3
41 53 39
84 17 53
61 60 22
71 80 8
54 28 48
79 5 57
35 73 70
24 45 59
13 53 16
11 59 1
49 30 38
34 29 40
67 50 36
61 39 55
51 78 71
16 30 18
36 18 65
32 81 70
36 52 84
28 40 38
47 45 46
81 69 20
59 11 58
75 1 46
71 50 42
67 68 2
5 46 63
77 81 82
25 75 51
81 23 79
47 21 33
84 83 80
52 14 56
21 75 2
51 32 28
7 30 35
79 77 15
42 28 82
39 60 58
69 10 24
11 81 65
18 19 50
6 72 14
26 82 78
30 67 45
42 82 76
1 1 2
59 7 46
22 69 67
23 37 6
63 10 58
61 32 28
64 38 34
2 22 84
3 54 37
38 61 25
73 64 23
81 6 8
69 61 57
59 70 28
78 46 10
19 82 36
73 84 66
39 32 22
14 6 62
7 84 73
55 71 3
51 82 76
35 56 75
33 79 85
85 50 24
16 22 47
11 20 41
3 83 30
15 51 11
55 77 58
81 17 8
20 82 3
42 76 74
73 57 58
71 83 21
75 42 74
84 64 60
83 41 63
68 42 22
39 51 22
46 25 4
23 74 21
50 32 11
41 69 61
79 36 82
6 53 20
79 7 60
37 53 49
66 82 34
18 13 15
53 76 68
82 34 32
6 13 10
70 28 45
11 77 10
56 67 44
1 70 15
10 40 52
63 27 9
59 45 82
35 18 29
1 82 41
41 56 45
17 79 72
81 83 66
68 63 44
1 3 40
19 11 69
81 6 3
70 41 27
45 41 18
40 75 55
4 21 71
62 2 74
46 55 30
27 76 31
67 26 54
79 41 13
67 76 51
62 83 74
27 72 22
63 84 41
51 58 4
54 35 30
31 6 45
9 57 37
50 65 6
10 45 57
41 16 31
29 25 53
10 38 34
6 39 60
34 69 71
46 49 8
23 19 4
33 5 80
15 26 17
71 51 11
34 36 28
29 84 39
37 33 69
33 71 49
67 77 69
60 21 61
33 85 36
81 81 22
44 79 70
9 77 64
80 58 13
15 27 27
67 74 63
45 50 15
52 70 28
6 14 56
73 4 4
59 50 78
69 51 7
43 69 52
21 72 56
25 55 62
85 79 74
73 3 17
32 51 51
65 78 33
15 2 4
69 70 55
79 76 8
75 12 78
80 16 63
41 58 71
55 10 72
65 54 46
35 62 31
26 43 61
20 21 69
76 21 50
51 13 75
76 71 31
69 85 6
83 30 62
41 55 17
1 41 24
79 11 1
35 45 73
10 14 79
46 3 34
80 8 18
43 69 31
14 19 61
17 27 72
20 12 44
76 28 21
63 81 78
33 40 41
55 10 77
28 29 15
12 85 13
28 55 23
24 11 9
41 45 40
65 40 51
10 2 40
43 27 44
40 8 36
28 45 12
71 22 73
19 22 65
7 85 25
37 24 65
44 55 67
77 53 71
78 84 14
2 5 79
57 9 10
44 67 31
12 13 76
15 64 34
59 13 75
33 50 10
14 62 10
16 62 67
66 62 28
66 43 31
75 27 84
84 21 24
80 17 15
39 14 70
13 80 72
52 56 85
8 77 36
78 46 80
13 61 48
33 40 80
22 28 16
78 29 37
69 18 52
22 37 63
76 8 33
29 67 26
29 46 2
66 5 23
78 79 81
39 65 19
53 10 82
43 77 14
62 71 25
6 42 56
41 40 10
8 48 54
33 6 73
81 45 68
39 74 20
26 9 11
12 20 65
83 66 81
9 50 28
1 16 82
4 31 27
65 82 25
34 71 50
19 26 79
30 54 32
67 84 78
19 46 25
59 81 75
82 13 60
61 24 14
25 48 40
72 16 28
6 46 15
23 36 49
76 82 48
51 11 3
61 72 27
76 23 83
19 13 30
71 6 22
64 74 5
70 54 18
32 79 45
79 24 3
40 62 60
61 58 30
17 70 74
30 36 73
18 16 41
78 20 75
81 37 52
46 36 15
68 40 74
12 64 76
52 40 71
75 62 53
40 68 50
69 24 29
59 18 7
33 84 79
50 82 68
84 79 23
11 56 62
51 85 68
33 4 39
84 62 33
33 15 35
74 5 78
30 29 14
4 44 35
34 30 64
21 79 15
59 75 64
36 2 11
58 46 24
3 81 13
14 7 29
71 19 25
67 20 3
73 67 81
63 50 39
53 69 39
39 7 22
73 15 57
46 77 74
76 6 67
72 43 50
84 41 58
24 23 13
40 47 55
81 77 30
53 33 5
54 62 32
80 82 54
82 6 21
19 2 57
5 77 79
48 37 45
31 31 37
27 50 5
40 4 64
85 62 10
70 38 69
5 74 35
77 28 8
11 24 78
75 5 72
7 73 4
77 23 83
65 18 43
75 77 8
44 44 63
2 70 85
35 38 63
14 75 8
40 7 71
73 20 30
35 47 37
3 64 12
60 28 25
24 19 57
69 52 71
70 35 70
41 37 39
2 25 61
65 68 20
12 76 72
17 50 35
17 84 44
4 48 30
50 10 71
44 40 40
54 29 30
62 68 20
8 85 44
49 27 65
77 7 59
73 60 85
48 27 63
79 28 34
49 72 51
27 19 63
60 49 54
6 77 49
6 29 4
63 63 81
37 18 23
55 64 15
40 46 22
82 47 28
7 40 26
71 13 65
60 21 35
8 65 54
1 42 37
73 14 47
64 11 80
56 58 48
16 60 7
79 54 24
46 67 43
76 83 59
4 57 8
20 39 39
22 39 23
77 79 34
5 71 39
45 80 51
19 50 20
57 52 35
79 6 31
8 53 5
16 41 69
31 83 7
23 37 11
77 12 57
54 30 77
6 70 21
38 82 54
48 57 17
15 37 34
31 48 21
14 9 66
47 73 83
44 31 6
40 51 22
79 65 1
50 32 58
70 22 58
59 79 40
26 67 13
83 48 74
36 11 15
23 21 41
7 39 7
78 83 13
23 15 15
75 63 13
2 45 45
14 11 35
38 18 72
42 20 62
3 8 2
83 74 73
30 44 54
77 53 54
3 23 1
31 84 2
2 83 80
16 6 11
69 10 31
17 42 19
18 41 52
21 51 63
8 6 50
27 77 49
80 68 2
7 46 24
52 81 58
31 47 27
71 84 49
16 61 84
9 1 53
26 22 82
71 33 61
54 20 46
49 22 60
65 49 4
39 35 35
32 29 80
64 26 18
83 53 75
37 83 77
66 62 37
78 4 58
11 35 81
68 49 59
78 14 80
85 12 69
49 2 30
13 77 28
24 77 85
73 49 30
47 10 73
24 74 65
10 15 49
34 11 32
43 30 27
58 2 17
55 81 85
23 81 36
6 4 80
11 55 28
2 7 79
11 69 71
8 78 8
25 12 70
38 67 55
50 13 81
45 25 59
34 22 22
43 5 64
28 85 10
18 4 33
28 21 69
10 43 46
50 8 76
31 30 21
11 81 64
77 66 50
15 24 55
72 9 83
78 43 15
21 42 15
69 66 38
51 60 57
3 47 67
31 66 43
16 63 46
12 7 82
16 66 79
2 77 47
26 26 10
48 9 68
79 33 32
16 74 71
35 42 75
4 60 78
65 16 24
59 68 7
14 54 85
5 32 30
22 47 45
5 50 82
56 69 1
35 30 52
24 45 67
71 36 39
74 42 5
21 9 17
12 6 29
39 57 12
75 48 8
63 69 31
36 46 34
67 37 19
83 59 74
7 57 61
43 41 33
70 30 55
84 42 41
78 57 45
19 85 57
52 18 18
52 54 29
57 69 31
84 50 61
50 13 72
24 12 70
64 45 22
41 9 58
81 67 83
72 14 69
53 66 20
72 25 15
53 11 69
27 51 27
82 1 72
66 76 16
64 68 81
29 36 27
85 13 7
37 18 42
24 65 30
33 65 74
6 14 70
63 7 28
56 21 43
31 27 80
19 35 13
46 40 37
16 54 18
28 17 84
39 75 72
65 44 82
49 29 45
67 6 13
68 61 43
82 16 24
19 43 3
82 47 70
22 45 32
66 27 43
27 45 8
38 70 42
74 40 30
31 76 82
51 38 17
77 5 17
60 5 19
45 77 55
45 79 65
5 71 7
26 38 66
28 26 79
75 56 74
74 82 26
63 49 71
18 8 46
3 13 22
80 56 51
28 20 69
35 35 12
32 30 4
39 25 18
3 48 22
2 79 7
33 20 80
5 55 53
3 75 52
52 45 28
42 47 9
60 78 80
17 62 42
73 72 33
56 11 29
40 15 73
55 45 19
81 76 79
32 46 53
34 83 71
38 75 24
47 64 36
10 82 27
48 4 3
64 80 83
80 12 67
62 3 51
8 44 69
17 80 13
15 30 32
26 12 49
64 70 67
17 11 12
37 40 49
11 4 31
48 26 42
61 69 72
68 28 43
37 37 12
49 32 69
62 22 71
37 14 83
58 82 3
60 45 81
14 76 66
78 12 58
23 26 31
44 28 42
80 45 38
78 4 22
28 45 62
32 41 67
56 85 70
13 21 63
8 70 49
52 60 15
67 21 54
22 25 79
62 57 72
71 37 16
19 15 62
75 26 17
74 43 40
63 56 1
1 72 36
61 84 65
50 66 83
85 16 62
81 43 33
30 15 57
1 71 85
2 8 59
2 54 72
17 31 48
18 13 14
26 9 41
81 68 30
14 72 49
15 52 75
17 39 79
39 17 51
48 32 77
26 60 43
13 2 4
32 81 27
61 19 50
78 42 79
13 25 69
13 17 3
66 62 38
38 75 77
69 18 3
57 57 24
8 7 1
12 28 8
33 46 17
64 24 28
30 23 81
85 22 42
30 50 31
32 67 8
42 18 67
3 84 59
18 2 9
60 66 53
17 79 46
50 7 69
37 76 13
72 36 14
56 59 8
62 74 82
73 70 7
57 27 75
12 4 66
29 23 16
8 52 53
77 1 26
29 8 47
44 62 72
56 67 63
31 54 1
18 66 85
49 85 45
25 13 16
9 50 32
85 83 63
13 19 29
16 52 46
61 2 48
75 20 14
32 71 23
6 31 56
5 10 7
63 60 52
80 20 13
11 62 74
83 30 7
2 65 1
3 7 26
3 74 79
8 18 85
22 67 68
15 3 52
29 76 4
1 52 13
64 82 72
3 43 46
52 32 69
79 59 1
83 25 75
82 50 34
15 23 59
31 75 24
37 20 60
37 72 10
54 53 74
37 16 54
75 7 39
68 41 54
45 44 25
75 59 16
20 12 82
69 31 29
78 72 7
57 3 70
58 40 78
39 34 13
10 23 30
16 18 69
11 33 18
26 26 27
30 6 61
65 37 24
1 65 57
40 6 65
83 43 58
62 55 47
42 84 71
49 44 49
37 62 41
24 20 77
6 7 29
55 39 46
44 73 54
26 53 3
1 20 12
49 17 76
1 51 79
84 61 44
20 35 29
7 28 17
39 23 38
38 32 67
64 20 57
55 12 12
17 42 84
16 85 39
4 81 65
11 17 39
24 84 74
80 60 82
34 41 13
54 35 40
78 76 72
40 79 69
8 24 46
9 74 60
44 36 69
16 30 35
63 5 15
61 48 49
52 3 10
28 61 5
11 36 22
43 73 6
7 73 66
9 80 73
25 22 33
53 15 85
9 16 44
75 85 83
59 29 16
75 18 36
35 5 25
82 32 23
4 62 2
37 3 59
14 54 57
65 20 52
37 3 66
27 52 68
85 23 16
60 83 58
27 41 12
79 17 17
67 27 28
20 7 21
66 49 44
60 54 25
12 12 72
54 51 67
39 15 30
20 45 21
8 8 52
40 62 34
47 67 69
12 27 28
64 9 39
77 23 78
82 5 78
65 48 25
63 28 11
20 9 4
76 11 35
9 72 40
15 81 6
53 3 42
17 5 47
32 25 74
2 53 83
23 22 45
6 57 85
20 58 26
26 42 56
20 53 46
39 15 53
22 68 13
41 18 34
80 33 11
13 80 21
78 83 76
3 25 69
52 62 23
52 16 52
31 26 25
42 36 15
7 42 55
12 36 59
2 39 37
2 19 23
84 10 13
4 64 37
45 41 5
57 79 32
56 24 28
74 25 11
53 25 76
8 85 69
68 85 25
52 69 67
20 26 47
43 8 3
40 30 72
57 71 52
70 78 49
64 52 18
44 17 14
78 52 22
28 16 55
63 51 37
74 17 16
44 49 58
19 70 14
14 49 74
25 4 60
9 73 5
45 25 69
23 44 48
72 47 15
46 48 83
13 17 65
61 55 3
76 1 73
54 38 79
16 85 4
73 57 4
23 38 7
14 17 45
43 23 84
77 44 70
69 51 54
63 43 24
5 71 6
83 78 53
41 38 12
63 42 81
55 25 10
20 14 39
83 27 79
16 42 57
1 27 21
10 68 59
42 12 47
62 55 24
63 80 1
65 50 21
44 26 18
69 60 7
42 55 68
65 66 80
84 18 30
18 37 23
32 37 52
50 68 44
7 54 39
77 46 45
73 62 57
57 38 11
46 61 5
30 64 33
54 73 70
2 80 50
72 19 9
84 36 22
69 58 70
83 23 5
63 34 20
3 82 70
28 63 14
11 71 5
61 35 43
82 36 35
18 64 4
64 35 59
82 67 63
19 77 22
65 43 74
13 58 76
15 17 65
65 79 9
55 62 8
38 67 16
17 78 37
66 62 7
35 29 47
55 2 31
45 5 71
53 44 31
38 30 1
77 21 61
26 60 17
82 12 55
14 13 81
3 65 6
38 30 68
52 49 42
1 78 26
36 54 39
7 26 65
35 55 69
4 57 74
21 49 26
68 11 85
46 73 81
63 56 29
4 28 85
40 39 36
63 61 42
22 54 40
59 29 45
42 21 65
66 18 11
31 81 46
5 71 27
17 63 76
36 69 4
36 3 62
14 19 84
78 81 61
8 13 19
77 33 53
78 20 20
50 64 29
67 63 44
78 4 9
46 20 7
30 46 62
18 76 30
16 31 67
78 66 44
18 25 61
63 26 9
81 1 70
8 43 24
49 41 55
7 9 62
53 9 14
85 59 47
8 4 17
29 60 5
65 85 39
24 33 22
32 20 5
57 36 3
20 38 10
82 17 60
69 16 26
73 35 73
80 37 1
55 35 84
7 68 4
77 80 73
67 84 43
47 70 36
52 40 52
20 80 4
61 83 83
31 32 73
21 84 66
64 4 48
33 70 73
35 70 1
62 84 17
6 37 58
41 8 83
74 32 19
28 72 42
68 85 82
11 53 57
47 46 71
43 74 49
5 58 67
42 53 77
47 34 30
46 20 9
15 23 67
34 26 30
57 66 51
52 65 24
27 28 24
84 45 51
34 44 13
5 67 54
9 61 45
45 77 49
26 72 9
1 50 83
65 15 47
11 80 66
35 3 33
15 41 79
57 74 4
70 5 65
35 21 34
54 19 15
4 78 76
82 9 85
28 14 53
49 57 12
34 81 54
82 60 67
45 33 82
51 42 66
20 76 82
57 6 30
43 11 82
68 69 27
63 46 17
63 63 58
5 47 40
1 19 37
33 72 21
64 14 57
72 30 63
48 7 4
46 77 29
84 32 65
9 12 39
25 14 48
70 70 68
51 26 34
48 10 46
28 27 45
62 80 46
8 18 3
61 54 6
49 10 22
12 44 61
85 52 64
35 9 84
85 74 60
9 48 37
17 69 79
51 31 49
13 72 43
28 18 66
9 29 52
56 15 37
57 50 70
35 71 10
47 80 72
1 26 63
12 4 85
39 36 42
16 60 45
2 22 4
19 14 69
33 35 59
25 64 37
56 49 6
68 26 52
56 21 42
22 22 85
54 5 7
71 12 73
9 45 72
17 31 2
66 39 33
40 71 72
25 26 11
62 3 25
58 42 61
41 63 31
74 68 46
11 1 8
59 13 38
56 68 83
56 37 76
8 70 85
29 79 49
31 28 48
31 70 4
69 14 85
19 61 26
37 9 29
1 62 48
50 5 36
76 55 73
47 81 32
15 75 3
84 40 55
14 35 53
65 39 11
80 39 16
69 85 29
61 41 58
79 38 11
34 59 16
81 31 62
60 67 80
32 2 31
75 32 30
9 32 26
29 78 39
37 43 54
73 43 28
39 65 67
54 20 68
20 65 16
59 43 50
38 18 83
58 9 14
33 12 50
9 21 11
35 11 77
63 69 24
27 69 48
42 83 67
31 3 21
75 43 48
56 74 6
33 23 52
47 37 55
50 40 30
46 69 31
52 12 84
3 37 62
5 42 43
49 76 17
3 3 49
22 58 5
2 7 40
28 73 44
25 20 35
58 49 7
28 6 67
64 45 23
56 7 68
74 33 38
50 34 4
62 58 65
47 77 49
66 7 13
66 19 36
16 40 14
24 21 62
34 2 48
23 46 34
53 84 82
82 71 62
27 46 70
80 40 75
58 32 13
75 47 15
75 5 32
2 72 41
77 78 56
76 75 65
12 61 34
78 4 15
3 41 52
51 54 74
18 3 43
11 8 37
48 13 59
80 45 50
37 37 46
49 58 17
84 40 50
52 63 22
18 44 77
38 16 18
34 11 45
52 74 50
17 53 71
82 76 82
19 46 75
36 60 62
21 2 45
40 75 62
56 58 6
6 52 34
69 27 65
65 51 27
81 22 81
29 53 14
49 81 23
18 8 51
32 47 8
20 44 79
69 24 82
48 8 44
74 58 19
23 13 40
46 84 35
32 45 85
31 35 17
76 43 8
61 47 38
50 29 84
25 7 72
47 9 19
23 30 59
45 74 37
13 82 14
58 26 63
46 68 72
28 68 5
65 20 9
72 14 1
51 84 35
38 11 78
38 25 38
64 80 69
28 83 30
59 35 19
45 36 30
38 9 73
58 32 67
14 2 37
54 39 55
73 20 3
38 60 70
22 83 62
76 12 83
28 1 20
39 43 17
41 65 55
79 48 26
14 36 75
16 20 45
45 29 72
77 35 9
4 37 79
78 63 52
55 56 34
56 10 85
42 31 43
2 34 17
37 79 25
43 17 23
26 36 17
24 38 70
52 67 47
13 37 71
75 42 59
31 71 1
56 47 9
28 18 3
47 84 2
1 54 27
46 44 72
53 52 4
78 24 21
58 44 43
22 34 61
78 4 37
46 61 51
70 5 21
78 5 49
60 80 50
29 15 59
17 31 39
30 71 41
60 7 22
3 41 35
53 47 50
1 46 46
33 24 84
84 70 62
15 64 25
56 64 8
36 31 63
56 65 64
1 50 28
75 38 6
33 21 84
66 65 63
22 9 20
60 23 36
81 26 57
2 32 7
3 61 26
9 47 47
69 37 23
66 30 10
81 14 78
43 55 17
81 27 77
51 58 9
49 80 43
69 54 28
5 78 75
43 15 27
37 2 82
85 54 83
77 59 37
37 28 49
29 84 48
22 17 40
34 23 42
73 41 65
66 53 8
25 82 29
76 40 13
21 70 72
18 48 79
71 20 38
35 30 26
81 9 53
13 14 77
47 26 73
34 73 73
12 82 13
1 4 11
50 15 6
51 23 69
52 27 80
33 7 63
53 44 43
58 29 81
5 15 69
29 47 49
40 64 16
9 24 34
35 82 34
66 30 17
39 79 32
23 75 28
81 70 54
41 17 20
44 2 52
56 44 23
57 41 35
4 65 58
45 71 2
36 14 64
74 5 67
27 7 74
1 71 49
33 43 52
43 13 66
6 45 41
16 68 74
38 62 68
26 23 62
29 23 40
40 55 81
83 13 60
63 7 12
28 65 20
82 2 48
5 37 62
79 71 1
49 82 76
23 24 14
56 5 17
56 24 28
21 8 80
50 62 43
66 13 79
51 40 21
50 4 50
60 10 65
16 40 62
77 15 24
46 24 64
45 82 5
48 26 47
68 68 33
69 55 22
50 8 85
30 72 28
44 3 7
58 40 56
26 76 41
62 79 40
32 21 75
67 35 57
29 76 45
41 9 36
63 44 78
38 58 26
2 24 35
28 34 42
56 56 30
68 71 75
76 52 49
21 13 51
66 85 62
26 78 84
69 19 10
62 11 29
33 77 48
21 71 21
5 78 20
26 49 18
62 24 61
4 56 43
74 9 61
3 60 10
17 15 16
80 7 60
41 31 5
51 54 40
39 78 72
74 65 24
35 9 66
54 44 62
24 73 77
45 85 31
54 79 71
48 7 82
5 34 37
17 31 40
27 34 15
58 28 75
6 13 75
32 75 72
54 50 83
82 22 47
10 57 34
50 63 72
74 33 71
49 63 72
85 12 10
67 27 2
9 36 39
55 69 52
41 21 1
69 3 83
10 19 15
4 74 14
79 13 77
2 60 21
40 1 43
56 14 23
42 47 56
22 33 59
67 1 55
3 12 76
3 10 42
7 59 54
82 16 44
46 60 65
62 54 11
10 5 39
44 59 16
49 80 57
4 24 54
28 77 79
18 60 51
45 67 37
17 32 81
51 39 57
1 73 62
14 3 41
62 24 8
57 56 34
57 64 47
16 29 33
79 76 8
65 14 11
35 49 72
76 48 43
9 49 54
52 75 82
68 63 29
24 80 32
36 45 51
55 48 4
41 53 62
70 34 78
36 71 53
22 76 17
83 23 1
17 44 25
28 49 2
47 8 48
46 73 42
46 56 23
46 36 20
65 53 63
57 48 32
8 58 79
53 40 34
25 27 50
16 73 5
10 36 20
27 35 15
2 63 18
28 50 4
54 3 49
56 5 80
79 68 75
76 72 63
46 28 59
2 2 24
5 1 24
25 74 42
46 19 72
10 26 54
85 77 81
60 72 81
4 19 13
39 55 4
6 60 33
20 32 1
3 46 72
22 16 66
22 68 67
67 7 42
21 70 13
30 45 74
7 78 30
67 9 45
60 68 10
31 55 41
80 62 12
10 35 31
5 51 3
57 29 58
72 64 21
31 67 71
75 76 2
59 3 19
6 2 15
29 46 46
23 61 57
40 76 41
72 47 79
75 28 80
24 82 25
26 70 57
76 77 70
76 35 85
24 23 5
49 65 44
1 63 28
75 33 73
51 47 59
21 49 68
38 52 5
59 60 69
35 47 65
32 60 7
56 79 12
29 63 82
83 83 2
61 30 38
21 54 62
18 33 54
1 32 56
28 11 13
17 72 4
80 84 29
82 55 47
28 50 80
53 53 69
21 43 15
21 69 70
64 63 85
26 5 23
23 12 32
59 50 75
81 43 18
18 27 15
31 78 6
41 21 37
37 9 12
18 20 80
70 49 38
32 29 72
11 59 3
78 63 57
70 42 10
7 9 68
32 59 9
79 60 46
73 64 55
81 66 61
36 34 34
12 81 25
33 15 4
26 54 82
59 36 28
3 46 7
77 35 29
12 21 20
17 38 73
55 76 80
65 80 18
52 81 15
4 43 70
48 57 14
51 9 1
4 32 71
7 41 58
70 55 34
53 43 49
6 25 71
15 37 37
25 31 28
17 58 57
82 21 80
55 84 24
20 79 70
35 84 41
31 55 15
64 3 26
19 33 15
40 37 40
5 30 33
45 55 3
84 23 42
70 51 79
42 17 41
20 27 6
79 80 53
77 47 68
15 32 28
21 72 78
55 85 22
31 16 9
54 47 13
71 37 67
67 43 23
29 56 55
19 64 27
57 11 23
42 17 75
10 63 3
56 82 67
16 76 79
55 49 13
14 29 76
39 13 14
16 63 67
15 46 76
23 26 75
34 72 60
30 69 35
55 20 57
11 43 72
2 17 63
71 34 44
4 1 27
47 56 25
2 34 76
60 37 19
61 76 25
22 37 36
8 47 9
76 35 80
63 7 58
18 19 50
44 2 66
75 60 52
84 76 65
19 72 18
12 38 25
65 46 84
52 13 15
85 68 16
73 13 40
85 26 82
34 61 9
70 38 62
56 3 9
50 79 40
35 45 63
71 30 47
85 78 81
39 45 21
68 74 85
37 25 38
62 70 19
32 68 21
70 44 56
47 26 48
23 41 14
59 84 14
55 27 62
40 19 42
3 1 64
35 28 42
32 73 1
27 60 37
5 25 25
41 71 73
6 5 75
11 34 60
11 68 60
32 27 10
68 36 22
42 68 61
63 61 2
12 55 73
42 51 65
40 75 14
33 64 73
24 46 31
66 58 11
68 3 4
1 6 49
62 34 36
2 79 57
46 11 15
77 19 30
52 36 43
66 30 15
50 44 31
58 27 18
67 68 35
41 78 36
48 58 81
33 4 48
71 16 1
64 12 25
6 85 56
60 58 32
77 61 46
58 67 24
38 47 69
18 19 69
47 74 43
45 66 9
61 77 76
79 66 48
48 15 48
84 69 6
3 68 68
48 59 52
83 76 28
51 60 52
15 53 29
47 47 36
18 80 82
24 79 78
28 56 22
23 47 41
35 50 62
11 81 20
84 45 43
68 9 47
73 27 31
2 60 37
39 74 3
61 42 28
62 73 85
56 39 17
13 62 16
10 75 79
43 50 69
22 53 63
53 76 1
53 1 19
31 24 57
39 4 12
82 19 46
60 48 68
15 34 2
17 80 4
22 42 45
12 63 56
50 75 45
52 60 1
58 42 66
50 82 67
32 4 37
49 13 41
83 74 52
70 8 21
25 82 42
6 83 33
72 17 48
52 18 28
8 20 14
21 37 5
56 58 47
5 12 57
67 42 17
66 74 67
14 78 77
55 53 20
50 8 35
82 13 12
66 76 59
8 83 71
59 62 19
37 59 69
7 50 13
28 41 27
25 84 70
80 60 25
60 19 19
37 42 1
75 1 52
49 1 24
12 34 45
80 80 66
11 37 50
19 66 56
82 71 15
67 62 28
17 67 26
66 72 53
40 51 82
38 59 75
31 84 19
30 75 51
14 41 22
70 10 69
72 66 26
73 73 77
62 18 84
14 25 18
52 12 81
3 81 35
11 17 43
48 8 51
39 32 17
83 70 38
32 48 23
59 22 11
50 79 37
75 8 2
61 43 46
32 41 54
12 31 78
23 84 12
83 35 74
65 10 81
76 43 47
31 80 68
30 2 72
84 78 5
85 32 40
62 23 73
74 9 5
6 1 19
57 79 35
51 37 18
23 75 29
65 9 7
66 3 9
15 76 70
74 23 34
10 21 85
67 74 62
11 47 33
23 64 59
64 34 14
82 58 26
20 26 42
61 71 50
10 53 52
13 47 20
68 1 58
39 66 80
80 25 29
53 24 39
41 49 66
31 12 80
10 18 51
49 85 29
9 72 75
78 40 48
48 31 78
42 32 4
10 40 73
82 79 15
50 45 40
71 68 74
49 62 33
76 20 49
3 41 2
37 71 2
18 41 25
1 42 19
22 60 46
30 63 4
47 22 26
62 54 34
49 33 80
82 40 48
79 48 46
35 66 84
72 30 55
14 21 45
65 13 74
58 44 85
78 52 60
43 13 82
70 29 69
8 1 31
15 68 12
78 76 26
73 61 72
71 46 55
39 22 32
20 28 57
65 20 64
24 59 68
34 63 33
55 80 79
65 38 49
5 72 80
51 19 77
27 69 57
43 8 28
57 53 7
38 84 7
41 56 40
47 10 46
49 68 16
28 13 14
1 57 51
55 61 77
60 66 42
41 6 18
74 78 81
26 30 76
85 25 34
26 73 17
83 3 52
80 67 9
53 12 70
24 50 11
10 74 1
38 49 3
18 20 84
56 21 57
30 17 8
38 26 59
75 20 47
82 85 63
79 53 81
33 11 42
26 47 10
43 5 43
15 45 71
73 39 43
68 44 75
25 38 3
48 10 44
27 22 56
28 42 22
50 49 69
75 73 28
3 40 65
35 4 66
14 53 32
18 79 46
3 56 16
13 35 22
29 29 80
25 44 55
73 58 37
7 15 7
12 14 29
19 4 66
32 67 38
12 79 27
4 58 9
43 85 19
56 83 47
19 20 13
34 60 35
5 18 57
22 83 58
48 28 30
11 54 80
58 14 79
45 20 41
10 59 1
58 8 68
62 80 17
5 63 4
6 7 78
60 23 30
55 51 42
12 16 36
83 7 57
53 73 6
22 6 15
61 62 26
64 55 54
58 11 5
40 56 83
11 76 17
6 72 27
14 24 60
61 16 73
33 7 60
73 43 53
25 67 55
32 73 80
56 69 22
61 53 78
84 40 8
22 58 12
44 16 3
42 10 44
24 10 73
57 8 40
73 55 60
22 58 20
60 81 42
29 42 78
33 1 24
68 82 24
60 36 78
23 65 43
77 2 75
10 2 38
27 74 68
14 16 18
8 81 25
72 44 51
5 21 12
3 51 59
46 15 34
17 45 50
33 75 13
41 3 7
59 2 41
55 13 41
26 17 78
11 83 83
49 84 28
66 77 40
78 39 74
32 64 59
45 21 18
31 13 48
29 14 30
48 21 29
2 21 5
7 83 46
24 44 33
23 67 35
7 16 16
74 17 55
38 27 68
33 10 58
50 23 48
12 3 13
26 76 61
59 71 53
24 25 40
32 57 13
64 7 49
25 31 19
83 19 85
8 37 72
24 19 28
71 21 71
84 49 49
42 18 14
84 50 52
61 49 53
40 1 40
65 27 67
19 83 54
55 20 68
61 34 3
30 72 12
74 55 60
73 19 14
27 8 13
31 34 15
37 19 80
36 49 7
76 12 85
19 10 73
10 82 82
51 4 30
59 57 30
62 27 80
47 42 27
63 22 47
32 48 71
11 60 65
78 18 7
32 16 58
63 59 77
12 68 8
51 60 51
40 77 23
55 1 72
16 75 63
2 21 48
65 1 38
34 8 13
1 80 37
60 42 39
10 73 70
80 82 49
53 25 32
54 3 8
46 55 51
39 31 10
53 56 64
5 49 81
26 20 13
57 41 30
34 76 70
76 19 23
16 24 83
46 81 9
22 26 85
3 67 8
53 41 54
11 48 23
37 24 36
2 13 75
59 81 37
51 74 5
34 20 50
33 19 25
77 41 4
59 82 67
68 42 53
62 34 67
55 40 37
59 61 63
70 11 56
6 30 42
59 19 19
34 1 64
53 67 73
17 62 16
82 61 82
65 11 72
25 80 20
37 79 65
14 21 72
49 50 24
84 19 62
79 12 58
47 4 72
29 1 49
73 9 39
68 82 13
85 11 54
60 45 46
21 74 24
4 66 2
11 72 72
34 12 34
18 8 42
26 84 80
74 68 2
36 18 27
48 7 19
42 78 70
37 76 35
74 51 82
44 43 22
85 74 61
80 39 8
30 2 47
44 34 77
73 14 10
67 1 53
12 78 5
3 81 22
77 84 22
7 1 36
53 24 62
47 6 82
65 22 22
57 4 12
7 7 61
44 1 20
14 69 83
40 41 51
73 15 48
13 75 22
46 35 80
49 15 30
14 6 64
61 1 7
80 13 30
85 3 31
34 34 79
80 54 58
9 73 68
10 18 81
27 34 49
16 82 28
1 84 75
70 31 33
43 71 73
83 10 1
65 39 57
14 63 78
71 10 45
85 72 35
7 56 26
23 69 17
60 32 19
50 64 9
42 18 58
5 41 84
1 40 51
63 85 33
5 76 31
17 19 66
28 26 10
35 48 42
21 71 53
37 66 43
57 67 73
76 77 29
13 67 33
85 84 51
32 38 35
59 4 53
35 20 53
58 6 71
15 39 64
59 55 31
79 37 4
62 23 38
78 75 27
53 56 5
18 26 5
9 35 82
49 67 69
58 9 26
5 16 75
10 57 7
54 65 74
41 26 78
64 38 78
27 55 23
29 27 31
62 47 5
38 22 28
5 18 81
70 75 5
21 45 36
55 34 10
7 75 40
85 74 56
1 12 59
60 25 76
8 63 47
69 27 53
63 54 16
28 1 78
62 65 33
34 82 46
79 65 26
82 75 33
8 50 24
63 16 28
70 21 69
70 48 57
54 82 9
46 15 1
17 82 53
25 46 13
76 45 50
26 22 29
10 46 44
21 70 84
38 81 42
51 55 35
77 54 84
53 78 55
34 51 17
46 35 11
11 15 13
50 36 48
44 18 74
7 82 25
84 52 58
26 20 10
50 54 10
84 61 5
65 27 11
21 21 78
73 54 19
34 72 77
52 63 82
61 14 69
8 25 68
82 8 65
37 68 21
74 54 32
57 24 13
75 5 17
65 11 21
75 72 47
16 78 48
78 70 10
44 33 41
46 80 10
4 58 64
19 20 37
35 31 54
21 62 77
59 2 15
7 83 6
27 56 21
76 11 82
57 45 65
64 40 61
14 56 1
7 10 3
80 39 80
25 42 65
69 22 71
80 39 79
17 68 80
11 37 70
7 64 10
81 4 40
19 82 8
2 46 19
20 68 58
51 80 62
10 40 83
52 35 55
1 29 35
20 37 40
26 43 83
52 35 85
68 17 49
64 47 31
46 13 49
13 68 42
69 26 34
40 55 38
18 44 74
12 63 76
79 26 60
59 60 73
61 13 52
56 57 63
58 35 23
49 78 23
14 39 81
23 28 48
62 61 78
65 64 13
5 71 48
41 84 47
9 40 68
21 64 14
42 5 7
78 65 18
18 16 64
14 70 15
5 35 29
78 12 50
1 72 33
35 7 82
5 85 59
8 84 27
40 20 84
14 27 81
57 68 1
46 55 19
67 53 32
79 39 14
13 20 1
83 47 44
13 59 33
17 18 35
58 23 12
81 20 14
52 57 69
26 49 31
17 32 66
83 46 26
10 80 15
85 83 48
77 84 84
71 71 68
43 78 3
54 55 34
85 70 7
13 28 55
48 18 78
36 71 41
35 84 11
34 68 38
30 84 69
20 43 66
67 28 76
16 50 6
66 32 77
32 65 5
19 13 37
36 72 85
12 76 45
34 60 60
44 51 13
16 45 24
64 2 52
23 84 32
41 66 12
44 54 35
62 79 67
18 47 24
56 50 11
21 26 38
79 71 55
3 34 11
33 58 6
85 45 12
19 70 30
5 24 25
69 15 12
51 74 79
60 7 40
19 69 77
4 35 40
28 60 5
22 10 10
2 35 16
38 38 75
2 57 81
41 14 43
57 30 6
72 68 15
43 83 62
62 14 40
73 61 25
77 26 82
40 4 10
60 20 54
44 25 71
59 2 39
59 44 19
18 80 19
42 54 20
4 49 43
31 2 57
68 11 13
13 37 2
61 47 64
58 47 45
22 6 34
35 37 17
24 15 26
35 49 44
39 33 28
22 71 36
46 48 63
16 1 5
58 16 44
69 52 44
50 61 26
32 47 47
67 59 52
38 5 71
24 63 30
32 5 41
52 84 73
8 6 63
52 81 38
30 75 48
51 23 45
15 6 66
58 45 64
54 67 74
39 85 57
37 63 36
18 75 71
53 25 69
60 41 12
25 24 11
77 58 11
4 73 80
40 74 56
85 9 38
63 40 23
79 66 78
60 41 36
12 39 59
8 53 49
24 29 8
57 73 78
4 71 4
8 47 42
50 31 17
70 17 65
1 52 77
44 62 57
12 52 36
54 37 67
77 77 10
84 72 37
55 35 44
1 84 68
35 54 79
43 85 12
54 14 76
84 14 3
2 2 35
80 44 10
36 74 42
50 66 1
46 73 73
65 14 15
3 1 14
45 29 70
56 67 74
74 64 33
15 70 17
11 14 37
37 49 59
77 28 47
66 59 34
28 47 35
65 62 3
16 21 60
79 65 68
65 29 66
19 22 45
46 65 1
1 70 43
80 78 24
75 31 40
74 66 54
17 26 84
76 58 1
35 36 65
2 72 57
60 26 50
66 1 65
46 48 80
4 1 50
82 54 17
55 44 33
24 72 1
14 71 52
78 10 57
9 23 69
70 49 38
83 57 17
9 61 31
85 62 41
3 10 68
20 74 1
18 41 42
66 66 81
85 8 1
34 31 68
55 61 28
67 32 34
27 46 55
77 25 48
53 20 2
65 74 60
15 28 3
27 62 79
4 54 47
41 71 30
34 2 11
56 3 18
76 59 6
5 42 28
56 51 31
59 43 85
65 21 73
33 70 80
10 3 17
72 50 7
28 15 68
74 33 18
84 75 27
82 4 27
64 84 11
15 60 54
14 4 26
74 68 16
74 53 46
72 46 46
45 32 23
56 71 17
59 22 18
12 83 79
65 22 82
20 26 11
83 80 5
83 35 77
79 54 46
1 68 31
39 63 13
6 78 2
8 20 52
63 64 63
31 19 51
8 64 8
44 15 15
66 63 28
58 27 69
12 83 7
75 45 36
45 80 58
16 37 79
76 11 21
70 38 71
76 52 77
30 80 15
54 29 25
75 31 76
28 29 57
29 74 22
82 81 27
48 58 46
32 19 68
10 55 37
61 8 58
52 71 1
53 27 84
68 20 36
28 82 8
9 38 84
44 79 41
63 68 85
31 12 64
75 80 35
1 36 10
72 84 6
26 84 11
45 47 66
23 25 21
84 16 33
76 51 58
6 7 68
52 45 64
7 26 47
37 13 43
50 5 85
20 77 82
83 50 38
27 74 51
24 35 81
6 76 81
80 43 42
80 40 36
39 62 68
18 71 39
47 1 36
48 3 42
40 52 58
12 45 57
52 62 17
85 40 80
21 69 31
70 7 51
64 40 14
16 83 26
76 62 84
80 80 1
64 57 9
23 11 74
30 54 82
35 84 76
71 61 59
4 64 72
10 16 72
44 14 57
20 17 56
24 41 6
6 26 74
2 10 70
82 76 8
60 22 34
2 29 7
54 31 71
70 59 3
47 28 85
84 25 51
36 5 67
30 27 63
36 45 78
85 11 42
73 80 11
35 71 67
13 58 27
10 64 69
78 67 26
25 52 59
78 36 69
45 14 63
45 19 56
16 65 30
75 52 77
33 57 39
11 51 64
1 57 74
64 17 57
32 29 4
65 58 42
44 13 33
22 17 54
62 19 3
32 63 17
49 10 61
20 84 75
19 83 12
75 38 45
26 27 3
63 6 71
60 49 14
82 20 10
66 23 6
4 63 20
80 53 21
71 56 60
29 46 37
78 19 56
1 28 42
42 67 82
42 74 47
19 46 8
23 16 49
22 38 69
79 28 66
66 66 8
67 17 60
16 45 41
4 12 13
9 51 22
60 25 5
85 26 21
5 5 63
34 35 83
20 22 43
4 41 32
2 28 45
63 29 30
19 72 64
69 27 4
2 50 33
67 48 9
41 34 66
21 77 49
27 1 69
23 40 59
70 14 32
33 51 41
47 63 58
81 74 60
19 84 37
84 45 78
80 2 42
77 22 43
73 60 4
42 42 64
26 54 40
27 26 23
13 64 55
52 35 18
62 42 10
46 61 83
78 82 81
14 25 31
22 49 26
36 60 27
63 34 22
69 11 23
44 50 45
68 85 73
53 71 61
17 36 73
56 40 67
6 85 28
53 44 46
11 1 56
78 22 24
17 43 68
41 82 62
4 10 56
75 58 62
30 70 53
57 27 48
22 7 16
84 39 10
13 44 10
63 46 23
36 49 52
22 77 41
2 67 3
49 64 64
74 7 23
33 4 81
16 57 3
31 51 72
65 83 26
55 69 26
73 33 3
68 55 85
46 71 27
48 73 11
16 67 13
54 61 44
53 76 66
84 12 61
34 29 63
33 60 18
33 30 82
75 3 31
41 75 11
43 18 26
78 47 10
56 64 47
39 31 5
4 39 10
64 13 4
35 18 46
68 52 74
43 70 70
78 43 76
56 73 33
54 82 65
57 12 12
82 46 16
85 43 16
49 61 85
40 24 58
62 39 61
76 76 76
62 73 16
49 16 54
51 70 77
25 71 14
29 11 26
7 39 6
13 30 35
34 64 67
76 50 14
74 56 59
84 2 77
69 44 8
77 68 73
73 3 56
72 75 66
11 47 80
58 78 15
69 53 83
8 70 56
77 52 20
38 12 54
74 16 17
19 3 80
53 56 2
22 51 44
2 81 83
36 17 33
5 24 32
17 44 19
36 41 6
12 25 33
1 51 10
9 81 44
83 81 1
60 50 21
30 10 43
82 58 84
32 4 63
47 52 1
11 36 67
59 16 4
20 61 80
55 47 79
5 55 5
65 11 63
59 77 52
34 63 1
52 22 28
84 26 59
7 67 45
27 65 29
64 11 67
11 32 80
75 35 56
75 42 6
52 48 12
2 40 50
13 21 4
65 29 44
19 85 18
41 19 28
13 82 81
50 84 60
23 25 67
13 31 77
26 18 30
29 54 53
9 60 39
35 12 21
67 36 26
3 10 40
43 10 12
20 78 53
84 7 51
44 51 49
15 76 84
13 83 69
14 40 71
58 38 41
29 21 23
1 17 8
81 76 18
20 82 38
54 62 85
64 30 56
48 19 5
49 14 52
1 69 80
71 6 17
2 35 83
25 13 28
84 22 14
52 25 37
76 21 66
52 9 6
66 59 45
27 25 44
34 50 2
18 13 60
75 61 82
34 8 44
48 10 33
13 6 8
22 56 53
46 31 31
21 14 20
53 45 1
20 37 76
12 2 57
12 28 59
1 15 19
76 41 81
78 8 44
62 37 15
85 56 30
6 70 24
38 39 38
33 1 55
41 5 23
82 71 57
77 49 11
17 48 31
76 81 50
71 56 65
58 74 23
40 69 11
61 37 23
82 30 28
68 65 22
65 65 43
66 65 39
1 34 13
14 41 24
28 39 55
52 35 64
51 67 60
70 73 44
54 51 19
81 26 57
55 51 55
74 17 30
82 64 83
79 17 56
18 34 25
34 3 15
59 39 12
81 3 73
53 84 42
36 16 53
85 68 70
49 22 28
71 40 74
32 25 67
50 36 76
42 84 73
35 5 65
54 85 54
66 37 72
57 80 34
64 14 59
7 31 43
72 58 77
5 47 79
72 70 37
5 52 32
55 65 31
28 77 5
52 14 35
34 80 82
80 57 78
2 14 57
75 68 58
9 45 28
22 31 11
82 59 1
48 78 77
31 29 34
6 2 21
21 30 16
20 4 7
10 83 63
65 64 54
45 82 3
50 46 39
18 28 38
83 69 2
73 4 9
29 21 14
20 17 27
18 40 39
70 42 85
46 28 83
6 62 83
51 83 74
60 75 9
27 66 49
85 35 85
84 77 46
73 2 10
52 81 55
36 18 3
65 27 50
31 33 82
75 16 45
50 17 36
72 71 24
5 8 7
40 66 9
34 52 77
14 75 83
64 26 74
8 84 64
21 33 65
85 1 81
75 21 56
60 48 21
28 6 8
68 65 13
30 18 45
14 1 31
58 63 61
27 20 20
1 28 76
50 9 7
32 67 60
2 37 71
30 3 16
2 81 13
73 34 84
38 17 41
24 30 77
21 38 43
10 21 55
84 50 20
20 80 25
56 16 48
24 64 7
15 48 75
43 48 31
40 50 50
75 6 54
76 49 12
57 17 26
24 51 32
35 36 25
5 3 36
9 14 22
17 78 40
72 30 42
69 37 28
68 5 25
27 69 20
14 7 18
65 63 73
71 14 74
30 63 67
31 79 36
72 52 64
2 11 30
66 29 68
14 51 21
55 26 15
80 13 85
37 13 67
70 11 45
54 21 17
15 14 24
31 13 37
39 55 9
46 51 80
70 42 74
31 9 12
60 59 32
73 61 52
21 69 19
26 55 84
5 20 14
47 52 25
68 16 60
69 52 8
43 6 52
7 45 53
43 32 42
62 55 9
12 26 64
29 66 43
60 64 46
6 13 48
46 67 5
79 68 15
75 58 6
24 56 36
56 22 54
35 51 25
11 58 22
77 85 82
57 75 66
53 68 18
62 67 68
73 11 17
82 20 1
8 19 44
77 83 69
10 68 49
63 21 63
6 21 18
13 26 5
56 31 43
26 47 38
58 64 68
46 40 59
34 49 64
58 41 19
47 77 30
74 70 39
49 81 62
16 16 62
54 74 35
85 65 1
60 63 19
57 65 25
79 33 60
22 64 26
50 51 4
36 23 5
53 77 18
68 37 16
74 8 57
69 31 12
23 20 32
1 66 44
70 59 6
11 41 30
64 19 36
18 46 72
84 79 47
12 25 70
75 24 71
55 66 46
67 40 3
22 10 44
12 22 84
29 61 33
75 76 8
1 33 41
39 36 44
30 5 82
60 53 5
34 56 31
55 7 36
81 46 39
44 53 11
78 42 35
52 5 62
20 82 39
7 2 77
47 27 72
13 26 75
72 13 38
59 70 36
47 32 73
66 57 57
59 58 43
22 22 80
75 7 20
49 49 21
10 3 3
12 48 9
42 36 12
67 27 53
84 25 76
44 45 17
8 1 47
69 50 78
8 38 6
27 45 1
76 61 3
50 39 74
37 75 10
3 23 22
56 57 32
17 29 51
77 3 12
47 18 63
5 69 73
53 16 6
53 47 34
13 39 43
51 3 67
13 34 73
44 72 52
7 27 40
1 24 50
13 21 46
83 29 2
61 60 59
52 54 63
36 59 26
16 30 10
58 2 7
51 59 8
43 47 42
22 79 72
46 35 60
11 10 78
85 56 80
42 17 72
73 32 64
12 61 7
54 73 3
47 58 21
32 48 65
27 78 41
60 66 72
6 21 25
83 83 13
7 8 51
52 60 23
46 44 32
32 83 77
17 26 38
75 59 2
58 18 8
78 29 43
42 23 3
69 28 15
6 44 47
5 74 2
25 35 62
41 77 76
59 85 65
39 1 67
57 47 2
1 38 78
65 69 43
46 29 19
83 5 26
23 24 53
47 37 75
34 56 54
22 52 77
68 62 22
79 39 28
24 24 82
34 69 70
30 65 38
68 50 17
69 9 26
57 68 80
82 67 7
28 82 10
18 14 63
54 7 47
17 69 74
42 75 13
22 63 80
22 5 19
37 28 31
10 28 28
57 22 33
20 74 54
20 34 4
32 47 36
78 46 38
5 51 5
8 38 42
54 4 23
83 23 34
26 77 74
65 59 40
52 27 65
81 11 27
61 83 38
63 1 83
38 44 66
83 77 70
77 39 67
75 45 25
7 72 24
53 51 73
71 46 38
72 66 19
83 22 27
27 26 41
8 6 60
51 62 53
66 85 4
52 15 13
79 38 68
44 47 38
8 66 58
70 5 72
21 57 2
40 14 69
34 58 4
5 57 8
61 50 59
61 43 27
58 50 3
64 49 65
16 11 59
23 9 44
78 10 23
60 69 47
69 47 37
12 57 70
74 40 44
35 12 48
76 61 77
51 58 23
51 16 76
56 76 53
41 8 14
20 58 4
2 50 16
54 19 37
66 55 17
84 28 34
19 45 40
19 41 81
1 3 21
37 49 47
8 33 36
72 73 77
37 50 37
28 40 17
82 26 15
78 82 48
56 46 26
62 31 33
24 44 1
72 17 8
61 31 76
80 4 62
15 53 69
81 7 21
54 52 35
50 85 8
83 78 8
77 81 36
19 30 13
64 84 4
24 4 17
26 59 67
73 42 44
76 79 25
47 13 36
59 21 75
70 9 17
13 65 46
45 43 14
81 46 77
8 76 44
75 2 16
74 13 54
55 79 18
56 39 82
43 82 80
68 24 77
52 7 44
30 54 57
75 10 20
56 66 69
27 79 74
52 2 79
24 53 2
85 19 80
7 38 12
53 64 40
57 64 9
40 66 10
7 33 6
5 67 50
74 82 59
65 52 24
29 47 49
2 35 29
10 70 29
49 42 13
55 34 64
58 71 57
11 7 49
47 7 84
12 63 27
57 16 49
38 66 83
45 15 58
51 56 27
53 48 80
85 57 28
35 13 34
59 71 30
80 67 54
81 63 25
54 63 84
39 71 9
26 83 13
44 10 72
60 66 66
31 51 79
60 79 5
41 30 80
52 6 68
69 62 66
4 17 8
77 22 13
69 9 7
59 43 58
27 2 24
52 69 6
64 23 74
19 57 23
6 28 7
38 64 31
17 83 59
69 49 38
82 54 13
47 82 50
46 4 83
47 39 1
78 39 17
48 21 22
85 21 1
80 8 17
36 71 1
79 64 37
33 40 79
53 11 27
72 9 47
39 42 39
51 68 26
35 43 68
28 44 36
60 57 45
78 2 3
17 79 31
46 45 66
48 45 16
57 12 59
60 27 16
64 83 30
1 30 25
43 68 7
25 78 52
29 58 47
81 79 74
11 18 73
7 49 81
73 60 85
80 27 16
68 80 19
5 39 15
80 44 37
8 66 31
52 77 29
38 48 40
42 13 55
29 24 80
66 74 27
68 57 64
63 82 65
14 57 21
45 25 63
66 45 28
42 67 59
50 3 16
6 70 17
46 13 6
36 17 6
52 68 23
19 85 6
2 10 27
15 51 32
28 84 52
56 54 47
54 19 28
14 19 33
64 54 24
1 23 65
66 39 72
18 4 45
71 62 30
85 68 27
19 24 21
75 84 61
13 10 33
39 45 5
85 11 13
51 64 81
79 28 55
21 12 9
77 25 25
41 75 13
67 17 68
27 28 81
16 80 33
53 85 73
55 77 48
69 85 83
28 6 26
77 9 72
46 55 59
85 61 39
42 54 39
28 32 54
3 69 12
5 40 18
81 55 62
68 35 28
30 61 18
21 4 6
84 80 84
73 59 3
25 71 24
5 68 44
65 51 42
49 71 41
64 20 85
65 69 2
46 51 66
45 15 85
9 71 19
3 56 84
76 71 17
15 9 64
29 78 47
22 52 27
56 43 42
21 64 5
47 58 65
24 30 45
37 85 70
80 62 29
65 8 3
71 34 22
27 47 30
7 63 41
26 35 51
74 70 36
45 41 19
70 57 35
62 5 26
63 14 51
69 13 70
27 45 78
27 36 27
55 35 61
81 56 49
64 78 41
7 83 66
34 58 57
26 33 34
70 12 7
85 82 62
20 27 63
59 16 54
61 69 80
64 27 7
16 79 13
58 72 85
49 3 77
26 15 62
47 17 9
9 11 60
42 59 8
23 78 56
35 83 84
36 44 34
21 3 44
76 46 69
17 79 26
24 51 45
14 70 85
20 78 15
79 60 50
21 80 56
81 25 24
56 85 45
46 51 14
42 52 39
64 38 70
38 2 51
2 42 58
69 27 74
8 5 75
23 82 15
45 47 82
11 53 56
30 20 85
51 16 12
21 32 39
72 76 56
49 6 3
64 79 84
64 15 25
29 8 68
6 1 66
69 58 30
58 84 80
57 2 5
71 30 45
56 84 59
54 73 60
21 59 10
65 43 81
25 52 57
23 62 45
71 16 32
70 3 4
49 25 62
84 15 62
84 76 35
64 1 82
52 4 25
49 47 84
8 82 75
37 16 53
76 18 36
12 4 60
60 23 2
60 29 35
45 9 22
79 85 33
67 19 84
20 13 39
53 5 69
5 77 27
46 50 70
29 34 66
60 46 76
77 49 13
27 4 76
7 37 31
31 19 25
26 64 12
25 36 60
81 46 70
18 55 44
7 67 64
81 61 78
56 38 17
73 10 48
43 72 7
23 74 19
30 19 10
41 53 23
49 81 43
36 30 81
83 83 65
54 59 45
1 65 68
72 54 50
54 64 69
2 19 78
67 50 19
11 63 79
59 29 83
28 81 58
11 8 50
14 49 17
51 48 10
74 79 66
51 76 85
83 20 54
75 38 11
52 49 54
23 58 82
3 38 1
42 42 20
46 52 47
2 56 52
20 73 7
83 21 50
55 68 72
39 49 64
51 49 6
31 43 9
4 70 83
20 59 62
13 13 81
15 25 30
27 48 72
49 12 2
42 19 66
40 83 21
34 85 12
74 79 64
58 62 58
7 30 7
67 34 74
70 76 25
52 5 59
34 43 4
35 8 44
23 9 37
49 17 81
83 53 83
39 57 39
15 33 72
62 57 70
52 80 79
8 26 4
9 25 12
56 4 45
47 28 17
28 70 6
23 27 58
40 64 38
77 82 27
38 10 55
10 29 6
32 1 62
44 58 25
72 7 62
5 13 45
50 69 50
27 29 53
12 63 18
26 13 70
7 77 44
63 2 39
4 77 82
55 5 64
30 20 72
71 13 29
84 45 59
18 49 28
24 47 19
19 34 53
66 23 71
65 31 61
67 61 73
22 61 80
29 11 62
19 73 70
25 64 20
46 24 38
83 82 21
72 14 2
72 28 21
22 85 64
6 27 72
77 56 31
21 68 71
21 28 79
28 75 27
63 73 34
74 36 44
14 30 83
65 41 72
20 20 44
57 13 37
82 70 42
72 72 21
33 71 53
83 45 66
11 32 60
43 47 3
11 66 36
55 56 15
40 1 64
11 28 76
54 28 44
60 9 14
78 7 17
63 29 67
83 57 41
72 38 53
9 34 28
63 34 44
42 85 80
60 61 78
54 39 83
2 52 41
51 9 62
73 71 80
16 36 80
19 38 44
28 72 7
39 24 17
17 32 10
36 76 28
21 41 48
56 19 12
71 84 34
6 40 76
67 25 15
16 18 21
53 77 75
40 15 65
39 71 75
67 26 23
75 3 44
66 48 34
30 23 9
76 73 31
7 17 59
70 26 34
76 81 8
85 60 62
51 23 33
74 40 49
63 53 79
36 37 71
36 67 64
67 61 77
41 23 84
28 69 60
13 48 48
9 3 61
18 43 67
41 56 12
3 7 66
38 44 77
78 12 72
6 52 4
30 83 13
21 19 51
53 33 68
6 67 68
1 64 17
82 69 46
61 5 69
20 82 62
13 60 59
85 79 36
64 17 5
49 61 3
39 74 10
76 49 21
16 66 68
45 32 81
37 46 46
54 60 17
6 36 85
23 31 80
45 14 73
32 18 20
55 8 26
35 13 5
55 83 81
46 26 80
68 25 27
55 2 77
11 44 61
71 20 38
56 26 1
23 26 45
78 36 2
35 10 9
23 52 10
13 51 29
74 39 82
19 8 17
6 23 32
45 38 32
13 10 2
26 44 12
53 40 53
40 84 30
65 60 10
80 52 62
2 62 49
57 50 21
67 21 56
73 20 16
22 49 47
41 75 66
31 83 80
66 8 53
47 66 24
13 24 82
35 20 52
19 31 42
33 18 47
38 22 72
63 54 74
1 26 37
19 38 79
74 14 37
83 24 43
37 15 25
67 3 66
79 10 38
58 79 58
70 9 72
18 57 24
44 69 22
78 31 1
43 78 11
63 1 56
57 51 75
23 73 46
21 77 65
78 65 61
38 55 19
8 51 58
38 65 20
83 68 16
80 28 58
16 81 79
56 74 71
74 6 44
72 20 50
60 54 29
17 28 30
13 7 64
6 78 74
62 47 67
46 79 45
23 72 15
20 14 25
41 68 4
50 28 56
10 53 73
73 85 58
43 49 25
41 31 73
31 71 44
48 55 57
25 70 84
54 43 15
69 1 49
13 69 11
23 15 14
60 85 55
37 24 7
48 21 25
32 29 73
6 41 78
50 45 26
8 16 75
50 59 82
62 71 10
32 19 55
77 85 65
66 52 33
14 23 31
8 76 63
64 28 45
35 26 2
14 66 46
36 82 22
41 40 2
31 29 53
31 10 75
66 64 62
37 36 75
21 63 51
72 3 6
57 60 66
14 24 32
21 40 13
13 79 78
21 75 80
74 15 56
45 48 13
9 44 10
57 40 33
7 46 42
76 79 47
48 9 33
5 2 34
65 12 3
21 58 71
70 42 73
1 62 31
34 49 39
29 18 77
77 56 15
19 71 17
85 82 67
66 47 22
50 70 52
23 36 7
19 50 38
54 85 18
18 5 26
74 66 9
36 60 2
38 71 75
51 85 34
67 73 15
45 4 64
75 30 43
46 22 14
21 21 12
82 76 46
70 60 66
16 41 15
68 3 10
51 68 50
38 53 43
73 51 17
16 69 54
58 1 29
11 6 42
20 82 49
51 18 18
81 49 41
20 69 70
30 42 48
47 52 54
5 68 2
40 6 77
40 49 68
22 25 10
46 75 23
23 41 31
9 9 64
23 2 33
36 1 43
45 46 7
46 82 46
82 52 7
71 9 34
11 41 80
55 8 25
18 4 79
63 57 50
41 23 79
24 15 29
64 32 15
53 43 13
30 85 63
81 28 75
19 28 46
27 70 42
81 33 47
45 8 43
8 49 34
51 11 50
39 59 37
76 76 56
27 36 18
67 15 5
21 16 49
76 46 25
21 77 31
81 27 59
81 51 39
14 54 46
81 80 38
50 76 5
52 52 54
11 63 41
53 59 12
83 25 44
55 61 16
71 9 16
58 39 33
41 33 20
25 32 14
16 70 35
84 33 51
26 19 59
12 56 85
84 29 15
50 39 63
42 22 12
3 48 85
59 53 37
81 59 34
3 19 63
62 12 22
22 84 68
56 22 26
76 74 61
50 75 39
8 71 75
26 3 2
84 52 20
16 59 27
20 59 31
47 28 72
72 72 53
59 71 12
68 44 31
12 33 11
19 54 28
41 43 73
49 31 2
85 58 61
68 1 80
70 77 8
20 74 73
82 78 4
35 14 74
38 24 16
81 45 66
6 77 49
81 42 45
41 53 80
13 38 4
72 51 71
85 60 26
32 20 4
59 22 48
35 32 22
36 52 20
67 28 81
33 3 67
9 65 82
7 34 72
1 38 40
15 14 32
2 2 53
34 16 49
48 35 23
83 55 8
6 37 26
76 47 26
81 47 66
33 11 81
2 68 47
15 22 18
7 5 59
61 43 7
14 28 80
15 77 67
40 4 25
58 80 85
69 51 67
61 63 30
69 32 33
71 10 47
24 64 23
43 78 11
13 55 54
9 57 40
42 4 35
79 12 28
12 42 52
85 5 25
16 34 42
37 34 11
67 53 76
58 50 59
44 16 55
82 19 11
70 57 23
38 1 43
10 3 34
37 35 37
83 18 50
42 25 69
65 10 38
51 80 15
39 15 47
54 25 73
8 71 72
37 48 12
14 33 64
27 28 81
24 72 19
59 30 11
70 8 54
47 76 28
65 26 15
46 29 20
21 11 52
22 15 82
7 72 53
14 59 73
29 45 5
36 37 76
14 84 57
17 69 57
26 61 27
27 69 28
29 61 57
75 74 30
7 83 22
75 26 26
81 80 21
82 75 68
76 75 67
68 1 17
51 8 8
7 40 66
16 32 68
49 9 76
42 34 44
60 42 59
68 81 33
10 76 31
31 26 43
20 52 31
34 84 58
39 79 82
83 4 71
36 59 83
24 29 22
20 36 6
63 32 60
27 75 82
40 77 21
76 5 84
32 66 58
60 82 6
23 58 69
48 28 28
80 84 33
30 60 73
49 68 72
48 31 25
30 51 68
42 80 72
28 81 64
35 81 16
22 44 40
50 13 11
59 19 1
65 16 56
45 22 68
80 71 13
38 21 83
25 5 76
72 12 79
48 76 66
66 58 14
1 15 69
70 79 38
82 52 6
37 71 31
3 43 9
73 1 72
59 60 23
71 51 54
56 39 81
48 65 81
5 74 39
33 65 43
18 34 38
8 35 63
24 77 38
72 19 9
54 24 68
50 49 45
65 43 16
63 13 61
54 1 12
55 38 19
76 63 4
43 28 66
77 29 11
33 34 70
85 71 83
71 21 15
35 70 25
57 31 80
22 45 38
35 32 69
29 31 82
47 61 31
12 54 82
12 30 30
62 82 19
58 73 6
6 73 63
57 71 59
18 19 10
40 51 9
22 81 26
57 13 5
9 23 37
85 84 18
55 21 31
5 23 13
70 30 18
12 76 77
33 63 74
61 52 45
42 28 47
42 13 78
25 1 69
27 43 38
77 16 44
55 75 40
48 27 84
62 43 37
69 8 60
43 50 28
40 35 18
18 85 54
46 38 57
57 45 13
53 12 13
83 10 33
45 84 71
29 12 53
85 69 58
10 74 40
72 3 47
46 79 8
36 28 36
12 56 65
14 80 50
3 63 52
62 29 5
59 84 34
7 84 66
69 9 67
52 78 2
72 62 85
18 20 60
73 79 55
67 70 18
79 21 52
38 21 63
32 9 36
33 75 58
75 79 62
1 46 68
73 23 10
21 65 17
4 2 4
4 71 48
19 44 80
1 29 24
80 5 60
8 73 69
80 14 51
12 32 40
5 13 55
69 23 51
41 63 9
37 13 33
83 52 37
24 83 21
19 81 71
11 18 41
29 68 45
71 54 8
25 68 42
44 75 84
53 52 34
29 55 50
78 51 12
58 30 38
74 10 29
36 51 52
58 23 85
79 26 61
56 39 11
22 27 46
69 62 45
4 9 5
8 47 14
33 79 71
40 56 15
41 65 84
31 40 34
10 18 17
81 14 65
66 5 25
76 5 69
61 41 47
16 2 16
43 24 68
12 73 47
60 29 62
42 57 44
26 17 59
22 12 27
47 65 64
40 77 26
46 76 41
21 76 64
30 70 85
2 82 9
75 76 70
82 10 67
12 70 71
33 30 42
27 2 38
24 85 29
39 15 24
27 17 84
31 4 65
46 33 45
26 78 35
7 37 7
19 42 71
77 36 27
24 71 55
5 65 70
73 82 20
76 72 5
20 70 65
8 78 25
8 63 74
38 70 74
56 46 62
31 64 14
80 17 27
2 41 20
24 77 82
47 43 43
36 69 8
48 67 63
71 19 10
37 20 62
27 6 2
22 11 71
66 49 22
28 46 39
26 34 19
74 55 47
12 84 60
85 12 85
51 54 14
43 54 81
50 67 30
53 20 14
23 84 82
45 41 43
36 59 45
67 50 2
25 37 11
31 65 11
35 15 11
74 52 6
44 10 30
32 44 24
72 85 39
34 48 29
1 25 31
46 13 65
17 16 31
21 31 23
68 24 47
48 73 22
29 27 77
56 75 5
42 43 51
34 15 11
68 5 14
81 56 77
2 10 51
85 48 59
24 29 65
14 46 11
14 20 60
61 72 21
35 7 36
18 8 37
22 50 1
20 55 39
44 69 43
63 84 42
77 41 9
69 19 21
2 67 66
55 2 13
47 44 22
5 7 17
56 36 73
56 46 73
20 76 55
24 43 74
52 30 15
34 57 56
68 47 56
60 39 19
43 18 85
6 16 55
78 46 16
82 6 43
26 20 31
18 15 84
79 12 41
54 52 78
80 28 12
12 70 67
53 57 62
40 84 24
20 45 20
48 67 34
79 16 1
47 28 61
73 21 74
62 23 39
60 36 58
73 28 53
17 14 42
21 4 82
20 53 8
83 74 84
71 35 67
32 31 74
30 6 22
72 50 10
35 18 76
46 66 49
70 19 27
34 55 54
43 61 44
67 67 29
2 15 56
66 29 78
72 81 10
50 35 2
70 30 19
25 43 58
29 38 34
73 67 77
71 47 10
30 43 12
10 64 63
14 15 14
30 9 61
85 61 1
36 61 31
61 53 66
19 37 55
79 41 3
17 74 62
28 71 61
14 68 35
24 63 39
74 42 61
25 84 78
64 17 20
60 30 47
67 25 43
30 23 56
74 62 53
29 57 62
52 67 26
8 35 36
74 40 18
5 7 67
77 60 47
24 79 37
26 11 9
33 48 46
48 40 18
25 34 61
23 78 33
36 47 13
15 83 17
47 26 18
71 38 81
33 35 11
67 13 58
51 29 39
69 45 72
73 24 82
63 4 17
80 3 78
55 33 8
74 53 17
62 33 33
8 52 53
16 32 84
60 37 55
1 43 16
65 38 36
51 14 33
50 53 61
11 68 19
66 32 24
61 48 13
7 2 26
35 41 67
77 30 81
63 39 50
27 80 28
60 26 7
57 77 37
33 80 21
60 3 3
65 85 78
63 8 20
26 74 9
26 9 35
29 2 15
45 80 6
14 1 61
8 19 24
40 12 80
72 46 59
40 3 54
16 42 62
12 62 71
41 23 9
9 83 23
22 75 23
84 38 83
73 31 45
68 8 32
80 33 48
5 23 32
23 58 10
75 62 45
3 75 78
23 63 56
54 17 74
16 16 71
55 22 39
2 47 3
55 40 56
81 2 2
60 55 67
4 52 51
39 24 15
24 17 57
76 14 41
62 43 5
8 10 2
32 21 3
32 82 57
17 66 39
21 12 46
83 31 61
65 52 43
70 12 5
65 46 57
50 67 70
38 8 7
33 80 58
10 85 56
83 4 55
74 80 20
22 17 12
82 27 78
39 56 60
16 45 23
64 4 21
3 25 44
39 14 36
18 50 6
34 37 62
40 80 70
16 41 19
10 4 4
62 52 67
82 82 10
54 21 46
74 21 60
2 39 4
50 34 32
35 19 39
36 5 62
50 45 42
41 26 4
12 77 59
60 72 44
46 47 4
11 23 68
48 85 53
26 48 19
72 81 22
73 42 25
64 85 19
53 84 72
63 43 67
18 34 59
50 57 3
83 37 72
33 38 33
62 55 15
1 20 73
10 54 51
35 1 44
55 54 5
63 63 57
6 56 11
83 13 20
8 53 57
56 69 27
69 6 36
56 79 57
37 8 69
63 14 61
32 23 26
34 85 10
60 75 18
25 83 70
55 77 33
43 17 51
84 50 5
22 5 16
10 7 68
40 57 42
57 85 23
8 35 14
12 1 67
64 48 4
66 49 50
38 44 74
75 64 57
67 51 81
22 66 71
25 82 6
23 29 61
69 64 84
68 48 73
82 81 9
14 27 67
50 20 9
66 75 47
60 24 53
15 26 60
70 57 34
8 24 44
53 11 85
61 21 15
39 39 40
77 53 28
2 53 51
60 65 60
60 78 28
79 80 84
36 74 39
64 80 23
60 51 36
51 6 7
9 11 56
75 70 63
30 32 60
39 26 29
20 57 85
57 45 35
4 36 58
80 46 69
32 56 65
29 19 60
81 63 14
8 48 74
18 21 46
29 51 59
57 46 35
73 54 1
81 41 52
15 53 56
55 44 79
65 66 72
65 51 60
13 57 30
61 61 81
5 26 68
5 82 58
53 15 69
13 42 8
59 23 47
64 48 62
65 69 48
65 16 11
48 33 67
22 85 45
49 4 45
29 17 39
61 23 80
5 65 2
14 53 85
38 48 33
44 15 44
21 55 2
49 38 10
43 12 59
61 29 66
71 21 8
47 58 50
80 59 68
66 65 73
67 14 24
31 17 81
72 35 23
11 46 21
40 21 79
52 45 58
69 80 78
47 13 65
76 31 3
18 62 9
81 11 19
28 74 78
67 17 25
72 3 55
79 67 17
72 54 52
78 84 3
34 58 25
36 8 48
72 64 21
67 21 2
37 19 83
27 13 79
17 81 4
56 66 58
70 61 76
62 77 46
20 11 77
40 60 67
76 38 4
1 2 27
62 47 31
74 18 55
11 52 77
27 32 9
25 62 25
42 24 54
16 59 70
39 46 5
50 54 8
53 45 37
67 65 11
46 13 28
85 72 42
75 27 78
52 12 80
74 20 82
16 1 62
20 53 80
24 21 25
81 38 63
75 53 40
83 13 54
27 78 35
27 83 73
39 11 15
47 57 72
78 65 46
33 32 30
12 42 46
46 48 63
65 4 58
75 26 72
48 26 33
69 40 2
79 61 44
19 6 3
58 29 71
16 57 74
53 10 40
44 63 22
56 50 36
33 66 2
31 83 17
79 11 43
15 67 47
69 10 8
44 38 60
19 67 9
13 78 64
29 80 41
61 58 30
53 32 29
60 74 63
33 45 48
44 59 15
50 52 38
1 8 31
84 15 67
72 35 51
35 1 19
44 56 7
2 60 5
65 67 76
62 85 82
56 27 19
75 11 44
32 72 77
61 74 4
21 30 50
21 40 35
66 35 45
65 5 15
38 22 72
41 35 11
33 4 85
5 56 25
33 9 68
7 26 14
72 8 7
68 39 22
47 13 70
85 76 9
81 17 33
11 8 25
39 73 67
67 39 71
49 1 57
76 30 34
3 10 76
26 38 55
46 8 58
36 25 31
51 72 81
31 70 9
37 41 46
41 64 79
46 28 25
5 18 83
10 4 26
74 1 62
25 40 1
83 41 80
29 81 58
74 56 28
83 64 19
2 31 2
36 82 10
50 11 30
42 58 71
27 30 61
30 31 80
9 84 39
43 15 82
39 35 60
38 6 61
84 78 62
33 9 63
68 27 23
66 50 23
80 48 72
51 42 61
30 34 46
8 37 8
20 53 44
36 76 81
73 73 44
77 23 11
80 9 51
25 47 7
37 18 23
9 80 71
36 70 82
47 30 70
82 41 27
49 30 2
57 13 83
57 51 70
52 35 63
34 18 43
53 14 64
56 78 46
5 63 34
27 20 30
3 40 78
40 26 38
58 65 25
71 69 49
46 46 22
39 71 57
9 56 68
77 11 67
57 42 39
49 11 57
26 48 65
22 18 66
12 51 65
59 46 63
20 8 63
2 43 57
81 19 32
58 34 59
33 35 26
40 5 69
68 78 79
74 24 53
61 20 83
59 22 79
24 7 58
60 47 68
71 59 44
45 21 58
31 24 35
39 84 70
44 49 55
37 19 30
42 68 43
1 30 55
40 69 20
64 14 11
28 2 6
18 13 15
73 39 16
37 16 44
84 67 4
46 83 4
61 30 29
20 82 53
21 13 35
29 54 17
76 23 53
21 10 22
63 53 65
32 83 76
36 64 84
2 18 18
3 76 6
61 5 55
32 14 22
30 55 11
13 33 5
20 71 40
57 74 53
63 46 13
72 69 43
18 21 49
34 23 81
67 20 76
5 46 7
20 85 49
77 71 60
12 73 77
73 5 32
37 18 14
73 50 5
71 17 36
35 34 63
26 70 11
41 22 8
81 45 72
72 16 62
24 58 38
11 14 55
69 69 3
68 78 83
76 72 80
60 24 17
41 50 64
66 81 71
76 18 69
83 1 73
10 38 64
77 42 74
20 32 52
79 58 29
33 3 20
66 67 16
50 10 24
77 57 77
78 39 9
52 75 21
4 62 50
81 31 7
55 6 19
65 46 73
72 74 81
61 71 58
48 59 81
12 15 77
24 22 20
55 61 57
20 72 54
69 33 67
67 67 70
67 49 21
58 61 77
63 59 6
30 25 80
4 38 28
72 59 33
25 2 43
16 73 38
10 12 50
40 43 10
55 46 12
75 46 53
74 15 59
37 23 51
13 36 63
34 26 47
78 15 67
78 80 75
30 77 44
69 54 32
42 26 75
14 30 67
74 51 43
64 18 76
71 58 7
57 18 29
4 29 10
65 40 66
12 42 35
84 15 10
50 7 75
73 17 55
44 67 57
43 53 13
50 29 7
66 77 47
25 38 38
26 7 63
63 57 61
48 10 74
25 13 49
7 12 38
39 26 42
34 29 46
40 6 34
61 76 59
81 78 62
67 48 42
61 34 58
45 72 49
18 71 78
38 45 31
82 15 79
36 73 46
38 78 19
47 12 25
20 32 8
28 82 64
19 59 43
59 9 59
39 31 36
56 81 47
14 12 18
27 19 15
38 29 46
63 68 61
19 13 41
60 21 12
41 47 57
79 4 81
72 29 27
30 22 58
76 47 21
27 20 60
36 47 22
12 44 15
74 53 72
25 51 63
68 72 70
82 37 36
7 71 73
13 45 26
7 80 30
85 72 23
6 28 80
54 23 14
35 5 27
57 28 70
37 19 38
68 82 59
43 81 77
71 17 66
35 83 22
77 8 27
27 52 57
27 61 68
84 38 40
63 85 28
81 28 47
75 12 60
9 67 65
62 58 51
9 21 6
63 46 77
68 20 4
51 21 68
12 41 73
67 44 43
23 15 45
57 76 51
67 14 64
20 68 23
21 20 20
79 22 29
13 35 37
15 67 19
12 82 23
14 20 70
18 1 75
54 15 1
56 62 69
82 47 38
7 83 50
25 68 85
38 27 34
81 64 16
80 44 31
12 70 51
33 10 20
76 78 52
41 62 2
43 78 8
4 29 45
31 4 74
65 60 44
38 20 39
74 85 8
70 15 36
57 60 34
21 68 5
44 53 35
6 66 45
72 11 34
53 60 5
10 11 81
43 82 75
58 23 40
28 6 78
42 35 4
8 73 68
77 28 33
18 15 55
83 84 51
30 23 39
73 80 28
82 12 35
21 71 55
47 26 80
2 41 67
64 10 25
56 58 15
85 65 14
15 36 25
34 62 7
82 50 72
65 85 28
7 7 60
54 65 33
19 42 29
22 15 9
59 31 9
54 80 19
5 56 38
54 74 67
55 13 76
18 42 18
31 45 22
77 75 43
30 14 66
21 57 73
1 66 16
10 54 51
54 59 8
35 36 33
10 34 2
2 24 80
78 55 68
78 70 52
47 28 28
9 51 81
54 18 44
44 35 2
30 84 77
29 71 10
10 38 33
25 5 81
19 22 63
10 50 18
17 78 20
63 24 55
1 80 5
63 62 51
43 69 77
40 37 8
23 74 18
68 46 19
5 22 80
26 60 49
31 60 64
62 66 82
5 79 73
19 12 46
53 53 6
34 31 28
76 38 37
53 40 6
6 26 68
80 2 68
53 82 50
66 58 46
14 10 81
46 5 22
29 28 55
81 61 77
38 36 64
27 18 41
58 11 62
51 34 15
11 68 7
48 57 65
67 20 39
49 43 8
1 36 1
73 54 59
5 80 20
8 36 23
29 61 52
52 18 54
40 48 28
82 65 28
35 42 11
24 62 5
36 1 71
81 62 8
55 8 80
25 47 73
60 2 79
19 18 30
36 54 73
54 41 25
12 25 25
68 16 10
9 8 82
48 9 55
12 63 21
73 43 13
28 65 27
12 12 38
51 66 80
61 27 10
2 23 26
84 53 81
47 54 52
61 16 48
22 81 46
50 9 55
58 17 47
60 76 43
23 49 12
22 26 60
71 67 71
47 42 14
57 6 62
53 46 57
9 7 82
30 69 1
35 42 24
18 28 40
38 9 80
44 11 77
35 52 43
3 24 30
29 36 24
70 24 5
42 69 70
34 49 61
7 9 61
6 12 3
80 65 48
45 81 51
69 52 13
15 34 82
53 67 64
2 40 73
39 37 64
85 77 35
15 39 76
7 48 36
70 35 8
83 29 17
6 60 75
7 56 54
82 68 54
22 29 46
82 82 67
71 2 59
13 84 65
46 40 30
83 36 10
13 16 40
73 11 45
37 57 35
40 43 10
13 65 47
24 8 61
36 64 38
34 60 26
48 47 44
63 84 58
74 9 82
57 42 73
69 56 12
76 40 9
44 56 46
10 43 17
72 26 71
9 5 41
85 27 1
40 5 76
4 84 32
71 68 27
20 74 46
56 84 79
80 27 33
10 33 78
17 64 14
36 70 3
82 78 27
5 45 37
65 9 56
38 56 38
38 22 19
5 76 27
3 44 4
22 6 51
1 15 71
66 50 25
29 62 50
85 28 54
12 15 44
47 21 59
25 20 32
37 75 61
51 46 10
57 49 25
20 48 52
55 5 26
57 53 66
83 85 68
77 82 22
40 17 52
52 38 5
31 57 23
53 80 19
85 47 49
40 38 74
81 31 55
15 56 52
6 56 41
7 63 81
14 31 64
64 11 31
2 22 9
63 3 74
51 54 50
71 39 32
17 65 77
43 18 54
40 51 24
62 19 71
18 82 12
83 30 12
46 48 34
46 9 14
33 13 73
49 44 69
51 2 58
54 17 51
55 61 29
62 27 30
48 82 48
34 12 66
49 84 66
46 52 32
63 44 39
40 85 8
47 12 79
35 84 40
65 9 11
75 54 39
47 40 72
46 5 41
49 7 21
5 38 74
64 52 13
34 27 64
56 31 17
85 79 23
15 22 14
9 53 28
82 23 69
47 28 30
3 24 9
9 80 66
63 33 67
38 6 58
8 85 53
68 25 1
10 54 21
13 80 73
18 65 63
61 29 59
73 70 45
48 49 36
4 69 76
30 19 14
74 10 13
69 51 60
82 48 35
24 11 60
19 84 38
72 37 45
71 47 4
73 61 5
33 57 33
43 35 39
67 5 59
32 40 17
12 4 60
71 45 5
42 59 32
53 41 33
70 36 82
25 21 60
35 34 43
70 81 83
43 37 60
48 21 58
35 62 4
13 1 31
73 60 75
7 46 37
28 39 65
53 34 20
1 4 67
77 2 82
17 29 15
56 53 78
21 62 51
48 37 59
24 80 57
17 5 20
18 10 68
65 34 47
83 4 59
78 33 16
72 16 17
83 44 66
65 50 70
60 54 81
8 28 36
7 28 31
79 30 7
32 68 60
42 62 52
6 3 56
81 3 83
29 55 51
21 74 75
67 15 39
7 49 2
48 64 77
57 63 15
77 32 33
80 48 62
8 51 57
69 11 39
66 51 60
43 18 70
15 31 52
8 13 85
7 74 51
43 58 56
42 25 32
46 28 82
67 24 62
76 26 9
49 4 36
68 68 32
52 54 43
82 52 81
61 38 72
29 71 3
69 56 8
79 52 12
21 11 26
49 2 40
32 64 54
80 30 82
71 38 12
75 20 79
73 70 75
4 3 3
83 16 29
14 53 5
77 33 36
73 50 23
46 73 7
32 83 53
25 85 53
20 66 74
28 73 61
28 65 81
19 81 81
35 32 84
8 52 54
16 47 39
10 1 60
37 82 9
34 68 24
16 72 57
36 62 82
69 29 9
51 77 34
26 26 66
66 60 63
83 64 41
44 2 43
57 62 68
29 25 11
6 17 29
68 12 1
20 62 38
25 64 55
12 7 74
7 3 85
75 53 37
41 68 19
32 36 6
81 19 24
34 13 80
65 77 42
32 51 75
57 57 22
36 18 21
56 83 43
73 65 69
60 81 31
68 71 21
80 75 2
22 3 3
8 84 14
16 27 21
72 27 47
34 36 23
12 35 20
83 30 21
29 31 35
76 15 21
73 1 33
46 41 52
66 72 46
52 46 72
27 54 54
24 60 19
1 20 48
80 51 7
48 59 38
63 23 61
43 23 53
85 78 55
73 74 44
76 16 39
81 7 53
55 83 55
45 58 20
35 36 38
75 35 83
22 38 85
26 57 75
21 43 50
34 36 20
51 50 16
74 70 27
8 58 44
30 66 60
46 60 42
13 58 8
1 85 39
72 73 53
69 11 74
69 23 58
81 11 38
8 55 12
44 28 25
30 73 2
32 42 35
16 84 64
35 14 65
64 24 77
12 77 26
81 76 33
60 49 9
12 79 14
71 15 61
11 71 14
27 36 80
79 17 49
6 74 48
3 12 15
43 58 55
49 47 60
24 29 83
5 5 43
42 82 51
5 56 71
65 50 35
61 56 38
53 2 24
11 3 75
46 66 16
5 61 35
45 65 48
23 74 7
2 10 45
42 84 33
45 26 51
12 11 52
77 64 32
43 18 60
72 83 68
2 64 7
27 10 45
63 74 46
71 47 8
42 23 27
8 11 83
36 77 54
10 60 7
12 61 11
41 11 58
48 23 41
70 38 74
73 73 52
46 78 43
37 76 36
62 3 11
34 43 68
82 5 19
83 28 59
5 83 38
29 42 74
45 46 15
24 74 13
44 11 41
3 75 68
71 59 44
42 70 49
28 38 12
68 78 47
6 34 65
50 32 23
48 60 25
24 8 57
17 78 58
24 14 69
49 40 2
65 75 69
81 74 77
82 50 32
67 47 76
15 44 35
81 27 36
61 82 44
22 49 70
80 12 67
31 69 33
57 16 23
82 9 61
52 60 59
39 3 65
81 15 31
38 35 69
81 80 32
78 2 69
12 59 53
2 68 52
79 76 21
25 76 43
41 55 18
57 30 34
44 13 52
44 37 47
8 22 80
77 83 57
30 41 47
67 47 56
26 3 61
79 80 85
63 83 7
64 37 36
14 28 70
7 60 71
21 14 54
76 13 30
31 32 76
59 62 80
18 38 58
78 69 6
65 78 26
21 57 1
12 53 47
27 1 76
25 11 44
29 47 43
3 26 65
47 4 59
23 82 31
28 13 74
26 51 34
70 69 63
18 30 63
47 75 40
21 18 54
54 16 71
3 65 32
85 34 8
39 72 27
85 33 20
35 37 75
37 75 5
19 34 83
35 83 50
3 49 82
36 45 37
45 51 35
29 64 60
68 65 80
85 52 68
25 78 48
64 25 43
11 54 70
15 29 66
73 7 12
36 59 9
60 27 69
55 72 32
7 57 41
8 10 82
60 15 83
59 85 11
41 45 5
6 44 68
17 38 68
23 60 55
64 57 23
19 12 79
51 25 11
3 4 4
21 63 2
33 58 85
33 10 68
11 45 57
83 80 74
61 34 59
7 73 67
74 72 81
27 15 56
2 44 61
17 49 49
18 68 50
49 59 12
58 85 29
26 32 54
84 84 61
67 79 85
48 80 49
66 52 8
30 66 51
62 81 51
67 66 62
20 35 63
47 64 63
29 77 71
74 68 10
32 52 65
62 46 10
43 71 43
19 44 84
35 7 54
53 4 64
34 32 1
17 79 15
79 60 64
78 55 67
84 80 46
12 8 71
59 6 38
20 60 58
21 31 30
8 6 73
64 56 12
67 82 70
16 24 38
6 14 19
51 18 2
28 30 11
36 71 78
52 35 81
51 71 30
46 47 15
60 38 63
44 79 8
78 5 80
20 20 71
4 29 27
13 57 31
43 65 82
48 67 58
60 4 15
72 5 19
14 78 53
18 10 42
33 78 17
2 85 44
28 45 48
28 83 68
60 74 16
35 9 45
16 54 4
54 60 42
20 2 72
20 57 75
3 39 61
49 32 15
31 69 44
15 51 85
56 25 77
26 62 54
39 52 51
9 53 26
49 13 27
67 46 14
50 75 14
82 42 42
76 59 69
37 62 19
18 77 42
66 66 50
75 5 59
30 70 7
20 82 15
15 78 67
62 71 68
70 31 55
14 39 7
78 26 9
18 20 6
59 29 23
60 23 42
22 70 41
3 8 80
39 12 80
73 68 27
68 5 81
27 60 27
11 7 78
74 78 48
56 19 51
48 9 52
72 67 77
23 16 42
3 85 17
54 80 73
37 34 72
71 61 28
15 14 28
7 8 49
54 3 81
67 43 1
16 24 73
29 15 7
20 69 84
48 27 42
4 65 59
43 74 8
28 76 8
49 20 35
66 72 3
62 83 78
49 69 7
11 8 85
80 52 59
63 7 25
51 47 21
10 26 62
11 40 57
51 9 75
19 38 40
3 57 74
60 48 57
54 61 34
78 22 53
34 58 12
45 7 11
84 25 35
36 13 32
85 16 43
56 1 42
25 68 11
68 40 42
36 73 66
44 24 45
28 72 13
78 59 65
54 26 77
3 77 70
83 52 8
18 41 55
70 17 19
79 73 41
80 61 78
30 22 49
60 73 17
8 14 43
64 8 16
45 13 22
62 51 48
2 63 80
29 31 64
49 26 4
58 37 6
38 52 61
57 66 43
12 66 21
71 65 45
73 41 10
27 17 24
39 39 33
52 23 20
41 41 31
38 15 35
75 18 76
28 15 75
61 30 15
10 43 55
4 78 14
37 83 2
84 73 54
32 15 29
32 33 10
51 65 1
2 62 79
19 15 68
5 78 17
68 17 71
24 69 37
13 10 13
39 40 57
28 23 7
47 30 80
54 66 50
72 68 42
41 23 63
85 21 34
53 2 12
1 75 64
68 79 16
34 51 44
40 54 39
71 60 36
10 31 47
15 40 76
10 46 33
3 22 77
43 37 71
14 14 10
84 76 24
63 35 61
66 60 58
15 48 34
3 23 30
52 85 36
15 54 47
46 79 83
45 85 80
16 13 15
19 59 37
60 47 59
18 66 18
74 23 16
45 16 5
7 8 23
13 23 3
66 62 21
80 73 77
53 73 36
51 3 53
47 59 65
51 9 46
31 15 35
74 52 1
20 40 46
2 75 46
56 50 53
21 4 23
20 10 83
58 69 5
23 16 11
67 39 78
54 29 63
74 38 5
75 52 68
82 79 10
45 42 68
8 79 23
5 59 42
67 17 73
38 81 9
78 68 3
72 61 58
22 39 44
22 31 46
5 23 53
17 69 51
27 51 19
5 22 59
2 13 76
3 42 48
4 72 33
54 20 57
41 52 74
21 62 51
39 39 32
42 82 45
52 71 59
66 8 69
38 28 44
84 5 30
77 82 43
77 27 7
85 25 54
27 80 47
29 12 34
27 29 26
45 25 32
11 61 73
69 67 8
72 43 59
12 42 66
69 16 40
70 77 4
62 5 83
36 63 84
24 58 23
39 26 7
8 6 28
54 3 49
50 47 38
46 80 10
70 75 79
40 11 13
22 57 8
24 78 55
85 74 53
17 65 37
46 30 63
65 39 15
69 72 51
19 23 47
30 23 62
56 12 34
3 62 24
28 68 5
7 14 65
10 21 26
39 23 41
26 63 50
70 78 34
36 15 20
52 48 18
70 77 50
66 71 16
48 85 33
39 58 55
33 82 45
5 9 77
38 51 31
78 51 60
29 2 38
45 46 1
19 61 62
54 8 40
56 34 16
46 55 53
20 24 56
31 85 11
64 22 29
83 50 41
46 85 13
56 14 37
82 68 29
65 72 51
65 43 47
37 20 77
26 72 10
29 2 68
77 32 5
24 35 54
76 51 3
7 72 51
4 66 79
5 6 48
25 15 25
25 45 30
70 34 3
70 31 5
20 27 74
5 55 55
34 66 29
54 53 76
44 33 25
26 51 58
84 33 44
79 82 18
22 34 45
57 10 80
73 31 48
26 47 1
12 24 17
27 22 12
80 14 55
38 28 69
70 52 43
51 27 84
80 82 64
65 78 83
56 60 10
74 56 28
80 32 16
43 77 78
28 39 24
54 12 78
43 37 69
67 66 78
16 12 61
33 7 27
7 2 80
33 48 8
16 32 29
46 18 6
58 29 12
62 10 71
58 61 7
63 56 1
59 36 28
52 21 2
58 1 69
48 9 47
50 78 70
41 6 18
54 48 9
47 84 54
3 46 6
38 11 32
44 70 68
65 66 83
62 17 67
2 69 85
85 74 35
32 37 62
85 13 31
66 50 68
41 68 11
61 16 41
42 3 65
78 67 5
54 74 80
48 84 28
24 60 57
78 79 31
40 49 60
1 31 35
57 63 50
30 78 31
66 16 30
44 74 76
52 5 60
10 64 13
31 49 36
31 69 18
46 64 57
80 48 33
29 65 60
29 26 56
60 41 30
58 79 9
37 18 14
28 62 56
74 5 71
12 58 31
80 50 82
20 16 6
9 83 84
13 62 5
2 57 82
32 14 23
34 79 33
5 20 83
13 69 42
26 69 16
46 74 55
28 9 33
32 21 53
44 60 10
54 20 44
57 45 44
63 85 76
63 45 23
49 23 8
22 15 7
3 12 35
12 19 8
78 20 56
60 36 2
33 10 19
34 82 24
76 25 9
43 4 57
26 61 80
54 48 73
37 3 64
72 23 51
35 65 19
61 7 43
43 17 12
24 80 16
42 34 17
79 39 20
72 10 71
30 51 55
40 61 76
19 22 14
42 23 64
36 29 45
44 37 27
17 48 81
70 19 22
16 8 83
77 13 62
6 15 67
79 15 46
18 77 76
16 34 6
29 31 62
43 82 49
80 39 1
49 59 29
24 70 28
62 30 12
27 6 8
41 55 73
82 68 5
45 49 16
46 48 35
1 85 77
24 17 42
45 82 82
39 58 31
48 3 3
30 73 41
5 42 22
25 67 36
39 57 21
30 39 74
9 67 52
78 20 49
47 64 33
33 20 31
13 41 32
55 26 73
11 49 69
57 57 73
63 60 78
27 48 74
14 82 35
47 43 14
7 79 43
64 77 6
59 16 59
3 14 35
28 38 51
57 18 41
1 21 11
4 20 7
63 3 3
32 45 42
65 76 52
1 36 42
70 31 49
54 81 21
79 34 59
41 58 38
22 54 6
58 75 20
83 77 28
61 5 78
2 66 66
33 60 19
62 74 29
51 56 36
8 59 76
39 62 74
31 31 77
50 58 63
11 59 19
71 48 75
23 26 3
66 10 23
52 60 38
68 12 84
75 83 71
46 28 17
7 78 27
68 68 29
32 73 79
43 1 45
15 85 14
57 39 22
66 73 11
23 28 47
67 32 35
35 80 27
78 69 85
37 64 27
22 33 71
2 8 58
12 11 28
2 51 29
25 64 24
85 14 78
23 70 54
13 61 64
26 51 57
5 79 46
1 81 13
31 55 37
41 54 60
45 68 55
83 34 33
15 44 16
54 11 64
12 85 25
49 16 44
53 21 80
58 16 29
18 31 84
51 55 14
19 44 66
10 36 22
72 11 55
74 57 31
68 45 40
84 75 73
18 81 38
10 18 53
56 80 82
23 44 48
36 65 6
16 82 38
14 25 7
38 79 62
37 51 27
32 76 52
37 53 60
73 29 12
57 20 51
4 79 77
41 50 31
16 34 22
84 34 32
50 15 14
30 75 74
20 23 63
25 83 46
1 57 3
44 38 42
83 42 42
11 4 55
14 36 33
61 24 18
46 46 38
84 83 38
85 72 75
65 82 46
78 38 72
68 42 55
51 9 64
39 61 80
42 67 81
14 11 39
52 35 63
46 25 53
9 29 50
10 58 53
5 21 70
75 13 8
26 48 80
77 42 65
10 21 14
68 21 39
59 73 81
47 81 38
60 61 16
60 12 59
31 14 69
11 68 19
43 73 83
14 58 53
42 2 15
48 64 48
11 68 24
83 53 82
27 27 62
1 4 48
61 24 51
25 17 79
15 31 61
47 54 34
52 10 58
5 7 67
19 16 34
75 76 46
55 64 77
67 60 58
77 26 18
59 35 73
61 28 59
77 28 45
83 85 84
4 61 4
9 28 40
7 3 80
76 63 67
76 76 32
75 24 21
66 58 22
29 59 64
32 76 46
8 41 82
56 69 9
20 12 53
11 27 77
61 55 14
81 47 14
78 79 70
79 22 34
51 45 33
19 22 77
35 48 82
52 23 51
26 43 21
12 83 41
64 78 68
22 83 26
85 24 54
4 39 12
2 77 3
63 65 80
74 27 40
29 12 1
77 41 10
57 10 32
66 81 42
42 72 16
31 12 83
44 58 80
70 74 34
67 43 15
25 25 32
22 35 64
16 57 3
10 42 30
16 85 64
81 50 3
23 43 4
85 26 34
9 54 32
7 7 84
44 13 62
40 72 38
45 29 67
29 24 6
51 78 43
6 40 23
9 57 76
49 4 55
56 8 54
27 9 64
22 18 19
45 5 29
24 11 6
28 3 36
2 62 22
41 46 40
81 82 19
81 4 29
60 11 23
37 3 82
30 67 4
15 40 34
48 32 37
42 64 46
49 61 47
3 45 11
5 54 80
79 75 42
85 85 20
36 4 62
48 66 3
6 3 48
67 56 32
33 54 15
30 83 46
14 58 17
19 37 39
31 59 25
82 62 85
43 34 63
11 52 82
53 85 53
33 67 70
49 6 38
33 31 62
28 61 50
37 58 75
28 21 22
45 17 25
2 46 43
78 16 57
71 75 66
65 14 3
58 64 75
30 78 23
43 24 55
36 67 60
74 31 37
11 67 37
8 9 75
68 85 34
37 63 57
54 47 30
33 36 79
32 36 81
60 80 1
33 80 42
47 3 75
68 73 37
33 41 15
72 3 31
38 1 29
4 23 19
52 54 14
63 42 34
52 82 45
1 72 76
24 68 64
16 2 20
59 85 19
33 43 83
10 46 42
78 16 38
57 41 18
78 63 60
74 76 64
29 21 44
57 27 26
51 49 51
78 80 16
61 76 42
22 65 79
78 67 22
42 56 32
33 82 29
44 40 44
80 46 24
7 36 82
74 32 5
79 68 85
55 24 43
85 59 46
26 48 71
7 28 54
78 79 20
15 50 34
59 65 81
37 81 29
24 42 25
47 12 75
49 35 51
65 14 80
50 77 82
84 12 84
16 60 58
35 70 41
47 11 20
27 49 32
79 7 83
18 9 26
30 55 61
55 17 80
55 67 50
38 14 36
56 81 70
24 33 60
62 72 34
3 36 68
47 23 78
68 14 25
56 68 2
85 33 58
3 69 81
12 68 80
85 65 54
20 51 42
23 1 3
72 17 34
24 3 36
52 75 17
78 76 52
10 2 75
77 44 46
51 38 50
68 49 62
78 85 21
8 10 13
28 78 17
38 67 56
41 68 75
24 80 14
8 65 84
31 57 18
50 55 11
37 68 66
54 73 35
50 41 80
58 3 61
5 74 63
54 57 41
61 63 55
62 69 51
17 76 43
9 74 68
49 17 42
11 76 56
60 27 1
51 9 65
31 67 10
8 13 11
44 25 4
80 53 84
16 52 14
29 74 61
27 82 81
68 84 58
5 38 78
33 14 41
35 18 4
61 30 79
18 49 40
79 15 9
31 57 25
71 59 72
75 13 60
27 61 71
26 17 57
83 55 51
73 67 39
19 36 29
39 77 62
17 62 48
46 21 35
29 60 34
50 7 5
39 83 60
69 39 67
69 50 76
66 4 18
25 58 58
68 3 12
29 57 75
43 6 60
40 75 67
34 59 33
43 81 36
40 64 85
65 47 58
24 11 85
70 80 20
4 34 78
63 9 54
53 23 70
7 54 68
28 79 20
67 67 21
4 35 29
75 15 18
8 8 53
74 57 16
29 30 63
7 62 48
62 34 17
64 47 80
66 54 5
74 32 73
57 79 72
40 56 72
72 84 37
27 43 44
3 29 46
80 69 62
71 18 37
33 40 66
14 62 30
73 69 52
36 53 57
59 41 40
44 57 74
38 21 32
69 4 19
50 83 50
61 9 50
49 38 13
77 83 41
33 24 21
77 55 66
80 40 53
22 4 74
27 78 66
44 20 67
10 5 35
73 27 1
9 50 23
34 81 80
18 13 28
60 24 19
69 74 71
10 49 48
68 83 63
37 9 59
45 75 82
68 17 35
60 46 22
62 56 50
81 57 24
60 4 62
75 21 83
7 39 22
8 68 15
62 51 84
66 77 41
47 45 3
28 46 70
36 40 30
69 11 40
62 24 36
28 46 67
7 32 69
11 31 33
34 40 46
53 1 43
42 32 58
79 26 59
52 65 6
60 68 1
44 83 71
51 57 22
23 53 8
4 42 14
46 15 44
20 31 70
45 58 32
59 64 56
12 30 65
6 63 36
64 24 56
61 19 25
30 43 69
40 78 20
39 71 25
12 5 11
77 31 51
56 51 61
13 67 17
41 63 70
18 40 55
64 26 69
1 31 62
56 75 19
32 3 64
34 75 25
32 45 57
21 77 12
16 26 58
85 78 2
6 41 58
64 83 1
3 56 28
32 28 19
78 29 13
75 48 62
18 76 25
74 61 32
55 4 12
72 30 34
41 57 55
49 70 60
81 42 40
39 5 60
69 67 19
49 19 22
42 25 67
30 68 10
52 30 43
32 80 59
81 77 31
17 31 40
20 67 23
15 44 73
48 2 11
77 56 77
68 34 12
38 53 79
44 69 54
64 56 61
30 7 66
65 77 70
60 59 5
49 36 25
9 13 76
61 54 68
11 29 61
65 26 41
84 52 79
36 54 28
63 31 73
54 61 12
83 45 22
82 18 72
33 12 5
6 27 61
78 62 85
21 48 25
17 17 27
51 23 51
40 84 79
83 49 45
25 35 83
4 18 84
70 59 84
36 54 8
63 66 74
33 57 62
56 29 57
7 11 5
68 78 55
26 32 2
10 82 19
67 66 63
8 71 4
4 24 23
74 34 8
48 78 19
16 43 21
34 66 23
39 9 73
25 31 71
65 49 53
53 50 44
64 9 41
85 72 84
39 36 5
22 42 58
8 29 79
78 46 39
25 61 19
36 55 30
37 32 78
20 22 63
22 10 66
23 43 57
16 64 6
57 39 27
51 75 15
45 82 25
83 66 49
42 23 35
8 41 56
65 81 2
17 57 59
70 54 63
19 43 72
77 73 14
36 42 50
29 17 54
63 50 18
53 59 65
64 68 70
70 68 46
60 23 3
33 76 4
53 46 65
47 23 74
32 35 20
57 23 52
46 64 83
32 45 13
70 29 10
10 81 36
81 6 60
11 52 18
61 84 31
84 71 40
84 48 46
43 29 79
7 8 58
66 25 36
54 12 27
59 35 62
72 75 56
41 48 41
30 83 73
73 52 13
22 66 38
80 12 48
75 1 79
2 16 36
28 11 6
53 43 55
72 57 50
44 16 54
85 11 1
72 83 25
49 80 24
53 56 56
4 44 28
40 37 26
60 37 52
72 30 23
23 7 38
73 70 58
32 15 56
48 79 75
60 19 47
27 32 77
39 53 42
44 2 19
14 35 50
5 60 40
50 82 46
42 85 58
64 10 71
81 70 42
64 11 11
55 53 44
6 69 56
67 18 77
31 81 38
66 46 42
77 25 61
55 85 33
66 30 51
11 84 53
62 84 53
48 60 16
39 64 48
38 85 24
82 83 68
6 55 39
21 35 43
42 10 59
14 79 33
68 31 42
54 72 3
10 54 18
19 57 56
81 63 30
35 82 41
30 63 49
18 6 31
29 29 36
31 40 30
70 61 61
42 38 70
81 45 40
72 50 41
31 18 16
11 69 37
40 13 19
43 60 48
50 47 84
40 72 84
59 46 79
34 24 82
66 53 4
82 82 76
39 58 65
64 56 17
54 62 2
79 23 32
73 46 50
31 45 23
84 75 36
83 50 71
40 59 46
10 18 75
31 50 69
64 59 16
25 1 56
30 71 35
21 68 63
72 79 64
36 53 44
73 22 71
55 50 26
22 35 59
64 32 55
78 81 37
69 38 74
40 36 34
84 28 41
80 20 13
51 74 85
26 44 71
34 76 64
68 42 21
50 30 72
36 17 79
71 46 56
60 51 16
51 67 50
1 23 1
73 38 6
83 13 70
57 10 60
83 72 5
83 35 78
40 36 56
41 17 19
61 27 20
43 28 77
63 27 35
81 44 71
80 1 71
61 80 80
29 31 83
84 45 33
17 77 31
31 42 40
15 14 38
74 37 74
55 37 15
60 55 72
42 5 62
35 35 77
21 24 68
74 31 60
13 15 37
19 32 80
7 52 56
48 64 77
82 34 18
21 28 75
1 84 32
67 82 18
30 31 49
4 39 20
5 16 67
49 2 68
62 10 7
85 40 18
72 10 41
27 78 29
17 49 56
74 53 84
5 61 50
21 30 50
38 45 65
10 34 51
31 54 17
78 52 77
30 8 30
2 34 80
63 76 27
53 15 29
74 16 28
32 76 6
25 74 71
37 33 82
25 17 75
56 71 50
13 56 10
27 49 25
64 72 70
55 68 65
44 70 6
6 7 65
17 25 36
13 48 17
28 39 72
10 84 75
31 1 82
76 85 47
2 34 15
73 24 36
28 29 15
4 80 83
13 84 80
65 55 30
67 76 61
1 81 23
80 14 37
27 41 20
53 11 44
79 28 61
70 23 24
11 67 4
83 13 57
18 48 78
55 7 20
2 68 79
33 65 3
6 7 38
47 23 18
39 24 84
55 44 72
60 18 51
11 80 15
76 47 37
76 36 47
36 82 2
2 42 48
15 1 3
20 27 85
25 59 43
19 35 41
4 37 21
77 14 24
58 64 12
73 71 45
28 67 2
53 7 22
61 22 64
2 36 75
79 11 66
55 59 54
63 56 45
82 66 29
70 72 8
72 14 61
10 20 85
39 70 73
44 53 76
83 31 65
65 66 27
73 81 12
57 29 75
29 9 82
71 31 63
41 46 35
20 17 84
76 49 20
32 25 8
51 63 23
36 36 39
78 38 74
8 76 22
80 57 65
70 12 2
25 42 41
46 61 24
83 63 23
66 84 11
42 55 40
51 27 28
69 13 54
74 57 21
2 80 4
20 72 4
4 23 68
36 2 69
43 50 65
26 49 72
57 56 31
3 46 16
84 29 17
19 54 32
36 76 6
1 20 61
54 62 16
75 80 47
60 38 13
31 3 21
27 43 27
78 12 20
66 22 21
21 76 56
22 34 54
34 28 51
5 6 56
12 60 64
20 6 64
35 65 65
31 84 18
50 79 34
18 48 29
11 47 50
2 62 29
75 69 46
81 43 28
33 31 41
13 38 15
83 16 34
8 68 7
19 46 32
33 66 55
52 42 21
47 79 81
54 6 33
36 27 70
79 63 69
57 68 49
80 83 62
24 54 12
79 12 23
52 29 29
29 32 32
10 20 46
7 48 77
60 74 74
56 10 47
53 38 48
38 54 75
54 32 48
7 47 47
5 75 39
52 75 10
73 6 31
63 78 20
26 82 62
26 47 55
32 1 83
85 50 10
38 4 47
20 37 85
48 66 17
28 5 38
25 43 85
46 49 22
28 2 40
17 38 6
44 79 20
11 80 10
44 54 81
51 71 32
27 20 84
47 70 22
33 41 40
69 38 19
26 81 16
75 28 8
12 64 85
29 39 45
42 32 54
53 79 15
13 46 25
52 72 59
82 37 37
57 35 81
1 2 32
38 67 12
66 29 30
83 2 49
72 5 81
48 70 35
46 43 67
29 29 63
11 55 20
50 80 13
10 43 39
84 62 56
25 39 20
12 80 52
14 10 66
51 9 10
45 76 22
19 79 77
7 26 26
59 29 40
50 11 31
68 40 14
57 58 42
69 69 34
25 76 1
31 14 41
67 34 78
43 33 32
77 35 10
2 5 8
69 65 5
40 39 7
70 21 1
16 82 65
70 4 36
77 41 22
1 15 29
38 45 13
7 19 83
66 74 67
22 56 73
30 59 15
68 69 51
27 31 15
70 2 8
9 74 26
17 14 45
46 72 39
58 30 34
68 13 83
32 20 7
64 62 44
28 81 70
84 59 27
2 75 9
73 19 15
74 4 71
74 74 35
71 10 32
34 38 22
17 23 68
3 28 39
79 72 12
54 74 63
35 38 36
31 44 66
84 54 25
12 63 21
18 81 25
52 12 16
19 46 25
65 76 63
80 9 14
77 82 78
68 56 3
34 22 23
2 7 81
18 73 78
18 16 35
23 77 71
47 59 7
44 5 23
47 71 18
13 80 53
64 17 54
75 65 26
50 54 27
84 27 27
5 25 74
41 6 11
62 54 67
37 13 50
82 9 57
84 82 42
57 76 71
69 7 46
15 39 18
20 35 21
59 74 13
23 72 78
18 29 56
9 32 46
34 51 82
57 8 8
21 84 23
73 35 84
35 29 26
4 10 79
2 2 1
57 1 82
71 43 57
40 84 60
20 27 14
16 25 41
13 62 78
49 65 25
41 39 16
84 48 78
25 36 55
27 66 46
29 46 78
80 29 27
80 52 37
17 60 66
52 76 62
52 43 28
47 12 25
37 74 9
51 41 33
16 75 5
79 40 71
12 38 37
58 84 78
11 67 85
11 73 61
41 71 28
52 20 8
32 21 2
50 75 12
53 71 78
12 39 81
8 75 84
4 38 68
45 50 54
83 73 68
27 39 17
6 47 59
30 82 12
36 64 9
29 38 7
1 42 68
34 67 56
68 32 77
36 66 8
17 28 35
8 25 85
63 84 23
41 60 80
84 19 10
83 2 31
78 54 77
62 24 72
15 48 76
75 46 39
57 26 30
79 6 31
47 35 35
38 10 80
71 27 72
78 16 66
51 55 3
6 34 6
16 64 11
22 25 67
50 77 43
13 74 44
71 74 43
61 50 52
58 79 20
65 10 24
36 53 26
3 52 2
69 43 84
23 56 83
66 36 12
68 27 51
24 49 21
43 22 67
41 83 37
7 63 78
21 13 21
48 27 62
29 71 14
45 12 61
25 27 77
78 22 22
69 70 70
70 51 60
9 84 52
76 49 31
15 37 63
30 59 6
58 54 78
49 56 41
25 19 20
29 43 65
81 84 43
85 71 1
41 26 42
54 75 78
53 64 3
42 34 55
29 15 41
72 74 13
49 61 19
31 51 71
1 31 82
4 84 2
12 77 84
57 72 34
26 6 26
45 41 59
53 25 83
60 6 21
59 55 4
77 2 73
54 32 3
20 66 1
38 50 21
67 2 80
65 31 8
60 83 69
69 75 71
84 13 70
3 54 82
54 76 49
62 59 53
15 35 26
70 42 7
39 25 11
19 22 70
