10000
78 49 81
49 42 33
68 60 14
72 35 66
22 18 19
9 24 50
39 76 25
44 2 43
12 83 28
59 63 6
61 73 57
81 30 62
10 63 53
57 32 12
44 42 63
16 65 47
46 35 43
62 43 58
37 50 71
33 54 61
35 11 60
46 46 31
16 20 85
26 39 46
34 54 83
2 1 55
1 81 69
2 39 82
72 13 11
49 87 82
14 83 43
63 82 3
76 52 49
23 33 85
56 58 61
56 8 38
6 52 11
54 67 61
39 66 52
61 57 60
42 37 72
22 45 30
72 36 81
76 52 54
28 79 66
49 84 73
39 23 80
18 17 51
32 17 34
36 46 48
1 72 87
39 45 79
22 48 55
72 9 85
45 23 30
20 27 54
81 4 80
63 54 65
8 37 52
86 21 83
16 79 13
16 71 18
39 35 2
15 18 67
40 35 48
34 56 63
70 61 3
6 18 72
82 49 1
14 33 61
32 48 42
70 57 42
74 32 55
52 79 83
3 41 44
52 63 75
77 19 83
10 85 32
21 17 70
64 2 20
78 2 57
74 31 4
38 14 40
48 56 80
18 71 25
62 5 41
80 27 6
53 2 44
59 86 84
53 27 62
73 63 57
49 23 86
82 75 62
24 11 18
44 39 14
48 59 51
29 87 86
83 67 84
79 6 64
35 24 56
53 60 24
70 38 82
72 61 24
59 40 23
63 15 66
66 55 49
42 84 2
39 58 21
64 42 24
85 81 36
29 62 76
8 83 84
40 78 75
16 57 78
39 47 30
32 72 64
9 49 84
70 49 48
70 36 58
84 67 49
84 82 65
36 13 21
10 37 20
76 52 10
4 39 30
70 69 7
18 23 56
82 87 14
86 60 52
79 46 11
37 21 62
41 52 29
11 58 66
61 33 75
58 35 83
50 56 74
63 30 64
67 49 12
75 78 43
9 45 13
12 70 77
77 3 63
67 1 74
67 4 71
39 55 7
38 31 22
82 24 9
74 44 70
37 25 50
63 60 85
56 5 57
39 48 54
41 82 86
33 52 31
64 60 5
16 38 68
74 4 79
77 77 1
25 34 71
82 24 84
53 72 36
81 84 30
34 82 73
13 4 46
9 78 18
86 57 13
38 73 47
57 58 16
60 2 44
80 86 26
43 34 61
75 63 71
9 24 76
85 80 10
76 63 57
15 59 39
16 26 66
55 84 30
70 29 56
52 48 51
71 84 31
18 17 51
41 80 18
28 85 24
68 34 67
29 85 43
20 12 63
84 26 48
76 32 9
9 56 8
44 8 38
60 36 57
1 64 7
44 76 17
41 20 81
67 58 54
8 36 75
74 82 41
81 46 64
13 71 55
20 13 29
86 76 57
55 56 50
67 49 68
24 74 87
28 44 67
52 9 75
47 46 64
69 54 39
41 8 27
6 17 31
40 27 33
32 32 29
62 50 14
77 48 28
33 34 62
82 74 49
76 55 16
1 14 60
4 33 84
10 26 7
32 48 12
83 42 14
55 59 64
17 82 68
75 31 65
84 78 14
86 86 32
85 83 49
29 85 70
3 51 51
15 58 15
71 16 48
66 29 26
48 4 65
83 70 34
11 69 83
60 57 44
78 18 74
54 8 76
17 48 61
34 64 10
76 12 36
51 3 21
87 9 36
45 38 56
20 20 29
31 66 50
44 81 34
14 63 49
65 12 40
61 33 58
87 7 79
61 52 37
40 57 3
55 7 4
51 23 18
60 32 29
72 75 4
42 76 67
82 24 62
72 50 9
34 83 47
47 7 70
49 18 73
2 22 48
62 60 81
44 52 38
9 53 73
25 54 8
29 29 64
65 67 15
65 10 62
19 61 38
25 74 62
65 80 56
53 68 23
16 82 18
86 56 15
59 58 44
81 17 57
65 43 51
65 22 41
87 61 71
40 3 15
3 38 30
40 2 46
87 72 5
11 20 39
28 50 48
75 58 23
1 6 13
87 2 67
86 68 68
63 51 51
26 68 11
45 18 17
73 35 14
37 27 21
11 26 80
48 46 72
23 53 2
39 35 57
20 14 50
28 43 17
59 12 28
67 76 15
3 63 51
24 17 78
2 5 71
26 7 25
47 26 84
15 82 30
36 37 13
17 69 76
81 3 79
38 64 42
4 31 42
2 23 72
28 51 1
17 66 35
81 37 12
49 40 83
74 35 31
13 86 77
7 50 48
66 83 32
80 18 15
28 24 42
19 2 4
58 38 35
12 22 73
5 33 23
68 22 11
47 43 52
13 83 48
44 3 46
57 26 81
65 26 6
18 4 66
11 26 82
18 65 71
38 83 2
59 73 11
14 5 66
3 11 18
52 54 80
40 54 67
52 21 1
27 40 68
17 44 51
24 19 77
2 41 30
68 54 15
14 82 59
44 6 19
16 12 40
29 11 63
59 51 85
47 12 59
57 51 34
5 42 2
87 48 19
59 82 51
69 81 5
68 63 39
42 29 55
2 67 25
49 25 56
87 84 74
32 2 41
5 17 3
34 49 27
52 19 86
46 52 79
48 57 8
70 10 86
40 10 53
33 27 30
31 53 33
16 69 2
46 68 22
38 46 59
22 9 35
26 68 26
29 56 53
9 76 54
54 11 73
17 76 81
25 18 79
15 3 86
72 28 21
30 25 14
58 33 26
36 31 72
55 2 63
75 32 38
14 72 59
80 73 77
41 86 56
76 51 21
51 6 14
39 68 23
38 62 49
66 42 21
3 79 72
36 2 58
74 50 35
76 57 39
18 86 65
14 7 74
73 45 37
22 58 6
83 76 21
50 51 20
53 67 52
16 85 66
87 8 69
85 52 82
6 47 75
71 56 50
73 28 84
75 82 34
8 29 29
79 29 79
32 64 79
36 24 21
74 43 61
69 27 5
41 4 76
83 43 57
64 87 60
48 14 61
4 75 29
2 77 79
85 60 45
62 35 31
36 26 54
78 52 74
38 59 56
49 65 63
25 1 43
84 69 19
55 67 63
28 75 64
11 24 27
82 30 78
51 31 15
71 38 39
11 45 21
47 23 18
59 80 48
63 25 40
55 79 41
36 69 87
32 49 79
31 72 82
14 75 31
61 21 85
72 12 26
15 44 69
69 42 29
64 60 3
72 18 47
72 20 39
39 83 59
46 50 30
11 13 70
55 3 78
20 84 11
57 2 49
31 16 71
59 78 44
44 57 29
8 59 3
85 77 34
53 67 58
8 51 28
29 10 21
69 48 73
41 36 61
2 35 86
33 82 15
39 39 12
40 77 22
48 13 52
19 45 31
12 14 61
23 9 39
51 29 49
43 43 1
77 31 42
27 67 74
84 80 8
34 18 57
74 9 86
42 46 47
32 24 2
7 14 50
86 41 21
69 37 49
74 26 73
42 86 10
1 9 14
57 53 48
38 33 68
38 48 69
71 43 9
32 40 7
17 76 36
12 27 58
5 52 85
21 32 63
29 37 34
35 68 83
30 1 17
14 80 75
46 54 55
60 39 84
38 30 85
87 12 11
68 30 84
63 76 83
15 6 2
4 44 67
78 78 65
35 41 48
25 39 58
85 85 49
58 79 85
21 81 25
74 73 24
55 21 24
62 48 44
20 75 75
48 49 72
35 45 81
82 40 74
36 78 19
16 33 26
85 20 81
82 2 28
7 3 46
61 20 51
66 72 3
37 3 13
84 73 83
59 14 30
27 86 30
5 1 47
37 57 45
60 7 40
10 9 36
13 43 7
28 69 39
60 36 43
73 6 34
29 72 45
2 43 51
84 73 81
58 3 61
3 37 39
31 38 71
40 9 80
38 29 46
58 77 81
3 40 63
8 64 83
64 85 34
51 58 31
75 25 37
49 23 30
40 72 11
10 7 13
9 78 56
6 60 60
77 33 59
59 84 40
58 26 73
50 85 21
63 69 80
11 85 40
75 54 62
74 30 1
78 3 35
24 19 22
3 43 1
73 55 66
55 14 59
70 19 70
11 40 50
35 9 34
15 20 67
21 78 68
34 8 73
77 26 5
73 15 9
32 21 66
50 50 2
74 84 73
17 18 56
81 79 40
44 76 69
38 83 20
52 24 32
6 65 86
34 79 43
34 30 53
85 31 1
7 30 59
34 66 73
78 56 45
61 33 61
18 52 51
71 25 69
77 62 13
68 40 63
48 34 17
73 37 15
77 39 35
17 56 78
46 23 45
15 41 16
60 56 41
60 25 79
33 87 86
61 87 27
55 86 60
13 65 26
20 3 56
60 57 1
87 76 12
71 23 55
38 39 77
36 79 30
70 58 15
30 83 50
78 56 80
28 82 15
69 35 28
27 3 73
28 67 35
81 12 67
65 37 36
5 80 66
83 5 17
70 86 41
74 26 84
41 26 75
20 44 16
87 62 54
53 39 24
15 47 68
63 4 51
53 58 2
37 41 53
70 19 54
19 74 50
20 65 49
19 80 64
65 80 77
50 8 55
13 23 79
87 65 42
69 3 49
33 15 68
15 27 31
13 40 36
75 77 75
52 55 11
82 26 60
23 29 67
61 50 22
75 65 28
19 44 8
10 20 31
54 51 78
52 22 70
72 43 9
48 3 26
68 33 64
10 59 69
17 6 18
72 37 60
67 19 18
54 10 9
24 20 69
71 34 7
37 69 37
6 30 6
54 30 55
68 44 86
76 75 56
75 23 26
32 46 67
3 40 52
80 79 73
49 34 65
10 55 54
41 72 11
83 30 43
76 1 63
74 6 78
54 59 81
49 39 36
61 19 28
51 63 67
82 32 62
30 6 33
19 48 33
77 30 20
42 26 11
78 38 81
3 83 86
11 48 43
22 56 64
66 68 10
18 30 55
26 82 9
11 85 85
59 70 49
36 29 50
62 30 31
9 62 70
1 43 2
5 48 84
3 63 16
55 3 17
65 60 34
46 17 40
44 50 12
60 45 19
58 22 46
80 5 50
21 20 3
37 36 60
52 72 22
21 4 61
37 64 70
11 67 40
39 13 28
33 19 86
60 58 10
5 33 83
86 77 76
72 69 61
57 11 26
43 59 78
42 43 85
66 63 31
14 19 31
83 57 84
79 34 85
24 74 64
80 35 40
87 2 22
65 79 59
6 40 30
19 26 22
54 78 78
70 87 69
45 19 19
39 13 40
12 80 41
38 23 24
12 9 38
75 69 58
79 82 13
23 2 21
11 48 55
21 5 64
26 84 71
59 49 41
17 14 50
36 86 11
50 86 86
17 21 77
81 80 73
17 78 24
43 1 77
73 47 57
20 66 38
5 74 46
15 38 64
29 10 74
44 60 12
43 76 38
79 33 25
74 13 80
54 32 26
37 49 72
59 10 18
24 46 76
2 46 31
37 19 59
3 65 67
26 57 86
57 74 22
47 40 11
14 53 68
57 66 36
8 6 45
71 27 55
23 47 24
50 5 40
46 26 55
22 85 85
40 43 34
41 18 20
8 12 16
44 8 22
5 74 35
17 67 13
69 35 40
11 52 80
56 7 61
87 55 81
32 79 81
23 81 82
83 58 19
87 53 76
67 54 80
87 4 22
5 3 72
75 26 20
58 54 61
26 39 77
76 86 3
80 13 14
33 47 72
9 47 49
25 49 75
64 62 39
3 85 42
80 14 84
15 48 78
48 73 54
84 32 70
70 41 37
54 69 78
56 72 68
38 64 19
27 24 26
53 34 36
80 83 27
70 33 30
26 78 32
23 75 86
75 46 45
44 71 44
79 12 59
63 48 82
55 46 41
1 67 65
53 31 82
53 65 81
77 9 32
55 43 86
44 9 41
52 46 46
19 25 65
55 33 74
40 22 30
85 2 81
79 20 83
12 22 65
30 33 55
12 66 8
45 6 30
15 17 77
74 35 1
78 82 24
3 56 33
83 5 51
18 41 37
84 43 40
47 11 27
64 39 79
33 82 48
45 2 63
47 20 38
66 60 49
85 10 10
45 9 21
53 81 29
72 7 62
18 64 9
38 86 46
3 50 70
21 46 1
4 58 83
22 78 18
81 27 30
22 59 26
23 80 12
45 80 45
55 51 45
33 82 3
25 80 59
7 87 20
78 13 54
55 71 53
47 1 5
54 76 35
56 32 82
26 85 3
66 70 35
51 82 63
69 43 18
19 66 62
14 48 48
71 55 86
81 38 6
38 85 65
31 59 53
15 5 34
27 54 3
2 17 63
1 2 17
30 52 43
17 34 9
81 56 63
50 52 49
54 75 74
53 71 45
2 81 84
10 68 26
47 14 53
20 23 86
77 2 53
85 81 54
41 7 18
58 19 25
46 68 7
19 65 83
80 82 34
74 21 35
23 82 74
34 77 77
14 41 13
23 74 17
2 70 36
85 63 50
40 51 20
52 49 61
80 1 13
23 74 86
81 4 29
37 61 80
16 6 35
41 26 48
45 41 19
62 55 21
74 47 74
57 26 26
29 63 32
28 65 55
53 4 21
81 79 10
59 78 5
27 64 17
6 37 44
30 19 71
35 39 59
80 64 49
44 14 84
50 29 82
50 17 74
43 69 54
55 67 52
56 41 71
16 31 1
27 39 43
49 14 66
49 7 11
19 2 23
3 76 82
39 78 33
1 30 21
20 40 57
24 11 53
80 84 17
9 4 87
7 8 3
81 21 14
52 62 13
54 1 11
26 60 31
11 62 64
39 57 70
34 32 48
75 78 85
9 69 23
76 75 30
20 9 36
50 61 6
48 41 69
79 71 22
2 33 48
25 75 72
76 65 81
51 29 49
15 74 57
84 76 56
57 22 51
79 7 2
11 17 23
50 43 77
39 86 55
56 8 20
11 47 7
67 30 26
69 87 17
78 68 53
36 71 71
20 23 40
51 39 42
74 79 69
71 62 72
52 5 68
49 50 18
76 64 39
31 53 71
69 80 71
24 66 45
48 84 62
28 46 21
66 45 12
51 51 33
16 60 31
35 68 5
9 77 18
49 60 70
34 82 19
81 59 77
48 40 78
50 6 33
77 45 74
4 31 74
86 82 22
16 77 2
60 68 85
6 5 47
59 1 19
70 47 32
42 2 78
64 38 53
46 60 57
36 64 37
55 20 79
44 14 71
12 9 15
7 66 63
83 77 43
13 31 69
5 25 78
23 33 42
15 58 44
14 22 76
58 87 37
35 68 10
2 18 13
21 30 31
53 38 4
58 12 86
65 29 27
14 74 79
10 50 49
71 64 4
70 25 81
22 65 28
60 64 11
72 10 34
83 41 3
38 65 25
69 21 7
14 29 69
28 86 11
77 6 63
71 24 15
63 26 52
85 45 6
46 79 81
78 78 32
65 43 3
63 56 55
1 17 86
43 3 68
20 12 47
36 76 59
41 46 62
38 87 66
83 27 65
1 79 15
13 75 35
52 37 85
63 31 32
45 61 39
48 72 67
44 78 16
19 5 30
74 30 37
19 79 2
41 65 15
4 81 81
23 30 43
48 48 53
81 63 77
58 77 74
73 67 78
3 27 68
4 21 85
12 35 71
4 47 59
36 34 38
18 2 65
31 69 59
54 10 30
46 58 41
14 4 13
18 32 23
35 43 33
36 45 4
14 10 59
11 46 60
23 40 23
21 37 17
8 67 19
21 5 35
24 37 64
86 21 41
58 24 49
14 63 81
65 21 74
8 51 49
62 27 14
29 30 47
1 66 68
11 19 70
57 66 39
85 53 68
74 20 27
59 82 82
59 46 16
74 87 53
47 35 19
20 65 22
39 8 40
70 8 44
26 39 42
29 84 44
76 43 9
76 14 36
5 60 39
33 47 52
23 66 44
65 37 70
13 5 83
47 7 63
44 82 39
21 51 18
40 67 46
72 30 36
64 5 19
66 76 48
44 49 71
64 47 10
81 21 62
8 41 55
36 67 55
84 3 67
16 62 13
21 23 34
32 63 47
6 30 45
66 80 61
39 6 79
82 65 4
12 52 63
51 83 58
82 85 2
32 83 80
35 72 75
38 12 83
73 65 67
43 38 32
4 53 51
65 39 87
52 70 64
20 81 24
79 81 49
72 47 9
29 71 12
6 81 50
34 23 14
42 36 15
22 1 46
7 11 26
59 70 73
81 50 76
83 49 85
47 9 9
85 37 57
5 67 49
20 32 47
48 48 55
71 53 40
51 41 5
75 14 66
37 73 74
25 27 62
78 5 71
4 29 85
74 42 75
69 42 18
37 40 64
48 8 84
10 61 18
73 84 79
19 77 33
42 79 17
75 3 23
12 39 5
47 14 26
26 11 40
36 71 5
38 19 58
31 85 13
34 18 18
45 4 7
52 10 78
34 60 6
12 46 51
14 17 29
49 20 36
4 60 74
80 25 9
64 28 86
32 33 62
75 74 39
12 67 83
8 78 50
29 20 86
65 5 79
57 77 58
27 79 13
76 44 18
84 64 16
53 56 5
9 2 15
46 44 24
25 15 70
1 37 46
4 59 5
75 46 47
72 26 5
27 73 40
29 32 12
81 59 32
2 86 5
3 19 25
14 57 5
69 23 34
1 14 61
75 63 52
54 32 84
83 69 38
30 81 41
54 62 74
14 38 38
20 81 66
85 2 10
29 69 37
28 9 9
9 36 62
31 86 81
65 51 11
23 75 37
25 76 40
50 67 19
32 45 32
21 16 81
46 20 74
14 9 50
41 40 40
25 50 39
17 81 1
63 1 1
75 64 83
53 5 27
66 26 23
24 17 58
78 13 71
39 12 23
20 7 19
40 46 37
39 83 79
19 47 62
45 19 62
36 32 54
6 33 18
69 19 36
3 57 71
73 67 71
83 13 86
33 28 59
17 69 15
25 10 80
65 13 10
28 9 17
49 62 30
44 74 71
9 40 50
60 11 2
7 15 16
74 20 50
5 64 21
35 1 70
68 52 12
57 34 74
39 25 68
62 78 69
37 2 51
83 71 70
37 2 35
65 3 72
10 52 87
74 73 9
80 35 4
33 14 24
79 1 44
5 53 26
82 46 62
2 18 59
13 76 53
21 6 77
76 13 68
12 61 2
23 20 46
10 60 21
17 72 55
32 60 78
61 20 11
78 49 60
11 56 3
52 59 72
42 29 80
22 53 87
82 4 60
80 26 30
67 53 43
62 31 9
12 80 57
66 36 30
71 6 56
7 44 51
41 24 25
84 75 69
62 77 75
49 47 67
45 16 41
53 17 83
48 56 77
12 6 15
78 33 37
43 21 39
13 74 51
1 23 15
27 10 46
34 12 64
34 15 84
42 42 63
49 21 86
5 43 80
6 4 37
22 67 61
28 35 27
87 43 41
27 20 87
71 34 66
51 32 52
82 22 64
15 42 63
73 4 6
43 59 2
50 21 18
62 9 7
64 8 13
32 71 24
85 31 28
10 19 20
33 52 43
53 5 74
19 5 1
42 32 71
21 51 41
43 18 78
73 51 41
74 73 86
58 34 58
83 2 71
39 21 33
52 31 41
66 35 46
3 73 21
18 78 82
36 26 49
78 6 30
40 29 78
5 25 2
58 72 76
13 78 84
55 43 32
28 41 87
74 26 58
30 79 48
2 42 14
22 51 14
77 87 69
34 59 77
4 80 21
62 4 79
33 37 10
51 14 29
18 62 66
76 86 17
79 62 28
2 6 51
5 62 40
58 71 46
11 49 22
26 2 23
16 24 63
83 77 87
41 25 52
19 47 37
34 75 53
11 74 59
30 24 70
47 4 9
5 56 19
43 2 40
40 50 1
73 1 14
33 35 24
17 26 31
36 19 23
69 6 43
17 58 49
61 5 81
22 81 55
68 28 73
48 53 35
12 86 50
46 14 78
8 57 12
43 85 7
12 76 48
3 81 39
4 8 29
69 74 45
60 14 57
63 66 28
59 30 26
80 49 9
47 37 17
71 24 79
23 59 4
87 16 76
8 76 46
51 17 73
85 82 26
52 67 21
2 82 81
58 83 80
34 82 9
78 28 73
77 32 24
35 80 73
34 8 79
66 33 2
67 54 56
35 10 69
31 78 10
35 64 32
13 46 52
82 58 36
48 49 13
40 71 85
17 10 48
78 49 22
87 22 33
24 3 77
24 38 15
57 69 53
84 19 42
85 20 35
31 13 35
29 13 76
20 32 42
61 3 54
14 62 49
29 44 55
18 36 13
52 34 53
81 43 23
66 73 71
47 72 14
27 13 29
69 11 48
17 65 79
44 33 56
70 34 49
3 37 69
41 38 16
80 1 14
71 1 86
46 24 62
33 50 40
78 14 26
27 2 49
10 54 67
72 18 76
30 43 51
76 56 53
65 66 35
69 24 68
50 78 38
53 65 83
10 50 19
56 56 34
37 5 76
4 53 80
18 13 30
35 36 86
25 73 47
39 86 80
8 4 44
4 3 8
79 69 26
32 43 3
45 62 61
34 68 22
7 69 87
49 14 22
49 69 55
29 41 3
44 70 27
59 61 26
32 52 55
84 46 15
40 78 19
55 79 58
79 62 59
86 75 30
54 18 57
26 22 77
77 39 52
45 21 82
32 87 39
83 84 62
15 25 65
61 59 37
8 20 15
38 31 40
8 9 63
22 37 85
24 27 12
52 57 72
3 79 64
38 71 69
22 8 87
4 60 64
23 6 45
73 24 30
38 1 42
42 40 30
85 14 2
14 28 16
38 1 66
6 54 22
80 84 26
13 44 39
76 17 47
14 71 69
68 70 39
25 30 43
48 11 49
82 84 40
45 57 27
69 65 34
67 77 17
45 72 60
77 70 56
82 61 11
56 86 49
7 8 8
73 75 37
53 33 25
34 60 84
40 24 34
71 83 40
56 18 36
84 57 15
5 43 26
5 84 50
69 20 14
66 21 85
81 41 13
64 36 12
10 26 71
53 65 58
87 57 78
59 33 21
44 25 23
4 87 58
20 74 34
42 29 71
40 68 65
60 42 82
85 5 72
46 21 15
30 43 71
61 43 59
74 39 52
35 18 31
23 19 45
83 35 62
48 44 41
33 38 60
58 54 54
64 18 87
6 31 11
52 73 48
68 73 16
53 53 70
70 47 12
49 45 72
5 67 40
49 36 30
27 2 76
42 59 34
2 39 57
6 53 4
50 63 72
58 32 47
58 3 75
21 64 50
8 68 33
56 49 76
32 63 26
7 56 85
60 7 79
67 66 37
77 40 43
58 35 32
41 81 44
46 13 50
14 21 73
86 31 69
25 22 10
80 27 56
36 77 13
15 32 47
3 19 9
4 27 36
21 42 11
14 76 81
70 11 5
9 1 71
14 40 10
80 40 70
58 78 59
29 11 20
46 15 38
65 9 58
49 47 76
87 19 4
12 33 79
49 13 84
24 83 58
82 28 10
87 41 14
83 8 52
31 27 19
40 80 42
13 5 59
29 42 13
6 43 23
41 39 11
86 29 27
86 62 23
25 38 25
84 85 45
60 3 74
87 65 23
77 36 41
53 86 30
15 44 18
52 71 37
60 43 14
11 82 65
6 56 48
37 3 32
38 80 59
81 80 77
61 31 27
64 58 39
6 87 73
70 67 64
35 84 28
44 64 1
80 14 6
4 13 9
57 25 13
72 74 70
5 18 27
85 8 15
49 12 70
19 55 59
63 74 27
60 52 24
19 54 17
45 28 58
20 27 60
22 28 45
54 58 65
8 27 66
42 62 45
39 44 2
46 60 8
76 56 50
12 53 41
56 29 79
3 6 27
44 70 66
36 64 25
20 42 62
71 8 39
5 38 24
30 10 26
26 66 16
37 37 77
41 51 12
5 23 50
17 22 81
29 50 3
1 69 62
21 18 69
58 36 15
67 10 33
10 47 64
47 8 28
25 82 77
79 44 67
86 68 86
11 7 55
9 32 12
76 1 85
49 58 68
2 60 21
56 39 58
78 67 79
54 70 82
63 85 2
16 52 68
57 9 74
8 1 20
77 87 31
45 87 5
46 82 5
77 68 63
28 65 23
76 51 15
6 6 33
28 64 40
35 43 27
80 55 9
1 31 52
57 29 9
37 34 10
52 2 23
68 34 65
45 4 27
78 16 39
15 58 19
86 30 6
35 80 75
77 2 69
42 78 83
19 86 82
74 25 3
27 60 6
72 19 72
16 66 63
30 3 65
54 11 66
77 76 18
22 32 9
21 29 6
61 84 69
66 42 21
75 71 1
63 85 50
77 22 55
78 29 5
54 15 82
86 39 78
34 29 14
7 12 24
39 70 6
39 13 1
59 39 8
68 53 69
68 17 14
83 78 28
3 59 61
8 20 80
63 49 35
86 54 69
76 28 86
42 36 44
13 12 28
4 44 51
40 33 43
35 53 40
36 50 50
78 57 10
57 83 86
16 23 22
44 55 83
48 65 53
49 9 69
22 11 71
1 27 62
26 56 46
60 68 56
72 2 41
84 75 48
12 20 32
26 56 82
69 66 72
31 15 15
51 56 25
51 81 21
14 85 37
33 30 87
72 19 55
16 5 34
31 12 87
54 20 3
39 62 1
81 86 62
3 32 27
62 30 7
31 53 16
81 86 64
27 21 42
60 85 65
43 46 70
20 21 64
7 84 38
59 74 86
21 43 31
68 58 84
56 20 2
53 8 82
61 26 36
37 82 55
34 4 36
77 7 8
10 56 21
7 49 3
29 63 59
86 72 18
23 65 56
19 55 17
4 36 76
79 87 21
46 9 85
8 35 48
18 19 8
45 86 85
19 56 18
61 25 14
13 7 63
74 36 56
19 45 47
1 12 32
67 9 72
83 86 55
10 30 28
42 21 15
33 83 63
6 8 8
60 2 64
63 25 38
51 54 43
41 84 29
87 17 32
23 10 63
43 40 24
51 66 78
12 3 11
53 25 1
30 28 36
9 83 41
56 79 40
9 40 6
26 24 16
7 71 87
50 78 51
65 6 11
1 75 35
5 38 42
5 28 49
39 47 16
64 46 52
68 40 13
4 27 11
27 10 58
20 4 28
8 10 51
32 39 45
70 11 10
2 41 16
11 70 63
57 55 67
7 28 44
42 49 29
70 61 33
47 82 21
14 86 45
69 74 59
19 29 10
9 30 37
50 9 35
11 27 42
35 24 80
45 48 73
58 1 29
58 55 42
64 15 12
6 86 3
72 11 38
63 74 68
21 27 69
42 47 63
78 33 80
42 78 61
18 15 24
85 54 4
70 66 38
72 71 86
86 29 77
11 2 62
15 74 38
36 30 36
84 36 73
37 29 67
78 74 42
49 72 3
81 87 6
35 49 39
11 9 55
67 29 77
83 53 35
53 2 75
60 65 35
56 21 38
68 64 48
41 38 67
40 39 42
82 74 32
26 11 30
15 42 10
10 24 73
16 55 77
80 7 44
39 41 70
78 77 72
17 9 81
80 21 9
71 17 52
52 74 32
39 79 56
29 15 71
30 52 71
66 33 61
11 51 80
78 82 20
25 10 33
59 84 37
19 16 14
63 11 79
77 85 14
47 23 17
68 53 5
63 63 70
76 8 15
19 53 72
57 77 55
63 46 85
67 6 76
3 37 84
67 67 48
15 50 68
22 6 84
43 3 18
74 57 46
46 35 19
39 36 15
64 57 15
31 60 59
54 62 72
7 77 35
83 62 79
80 29 29
9 50 15
16 9 67
8 22 9
61 80 51
20 83 21
68 24 5
22 86 15
62 39 12
24 23 76
63 23 51
77 45 21
85 14 2
24 56 71
22 14 64
21 63 72
29 49 72
10 15 11
15 37 45
48 84 83
9 60 82
30 86 83
7 4 36
78 71 82
34 12 5
81 83 68
50 34 53
57 18 8
60 4 84
28 37 83
67 61 14
50 49 34
75 21 40
44 12 41
66 70 60
35 30 14
24 39 24
57 36 23
72 75 29
37 1 47
41 64 52
73 64 4
8 25 9
11 43 49
51 5 3
43 6 57
37 75 57
75 14 77
64 56 56
35 72 9
37 59 17
24 3 46
79 27 10
72 30 10
28 72 23
72 75 27
34 9 8
82 7 58
16 25 43
42 8 67
43 33 76
24 7 82
18 12 74
13 55 4
22 32 21
32 35 31
34 6 21
38 61 73
40 25 14
77 49 47
34 53 85
74 3 73
22 8 61
72 22 13
47 63 19
39 21 37
46 73 20
5 54 34
8 53 44
32 62 24
12 36 65
18 38 45
59 40 42
36 50 33
25 59 65
56 70 61
21 9 28
26 22 39
13 69 53
3 51 18
22 18 35
57 54 60
5 82 39
58 15 67
81 59 74
82 33 78
33 31 2
73 30 36
60 50 51
79 28 87
4 60 31
9 20 82
30 33 73
18 87 70
33 67 61
59 35 67
25 85 80
44 54 74
78 51 39
64 59 25
84 54 66
20 87 2
43 64 35
86 13 4
60 63 36
30 80 39
84 56 38
23 70 46
13 49 56
20 18 25
23 56 18
26 40 87
1 40 45
17 36 24
70 63 24
75 71 42
78 44 6
50 48 84
83 76 3
83 83 50
41 39 47
33 41 12
37 46 56
26 12 86
28 53 67
44 34 48
48 18 5
71 59 51
5 24 23
35 56 58
76 80 75
52 19 32
17 20 3
65 62 26
67 74 42
62 54 45
16 45 47
86 11 45
7 40 51
10 38 81
16 11 62
9 59 64
62 22 21
66 69 61
55 85 74
86 7 1
60 2 16
33 85 22
31 30 47
63 46 11
63 5 4
43 3 83
42 31 39
28 64 61
33 7 67
56 37 39
28 39 29
8 54 22
22 77 80
33 29 44
50 42 11
67 87 60
65 19 60
47 43 10
72 17 25
1 74 48
7 32 78
64 29 52
45 49 63
45 2 29
46 45 64
31 21 66
25 65 63
49 32 39
35 20 39
57 81 73
75 8 16
21 82 21
7 31 8
74 2 82
35 34 68
56 20 50
48 78 29
40 12 12
22 23 56
64 82 31
82 52 41
44 28 55
87 54 50
55 43 46
53 29 63
56 15 58
31 86 76
87 72 81
19 44 48
37 1 6
84 1 52
27 9 48
85 1 10
64 60 56
2 53 87
20 37 18
25 72 28
30 54 56
66 3 86
64 9 40
14 51 76
30 24 46
8 86 6
84 30 51
13 58 37
4 28 57
86 29 86
58 74 4
52 20 81
59 60 23
35 23 15
4 27 50
13 26 10
72 35 60
49 51 25
6 80 45
41 54 9
83 60 51
49 19 52
6 77 27
13 37 22
46 76 50
14 40 58
35 10 7
67 55 22
35 6 60
80 33 63
2 15 83
76 40 22
3 42 18
75 19 19
87 46 11
12 51 24
65 29 19
59 15 67
40 39 55
53 65 74
51 68 67
49 69 48
47 82 10
57 82 85
71 74 29
38 3 10
84 41 59
70 56 80
61 8 44
50 22 17
59 44 17
23 1 82
59 75 52
40 14 64
19 13 41
83 81 21
69 10 77
66 26 75
52 50 60
16 52 8
17 80 61
67 13 46
17 12 12
73 1 12
15 61 46
55 7 85
25 3 35
79 55 19
45 75 44
33 55 54
31 25 13
31 17 84
82 13 58
84 33 70
39 5 19
10 10 9
13 33 30
6 58 1
43 16 5
41 63 82
3 45 43
8 75 54
65 61 4
45 39 26
43 45 69
60 61 55
70 26 75
47 40 10
63 32 67
84 80 83
17 16 47
12 63 56
72 50 71
29 12 3
53 19 42
36 73 70
48 64 51
84 29 62
49 71 28
51 14 26
20 64 73
18 56 85
30 62 30
30 51 48
55 8 78
69 69 83
55 12 80
28 64 24
75 2 61
60 27 1
34 54 57
14 82 32
85 17 76
37 68 63
85 73 27
21 16 8
10 5 72
42 21 48
56 25 18
74 57 69
52 60 74
29 50 68
46 73 8
58 76 29
28 87 3
79 29 11
66 31 43
66 33 5
87 17 71
86 18 48
86 4 82
41 85 18
36 9 26
33 69 40
77 55 43
29 20 69
74 80 15
32 20 19
73 87 4
45 83 41
15 37 64
60 25 41
44 79 38
76 66 31
55 18 8
45 3 44
10 41 30
3 10 70
84 87 23
47 32 79
18 41 26
40 29 33
19 67 81
59 78 5
71 2 23
71 58 86
23 45 46
37 13 71
76 59 33
1 9 47
61 69 61
26 45 51
14 43 86
78 9 65
45 77 37
82 27 16
33 78 73
23 71 17
39 32 79
14 87 49
14 47 15
38 73 29
36 31 44
67 65 21
22 53 72
29 7 85
62 37 79
25 17 41
60 76 72
48 67 24
66 8 37
84 74 46
52 70 19
36 10 27
65 81 34
28 69 84
86 3 60
81 9 24
23 17 34
85 77 69
65 63 22
18 69 18
82 56 53
72 16 31
33 81 50
87 64 48
52 69 34
72 79 29
21 46 38
87 36 11
79 62 75
1 30 37
47 39 26
24 31 20
81 23 2
71 44 57
75 28 20
40 34 68
25 81 12
20 1 28
7 64 61
34 85 78
60 60 12
62 58 65
5 56 15
36 86 82
14 37 31
25 34 54
53 67 34
61 8 13
37 12 55
29 67 70
86 48 51
74 42 56
64 8 24
18 14 8
45 61 25
62 26 25
82 64 19
58 2 2
81 81 12
24 25 42
16 68 47
41 54 3
56 63 19
60 79 42
22 74 69
47 78 54
66 51 29
51 9 22
44 31 52
76 76 57
34 43 29
4 84 79
29 75 23
31 68 13
8 16 82
83 85 47
14 22 36
73 75 27
69 79 74
43 55 46
54 44 71
37 14 83
34 79 56
45 53 61
20 52 87
50 33 66
39 52 71
6 81 64
81 78 9
79 48 84
84 41 53
11 42 66
17 39 72
64 77 40
3 50 10
71 5 87
84 64 82
22 5 60
69 72 47
47 80 73
4 15 5
21 58 81
19 85 61
47 16 64
62 49 2
8 8 81
30 73 29
49 82 32
2 72 65
81 53 58
45 76 70
80 21 79
66 50 78
6 8 87
64 30 70
5 87 29
53 2 43
60 81 65
51 59 81
23 67 72
46 33 1
48 63 31
18 37 52
74 42 60
77 40 78
66 47 50
34 2 47
51 57 73
66 65 39
87 40 21
24 21 69
48 3 16
49 58 14
11 45 71
77 61 1
45 35 6
1 31 65
21 46 46
46 66 81
34 25 84
64 82 55
40 70 43
79 85 15
7 11 34
51 50 75
64 13 12
18 57 33
43 75 40
73 56 55
83 62 64
51 52 38
65 7 65
15 79 53
7 29 43
29 74 46
27 20 13
63 31 60
25 54 8
2 27 35
50 80 34
84 19 63
47 62 28
72 44 73
42 85 31
53 63 26
34 14 10
63 84 8
24 77 17
25 49 29
5 87 53
83 73 9
7 21 34
62 15 28
77 82 69
73 53 44
80 79 60
22 19 48
87 35 55
62 30 45
67 69 46
48 36 57
82 15 29
71 83 4
48 49 56
82 85 8
73 50 38
68 49 38
63 46 2
26 66 26
56 23 36
21 44 74
71 24 13
31 29 74
52 26 54
84 53 17
36 51 65
86 75 41
15 50 3
19 68 23
29 76 74
41 12 20
47 24 59
68 2 79
48 9 64
16 81 73
15 21 21
54 1 64
34 37 48
80 18 61
75 58 27
73 56 70
4 23 50
11 48 68
58 83 82
17 6 13
18 83 80
61 61 69
57 67 16
19 46 33
50 46 67
68 86 32
17 72 3
33 75 70
73 60 56
42 67 44
82 41 54
63 10 76
7 4 85
70 7 79
81 66 34
22 48 16
12 79 82
10 50 53
58 52 29
69 74 78
17 74 42
4 48 61
25 41 80
86 74 16
34 72 13
38 76 5
55 49 5
85 9 21
2 50 65
76 16 76
79 40 38
79 73 3
68 5 33
57 70 68
78 31 41
72 34 1
20 44 85
29 78 31
50 51 78
16 61 12
42 55 44
32 83 6
73 59 29
34 52 37
24 77 7
30 32 65
9 66 85
8 20 73
50 11 85
28 43 44
6 8 30
64 7 66
9 15 15
82 59 7
84 21 69
17 15 73
22 9 47
49 81 51
46 2 58
59 79 82
77 3 86
77 14 62
16 80 29
76 71 1
32 84 9
7 35 71
66 46 57
46 22 33
52 20 83
26 27 6
62 8 29
25 80 69
17 14 25
79 61 59
15 21 42
81 21 69
50 64 46
36 34 47
11 30 63
56 10 32
14 13 18
34 68 52
47 20 74
44 8 23
81 44 31
32 56 87
67 52 9
61 27 22
54 84 10
48 47 54
53 37 66
36 28 47
51 60 20
68 28 37
70 73 32
25 29 9
4 15 51
16 37 7
42 84 70
5 20 81
11 87 48
31 29 80
66 50 46
54 43 68
48 8 30
32 70 59
27 83 73
69 38 16
9 9 30
14 73 54
84 22 46
45 25 76
67 78 20
64 70 3
57 48 38
56 43 86
49 74 52
7 27 45
31 40 67
19 36 31
70 42 59
82 30 58
25 9 86
39 35 72
13 84 32
42 60 27
51 19 39
66 61 7
79 76 69
66 35 58
23 74 66
86 32 80
80 36 59
22 22 52
52 38 24
87 29 20
10 67 51
6 56 2
13 83 69
87 84 21
25 47 75
81 32 1
56 5 25
18 14 9
19 18 87
55 84 77
51 38 42
49 33 87
64 63 9
80 8 1
26 49 13
25 44 47
38 30 9
1 54 26
12 81 87
38 22 70
76 34 60
71 44 15
66 16 55
23 2 23
68 9 35
6 86 4
37 32 9
78 39 78
56 86 52
46 31 38
34 2 67
79 26 63
84 71 12
48 36 13
71 64 22
60 36 58
36 40 48
43 22 84
11 83 53
67 18 70
75 62 40
87 65 10
20 45 11
81 35 74
50 14 45
17 53 19
39 37 44
54 13 72
12 47 70
55 56 50
17 85 36
78 19 4
44 78 70
62 33 82
8 14 57
64 56 19
70 72 64
50 35 13
65 12 26
13 58 80
77 52 35
80 19 76
5 87 62
81 72 79
19 45 13
10 76 23
12 44 81
83 48 78
10 65 62
28 78 13
18 6 14
17 30 50
22 10 23
61 1 57
41 58 60
29 60 14
86 38 76
79 65 15
17 47 31
23 73 47
25 71 56
10 57 21
74 36 45
7 17 51
30 10 56
57 19 76
62 39 18
47 31 76
17 11 87
72 81 48
33 45 7
34 7 83
10 73 14
6 50 81
57 40 19
51 3 23
9 21 22
51 50 36
72 41 17
85 14 69
47 55 3
21 18 35
71 8 45
43 61 16
54 61 81
71 85 8
29 3 60
33 16 67
42 26 55
71 12 64
49 51 38
8 1 77
53 36 86
73 10 68
51 48 23
81 58 40
47 40 10
59 56 46
3 59 44
71 14 86
12 19 29
85 48 10
59 73 67
43 51 62
58 39 26
23 75 4
65 41 45
49 34 31
25 67 23
82 9 19
8 20 19
62 81 69
44 36 67
56 80 41
10 44 87
46 40 56
75 47 40
31 51 52
17 85 17
76 48 67
84 38 32
27 81 56
32 41 15
60 75 43
67 44 85
12 61 17
83 86 50
68 55 1
18 82 15
30 4 52
24 12 48
48 4 3
20 87 22
81 17 87
44 78 24
68 15 20
54 72 25
9 14 42
13 32 78
25 67 86
55 26 66
4 82 73
66 34 51
50 65 70
16 80 83
74 80 11
80 7 57
82 83 2
29 49 36
67 30 48
82 70 86
12 43 11
54 66 73
16 55 23
84 13 26
87 9 4
48 86 59
56 54 21
9 46 3
53 29 34
9 67 41
64 27 45
13 66 55
46 34 7
41 36 54
52 61 59
59 16 54
71 50 43
7 54 87
36 76 69
50 42 49
58 73 77
18 49 54
62 48 14
4 75 38
25 50 76
61 50 38
79 48 58
65 22 87
69 80 12
45 7 4
86 40 24
60 47 31
70 81 62
11 81 40
23 70 59
70 23 73
70 4 58
30 61 40
85 57 73
36 18 60
54 73 66
61 52 80
8 12 15
62 34 43
15 35 22
4 8 41
10 9 36
30 37 77
53 63 69
64 80 31
7 37 41
81 26 20
9 27 70
37 46 56
67 69 2
10 2 69
87 3 23
38 81 6
77 68 48
12 11 26
37 48 79
36 79 65
59 25 85
6 68 14
3 63 31
66 19 57
87 52 43
8 55 61
40 74 30
69 11 38
69 27 75
7 58 15
68 55 12
39 18 23
25 83 56
31 52 70
23 47 22
61 73 13
20 81 2
48 65 77
4 9 43
40 74 37
25 1 38
28 3 68
59 61 26
3 83 56
35 29 60
63 26 25
62 19 77
68 58 12
7 82 20
33 11 35
2 44 5
72 26 39
3 34 5
44 45 7
2 79 9
1 3 33
17 50 13
69 59 30
71 53 48
18 48 2
69 74 62
68 3 75
16 19 36
25 63 24
55 78 56
27 53 30
39 25 58
12 81 11
6 77 85
80 51 57
14 73 50
42 25 73
39 7 30
76 36 14
27 77 65
10 5 3
25 23 29
2 75 12
53 10 70
79 68 19
57 86 46
40 49 3
3 80 53
85 26 16
77 57 71
63 87 38
44 86 65
58 59 22
28 38 53
29 67 36
29 84 63
10 53 37
10 67 42
19 28 79
25 50 36
32 30 59
84 50 6
14 57 69
28 31 14
76 5 81
39 87 62
79 13 65
60 6 37
20 62 58
86 46 78
47 46 6
9 12 31
24 6 28
67 47 7
60 21 70
10 46 7
72 27 48
20 50 40
23 53 49
68 7 47
45 30 17
1 68 9
7 49 78
85 24 54
63 9 36
16 10 2
48 75 6
13 79 14
44 15 86
29 18 71
60 6 26
69 15 39
21 23 80
27 37 87
43 20 21
60 9 16
12 65 33
48 55 69
50 86 51
72 68 69
68 17 31
48 44 29
30 86 64
81 1 48
80 20 62
50 44 77
2 46 85
63 30 65
74 42 14
83 46 19
53 33 36
40 18 65
12 29 66
42 17 47
55 87 6
42 42 46
50 72 14
22 5 63
5 52 72
12 35 28
47 8 33
28 19 49
29 40 82
67 21 72
43 56 78
25 33 48
25 80 32
68 33 19
65 6 50
32 85 43
43 27 49
22 34 37
8 34 6
78 6 37
2 58 6
40 2 40
53 53 27
66 51 60
80 39 33
74 22 21
11 52 87
22 5 46
32 78 68
50 52 70
19 74 49
32 46 28
60 3 30
65 55 40
83 40 11
49 47 8
54 84 18
50 50 15
53 56 24
13 22 79
74 84 32
40 8 56
11 18 7
9 15 56
14 75 27
15 63 21
49 19 32
34 25 17
64 55 71
80 61 79
60 56 75
51 83 5
5 65 15
73 55 58
43 18 41
48 21 75
1 63 16
48 37 76
18 62 87
49 23 87
17 55 49
29 15 16
65 55 42
81 63 69
52 4 68
74 35 30
2 1 77
31 30 20
62 62 52
53 55 47
61 43 52
39 69 49
86 69 25
44 57 54
44 3 60
42 47 19
79 24 54
2 13 27
5 21 56
27 58 1
51 23 65
45 51 25
29 59 12
64 54 58
26 22 3
56 21 51
32 56 47
76 4 39
45 26 9
39 13 68
36 70 30
87 32 28
39 76 18
63 23 72
29 70 13
39 9 22
65 53 79
10 75 2
82 41 44
87 32 69
64 48 87
17 15 76
61 49 42
59 69 59
24 13 28
21 26 43
20 34 65
45 46 5
27 27 19
16 69 16
41 14 62
46 68 10
12 39 58
67 70 62
23 32 61
10 61 25
30 24 17
77 25 60
66 50 78
17 83 29
71 51 26
75 48 44
65 48 15
5 81 12
83 48 27
62 21 26
52 41 61
12 26 46
49 78 1
19 27 17
14 1 64
71 55 64
48 82 74
37 25 70
63 5 8
27 69 49
29 60 77
23 44 60
71 22 46
1 69 29
7 34 86
64 58 23
75 75 67
79 77 57
82 61 45
33 6 83
29 56 35
10 69 2
8 39 73
80 56 72
75 25 17
81 37 18
71 3 57
6 23 80
2 69 36
29 8 69
66 45 73
16 61 49
56 20 3
45 47 80
50 54 70
27 82 71
24 46 32
25 76 17
69 49 28
30 70 1
8 39 77
73 62 30
81 1 25
45 77 19
74 7 41
72 15 37
71 35 34
43 81 32
33 5 23
22 71 49
4 52 11
46 72 10
39 47 39
16 58 59
10 20 27
44 19 48
44 69 79
44 36 27
66 41 86
64 67 72
77 33 44
21 52 81
47 11 79
45 56 75
55 62 56
78 1 56
44 32 52
62 41 3
43 44 68
61 39 82
20 42 45
61 41 38
69 58 42
16 47 5
48 62 53
33 76 24
17 25 2
77 49 19
16 1 5
54 22 2
5 75 51
46 35 25
70 60 55
12 27 74
21 77 53
7 44 70
13 79 62
14 12 80
37 43 45
78 47 53
54 68 34
6 30 52
59 65 3
79 87 30
9 54 54
81 80 86
76 4 59
60 60 53
80 1 69
32 54 39
21 43 78
62 28 50
12 10 76
81 25 80
25 28 69
23 52 20
35 72 66
53 23 56
86 69 7
42 17 62
52 47 84
76 28 23
48 24 65
74 85 77
52 39 4
24 14 68
44 79 56
43 52 57
16 27 21
31 10 45
12 44 86
8 75 4
27 62 35
22 32 9
41 4 18
64 50 70
39 34 78
8 23 13
62 5 57
20 32 20
80 59 54
59 33 61
64 37 50
54 85 43
52 62 80
29 2 34
83 69 55
72 16 16
17 25 82
50 82 50
51 67 74
27 77 30
21 61 7
23 76 16
23 75 31
31 35 20
36 70 69
76 51 72
19 32 33
60 42 82
21 54 74
12 22 55
41 63 11
25 1 59
8 84 61
27 52 55
72 60 55
48 15 13
46 51 41
83 62 77
66 75 33
42 35 20
33 62 43
54 28 23
76 28 36
14 59 37
35 17 84
16 1 52
69 52 63
76 5 65
10 34 82
32 2 72
14 66 35
24 56 37
53 48 19
60 10 82
49 39 50
19 78 10
14 87 71
31 11 2
5 46 47
3 36 35
60 69 52
3 75 78
48 59 65
64 67 42
49 79 57
87 64 77
6 85 79
60 58 21
70 80 59
52 78 62
42 10 71
56 76 60
65 5 45
1 21 24
9 48 66
19 62 71
43 71 87
86 61 30
22 6 71
48 36 23
57 54 6
72 45 79
77 40 47
68 68 72
29 32 51
15 43 4
44 43 41
16 57 28
19 65 54
46 41 35
74 38 35
11 25 14
32 86 84
21 33 37
14 68 47
42 45 60
79 81 9
20 73 75
64 13 43
33 19 27
2 27 17
34 1 84
57 54 46
42 10 55
31 67 47
87 49 68
68 84 25
59 15 76
58 80 49
22 3 26
5 57 26
17 25 43
77 81 3
16 28 50
79 75 50
83 19 82
37 30 75
3 59 51
58 61 73
12 56 40
4 86 7
13 3 21
35 42 37
78 46 38
64 14 41
69 60 18
44 85 66
8 35 31
4 29 13
40 76 56
75 32 52
75 6 48
32 14 47
24 59 83
46 44 42
29 12 14
59 36 30
63 14 37
80 50 77
34 19 12
36 12 74
76 25 21
32 59 70
53 25 11
26 29 49
15 16 53
8 67 7
24 14 65
18 59 1
17 7 37
62 13 74
20 51 45
11 13 17
68 8 7
53 62 2
6 82 73
14 72 44
33 42 10
50 49 64
54 73 71
57 54 39
15 35 11
78 50 7
40 26 37
44 17 23
66 27 14
7 86 53
62 70 9
25 37 3
78 39 79
39 54 14
26 16 81
86 63 59
11 36 28
62 31 21
14 22 49
61 23 73
23 27 62
36 34 35
64 43 25
8 61 2
87 37 22
85 61 44
47 15 11
33 80 21
44 68 32
49 51 56
75 9 8
46 65 36
48 15 12
73 1 11
75 42 12
17 1 14
13 3 71
42 13 53
47 65 26
46 66 22
52 20 43
59 13 32
27 69 61
77 13 51
29 40 75
56 5 45
1 80 71
73 13 53
8 18 85
78 24 50
23 8 24
70 70 52
52 39 2
39 80 24
17 50 41
62 29 32
74 25 11
80 10 3
81 60 17
25 26 63
44 87 80
5 9 58
41 34 9
53 14 33
40 34 15
29 72 7
7 28 87
16 84 61
79 40 77
45 10 16
17 46 81
30 35 61
13 87 60
81 57 13
36 83 77
6 18 80
19 45 28
46 34 70
13 81 17
19 61 71
81 34 57
77 27 45
5 17 53
48 62 66
52 77 46
5 48 63
50 3 10
9 82 44
73 80 34
55 21 75
63 50 21
58 45 67
78 59 7
71 64 55
83 61 24
72 60 56
86 9 9
24 33 14
15 72 87
27 42 83
14 68 36
64 25 75
65 10 22
60 11 31
79 52 52
25 65 57
42 16 23
53 13 34
76 38 51
32 55 31
25 68 16
2 61 29
15 48 82
35 45 5
18 7 82
59 80 2
36 18 2
76 57 56
25 37 3
76 10 34
28 76 30
78 24 55
1 61 50
52 67 23
17 82 51
58 43 4
35 56 70
36 81 70
75 16 68
51 64 59
49 2 20
14 86 16
24 22 5
19 36 34
67 44 14
6 71 8
9 69 15
6 38 24
86 19 38
52 57 87
35 32 53
75 47 49
6 10 6
19 63 27
14 52 28
76 58 79
32 79 25
11 49 25
6 86 13
33 48 61
26 9 67
60 66 4
42 54 21
28 65 37
21 19 86
10 58 4
64 16 79
83 43 2
70 48 84
31 71 65
59 14 47
13 54 14
30 61 82
36 21 16
29 35 62
51 23 44
81 70 84
49 22 36
31 83 41
25 25 43
11 11 66
53 67 14
4 32 43
24 15 55
39 32 68
18 59 74
55 85 78
52 34 67
73 46 76
57 21 66
65 51 58
52 5 12
55 25 6
54 79 21
64 2 68
27 30 84
76 78 42
64 30 70
1 85 16
16 21 46
33 3 62
6 64 46
65 9 69
9 29 50
75 22 61
33 46 25
6 48 82
70 53 72
80 24 59
63 76 44
50 31 81
64 51 81
86 79 84
80 64 30
8 82 74
33 42 64
61 43 3
87 35 83
10 68 23
28 73 44
82 71 48
30 76 63
25 82 8
68 35 43
14 47 81
87 16 19
24 62 4
28 52 30
61 58 54
80 27 38
21 81 60
15 36 54
59 30 11
7 28 42
19 57 73
65 9 22
60 23 37
30 43 1
4 23 73
7 44 68
53 22 17
7 70 51
57 59 87
56 47 39
77 15 37
36 33 23
65 65 15
74 46 22
37 10 58
10 10 78
12 85 24
33 81 71
79 23 82
30 49 86
79 21 81
21 75 83
60 57 13
12 72 18
16 30 39
27 6 28
64 83 67
47 56 45
50 48 51
28 74 20
48 72 20
22 34 35
4 86 48
78 68 19
62 11 62
34 38 56
64 44 20
21 52 77
22 25 76
9 30 2
76 62 72
6 8 12
66 35 54
52 45 36
63 53 86
2 17 55
70 31 26
69 77 41
24 43 49
26 4 69
42 27 18
67 86 81
29 58 62
36 11 9
71 74 22
46 47 7
77 61 19
21 30 75
48 10 50
4 85 14
2 74 76
2 29 41
3 13 62
13 71 34
78 2 11
55 60 12
66 56 14
70 42 45
13 41 61
50 13 83
31 30 1
29 23 15
11 82 87
14 38 28
46 47 53
83 62 49
53 87 21
5 82 27
44 33 80
54 14 5
75 6 42
2 29 17
48 10 6
66 52 34
7 24 33
9 15 26
72 23 1
5 22 51
60 53 86
40 80 5
15 5 86
49 4 38
15 48 40
12 51 13
45 32 62
87 45 84
49 61 79
84 70 64
79 14 6
30 16 60
41 74 76
55 22 43
55 76 70
76 45 87
64 68 17
31 78 23
7 61 58
30 47 1
27 65 4
6 50 11
3 77 43
52 44 23
50 65 78
81 41 23
22 65 12
11 53 59
50 79 83
63 29 46
33 13 4
31 14 75
64 73 9
59 45 51
20 13 81
80 8 71
5 48 56
29 6 14
47 81 29
68 8 55
28 80 68
61 59 74
34 79 50
3 82 56
59 47 45
13 5 18
75 76 83
77 78 20
37 4 87
86 84 73
41 32 42
14 83 63
28 83 58
10 79 30
1 39 38
24 3 31
43 8 30
37 21 69
58 39 63
82 45 40
19 35 78
27 15 34
23 62 85
80 33 82
86 48 17
17 50 53
2 18 51
54 17 30
68 45 46
38 84 32
87 41 66
86 55 48
73 59 13
86 47 74
67 85 3
68 73 84
26 8 21
25 26 66
11 41 79
38 8 84
12 41 5
28 75 46
41 61 62
62 14 67
79 31 58
30 61 2
68 8 60
30 8 67
64 73 66
87 40 56
61 4 23
19 73 2
80 84 43
13 62 66
73 7 10
45 12 69
73 29 84
51 79 59
65 6 45
63 70 61
16 50 81
9 41 73
12 15 19
57 73 30
59 79 16
18 47 83
42 76 76
78 79 63
83 82 80
37 23 44
33 71 67
58 49 73
65 16 8
72 60 20
87 36 18
24 77 59
35 57 87
51 1 64
72 50 72
84 73 31
23 26 29
76 85 63
32 70 32
68 25 81
43 37 66
16 32 57
80 74 66
78 4 66
79 29 13
51 8 64
22 76 10
58 52 15
51 15 74
3 51 1
49 26 59
25 31 32
26 1 10
50 24 18
80 48 6
20 87 71
71 38 51
42 55 83
17 73 25
39 58 70
54 52 3
81 46 37
48 62 8
2 33 48
66 45 28
37 62 53
42 87 18
34 53 5
54 57 48
37 25 18
45 23 36
70 10 85
17 11 51
2 64 10
38 3 46
60 50 3
74 70 43
24 12 69
84 23 69
65 58 81
44 52 13
36 58 2
34 71 57
78 87 75
51 70 77
72 53 78
41 16 82
75 82 84
73 11 44
63 34 43
36 55 45
23 75 2
67 63 28
64 22 73
27 21 10
25 49 59
28 13 23
3 82 23
18 34 8
80 34 9
36 11 37
40 62 44
47 1 84
73 83 64
14 31 5
29 55 30
53 31 4
76 38 61
53 55 68
30 75 71
56 12 9
66 46 13
71 37 63
77 6 40
11 41 59
46 7 10
17 1 75
29 8 21
67 28 55
48 69 41
30 62 56
76 74 63
38 7 11
32 47 19
15 80 22
74 2 44
47 40 30
43 80 20
33 53 27
44 82 30
49 79 71
69 43 57
30 27 55
53 13 56
20 79 24
44 47 71
63 24 37
84 80 30
70 15 77
37 45 20
60 38 71
17 30 62
45 58 80
27 38 84
76 71 23
78 19 62
37 74 78
46 48 23
78 12 45
4 31 33
21 55 37
78 87 48
81 8 59
43 83 57
30 24 81
11 72 79
4 7 11
38 83 4
33 18 68
62 62 31
25 14 23
43 15 21
59 2 52
54 62 9
60 68 33
9 25 11
27 28 55
9 12 29
33 58 87
73 31 13
61 2 18
56 11 47
48 63 21
76 8 84
55 52 7
1 78 46
28 15 79
42 3 33
19 10 8
11 11 39
51 9 51
15 83 73
5 50 4
40 47 9
47 68 32
55 54 58
63 53 45
3 85 58
84 42 75
15 7 60
68 40 20
12 75 1
83 62 59
11 74 11
8 40 29
29 42 16
24 83 27
72 21 4
7 76 14
71 82 71
15 52 47
80 71 38
12 84 50
54 79 64
17 40 20
12 84 10
58 58 45
14 8 70
43 81 56
41 41 5
66 43 52
47 56 12
24 51 28
3 80 39
10 6 46
12 63 13
29 43 66
35 61 52
49 46 67
24 75 61
31 45 38
80 49 54
7 64 56
61 49 84
55 8 19
27 73 39
50 32 38
57 81 33
32 81 19
61 41 30
13 41 76
26 20 75
9 79 4
65 71 7
48 71 87
35 21 33
13 49 17
49 84 80
45 69 86
54 53 8
78 82 32
13 50 85
26 52 19
35 23 59
53 68 38
15 49 71
4 70 2
67 6 70
65 81 69
56 47 11
8 9 75
19 33 17
12 13 55
69 20 78
7 10 85
28 46 3
28 68 78
23 66 50
39 25 47
55 80 48
42 11 76
23 32 35
67 37 40
45 86 23
37 86 16
70 85 40
67 60 69
87 10 53
13 43 17
23 5 2
71 11 67
30 80 53
15 41 28
83 79 4
31 23 53
79 42 61
68 27 67
36 80 9
82 26 8
24 24 40
15 63 27
41 11 14
80 82 6
50 3 77
1 66 27
20 82 4
31 46 32
51 46 23
65 80 16
18 47 79
38 24 31
73 28 23
67 8 6
55 27 3
63 61 43
9 19 73
39 42 41
7 68 19
12 8 37
16 29 14
46 11 34
4 25 39
42 76 71
57 17 18
66 85 32
53 4 73
9 12 66
20 15 42
13 56 11
8 40 8
86 38 52
34 17 76
23 34 53
6 71 68
15 73 18
87 59 71
81 3 25
63 11 71
80 30 30
42 22 52
57 56 36
85 75 80
55 11 13
62 24 64
36 79 33
82 18 56
29 35 15
85 44 37
28 86 4
66 87 15
63 82 49
79 79 7
1 49 46
49 15 87
34 19 79
65 84 46
1 54 49
4 2 17
51 79 72
4 10 62
70 15 12
67 38 10
83 34 44
9 44 28
73 79 30
41 65 37
60 54 59
69 77 35
44 38 61
65 25 13
56 63 56
13 82 55
77 54 34
74 73 19
63 2 30
79 57 31
19 50 60
17 60 8
7 17 41
49 46 82
16 30 68
29 12 24
76 15 29
81 17 74
75 55 23
51 32 23
48 60 9
81 4 56
76 79 49
55 41 84
87 56 24
76 24 13
44 83 78
20 36 79
77 36 52
63 67 86
72 85 41
20 18 2
3 7 6
21 69 36
55 2 28
58 25 40
60 65 48
50 4 62
41 42 19
77 85 28
55 71 55
86 5 20
6 76 46
60 34 12
56 71 84
68 20 19
11 58 64
50 50 22
34 63 5
45 63 16
15 84 30
38 27 34
39 65 35
25 46 27
7 12 31
87 75 39
23 79 63
40 14 72
10 87 79
6 31 1
6 31 14
85 4 72
38 18 58
48 39 81
54 21 54
46 14 39
54 1 13
17 81 6
3 13 72
60 7 44
3 72 63
12 61 1
12 44 14
41 72 15
2 5 48
23 14 54
62 85 52
26 80 83
64 13 31
26 62 64
48 13 10
50 16 61
28 50 7
59 47 10
50 87 51
72 53 38
70 62 78
71 27 80
26 25 65
51 84 63
64 45 74
48 50 14
43 64 42
78 13 53
73 41 15
39 10 34
80 83 46
24 12 73
35 77 32
87 8 61
56 56 46
34 22 59
63 65 84
41 24 35
43 63 41
84 20 63
81 47 21
32 20 80
78 1 64
81 6 26
83 30 3
54 54 75
72 71 82
39 18 87
18 18 1
43 56 85
85 72 87
24 56 4
57 15 28
24 2 34
58 24 40
19 39 34
78 78 39
83 30 64
29 86 81
40 23 26
8 74 48
59 84 26
12 65 33
33 33 15
31 57 51
43 28 56
37 8 28
50 64 4
79 56 69
11 17 35
50 70 62
50 79 23
15 86 53
39 25 77
28 26 61
50 38 71
82 30 65
59 55 14
8 86 22
79 33 38
47 61 7
61 50 44
77 59 17
1 8 24
87 14 49
50 72 58
1 26 6
72 12 28
71 41 87
48 19 19
65 5 43
62 54 42
25 71 21
12 80 11
21 70 57
79 20 68
2 50 37
86 22 84
54 41 37
72 77 4
33 13 86
84 59 47
86 30 27
63 86 82
29 62 15
67 83 24
37 38 52
18 33 81
68 38 36
51 71 77
83 33 35
24 48 31
55 71 74
54 10 24
21 28 85
42 69 31
16 9 3
19 1 74
26 29 33
66 47 14
2 9 7
59 36 66
86 35 49
47 31 7
48 27 87
45 48 58
10 4 34
65 60 72
26 79 52
15 64 32
25 12 53
40 62 10
7 69 63
36 83 83
81 38 72
46 1 53
56 3 68
26 81 17
45 3 82
81 45 56
18 7 7
23 18 72
17 38 22
74 25 11
39 79 8
70 37 47
64 69 87
38 2 62
29 86 46
42 85 31
8 70 31
54 40 18
31 37 63
31 80 31
60 45 71
24 16 2
81 39 48
53 15 68
8 81 40
30 4 17
79 71 52
46 3 78
45 3 44
12 20 24
2 26 1
58 60 58
37 23 50
8 18 30
59 1 56
77 15 83
16 30 53
45 55 10
43 55 53
80 62 61
43 30 34
30 61 43
47 60 71
32 4 10
20 82 42
11 23 35
27 69 55
4 81 84
3 75 83
7 73 77
51 64 28
71 86 77
47 34 43
84 40 26
49 13 63
29 40 17
37 30 29
79 52 68
41 76 20
20 86 20
25 76 22
3 34 81
36 60 32
45 48 30
12 10 12
40 8 14
72 2 84
11 19 80
86 49 39
54 9 80
28 68 61
66 85 48
26 36 13
70 76 32
78 64 67
44 31 30
53 9 30
10 66 72
48 40 27
65 4 51
15 12 17
36 67 68
5 62 84
26 2 5
85 40 69
62 6 56
76 25 19
42 54 49
12 29 73
56 34 83
40 76 74
87 20 77
70 31 84
7 8 81
21 87 24
65 47 34
13 19 45
20 36 29
25 65 48
14 84 84
9 43 68
4 38 13
8 67 49
52 30 23
4 56 84
87 60 21
36 57 75
40 34 77
47 34 81
9 6 63
19 61 21
60 54 22
51 35 52
11 74 80
56 73 72
77 4 58
5 50 66
27 2 6
28 13 61
6 9 22
10 50 20
22 5 57
74 38 56
19 76 1
45 82 28
74 19 59
9 57 25
61 69 53
65 1 44
37 77 65
11 18 51
51 37 69
82 29 54
50 24 71
29 9 16
44 85 17
53 32 84
54 37 28
7 19 61
80 25 57
85 30 69
55 19 61
44 25 32
37 14 46
74 52 79
9 45 58
26 72 52
83 25 32
53 60 26
78 7 12
78 21 67
67 43 20
74 15 82
78 79 78
43 42 34
44 8 82
66 67 47
40 86 74
34 6 40
37 10 62
13 27 43
53 51 86
39 10 23
46 61 51
15 50 46
25 39 31
20 67 21
66 57 52
85 72 65
81 84 39
63 70 23
52 22 63
28 45 50
68 67 44
6 60 48
7 81 1
21 77 82
36 56 71
52 40 31
60 34 3
27 11 29
6 18 22
47 21 82
42 85 19
66 46 39
29 71 30
4 19 48
44 62 53
35 62 15
22 52 35
45 62 15
15 39 14
46 1 83
68 21 52
4 71 48
24 4 74
8 61 4
67 78 32
64 78 33
23 79 62
51 81 56
61 67 33
43 78 26
12 40 32
31 15 36
57 68 43
30 38 59
20 87 28
83 50 8
81 76 6
29 76 29
52 40 82
52 85 65
47 86 56
80 36 26
42 25 83
61 87 31
51 67 53
54 74 30
7 19 55
18 86 7
37 32 39
41 44 4
60 79 83
79 68 51
41 48 25
36 66 34
47 77 25
17 44 32
63 28 46
79 69 54
44 58 67
75 6 75
25 57 56
19 80 73
50 62 28
75 49 74
54 19 53
57 61 34
11 29 60
33 53 46
22 2 5
57 34 1
86 50 61
26 59 22
45 81 86
40 7 42
82 19 84
48 32 80
67 33 30
79 40 45
78 80 47
22 15 72
17 72 55
27 78 43
8 21 50
50 72 26
47 14 17
79 2 23
52 2 77
22 51 12
74 20 74
33 20 71
72 17 20
31 21 1
25 10 54
18 12 17
74 81 53
42 34 27
84 67 41
68 70 57
55 11 83
23 23 26
50 46 30
66 61 77
13 37 20
52 4 45
29 51 23
29 45 5
53 22 82
64 2 80
74 43 5
17 57 27
59 75 86
37 86 25
7 32 81
31 51 66
17 43 64
43 56 84
15 3 2
63 39 25
83 5 71
71 38 72
36 25 73
57 46 87
81 33 3
61 83 63
68 23 28
76 87 37
33 46 41
47 56 41
3 2 4
25 37 45
52 86 58
86 39 65
46 41 20
87 51 5
80 21 21
65 45 5
42 69 46
47 17 78
28 22 36
28 56 54
87 76 4
34 30 3
34 49 38
80 4 13
8 42 28
16 52 37
83 66 69
14 39 13
63 75 14
5 58 38
11 57 47
53 21 18
54 19 61
72 4 54
44 34 68
80 60 8
78 54 33
83 31 61
25 34 69
25 84 77
44 34 4
17 12 19
56 79 80
9 61 19
10 65 43
43 44 4
85 72 43
6 26 60
7 27 76
51 64 30
74 40 56
11 75 16
5 51 49
44 82 12
37 78 35
84 78 70
78 51 10
9 57 46
54 45 45
72 76 19
38 71 16
44 15 46
79 50 38
10 30 19
76 64 41
6 47 81
58 63 80
21 48 50
24 69 67
51 39 68
45 22 3
77 61 53
84 46 71
41 46 76
81 20 27
63 86 50
71 24 79
47 73 30
21 30 36
77 37 36
66 34 3
32 72 76
3 11 51
19 40 80
52 43 43
76 79 53
85 41 73
14 80 20
78 45 41
49 31 69
17 32 38
11 64 19
78 27 2
71 69 75
30 50 46
62 47 51
38 39 64
39 7 14
31 65 28
23 21 83
2 34 48
3 54 61
86 27 48
27 66 18
37 9 61
50 57 86
55 77 52
87 28 73
46 84 40
60 48 43
43 61 41
48 87 48
21 69 6
74 24 4
44 79 18
36 8 81
13 28 41
6 60 78
69 10 46
45 68 13
77 85 5
7 45 26
78 72 31
21 83 36
79 74 78
67 7 17
54 69 31
6 10 18
71 9 10
21 53 42
36 31 26
65 22 75
76 39 56
73 47 34
52 1 18
49 27 81
74 41 27
4 71 8
22 37 84
74 80 42
58 72 12
23 53 77
8 59 70
16 77 25
45 48 75
64 9 81
67 9 57
5 59 5
72 47 62
47 44 36
16 57 46
11 55 33
20 76 29
40 45 17
17 67 69
27 75 56
72 76 72
86 45 41
7 17 63
55 21 56
83 25 36
57 39 25
70 45 47
57 7 19
22 7 10
77 26 67
16 45 44
71 2 75
16 36 40
33 80 31
16 42 41
38 14 39
33 10 69
17 64 27
10 20 27
78 38 82
38 36 52
44 19 85
26 56 20
11 73 62
84 53 4
31 13 18
57 8 72
63 63 9
36 39 70
32 35 41
13 78 63
48 54 32
21 27 59
47 19 48
9 39 57
69 59 40
78 11 66
8 16 48
79 21 41
25 82 80
72 46 46
75 39 25
37 33 14
31 71 29
35 55 23
34 47 14
56 65 62
45 6 6
46 21 79
3 11 52
15 76 85
83 17 35
22 71 87
62 65 86
27 66 37
32 40 9
35 57 69
5 61 28
75 20 63
59 48 49
51 59 53
73 67 1
15 54 29
41 81 47
80 76 21
55 38 51
12 19 3
73 12 35
72 21 16
21 43 16
47 57 40
80 61 51
5 20 76
70 15 4
38 80 39
72 22 22
79 34 19
35 75 14
17 63 15
74 9 13
1 55 18
39 9 6
19 48 5
23 29 16
48 86 34
26 52 49
66 20 82
57 28 19
1 44 81
43 16 73
53 37 55
5 39 9
60 11 49
20 16 41
58 79 75
44 1 18
20 51 4
32 5 71
84 62 61
72 8 50
35 45 3
15 61 63
72 9 63
50 61 11
33 35 13
29 52 71
86 11 19
83 37 54
73 72 77
72 72 70
25 28 83
84 63 68
68 66 73
75 53 73
4 63 36
65 82 87
74 41 5
39 40 75
25 67 72
5 30 63
55 65 21
54 8 7
40 49 76
51 41 14
7 49 10
23 54 48
79 26 20
12 58 78
61 23 33
43 20 10
61 19 71
12 3 23
47 78 68
45 64 55
63 5 87
27 85 38
61 9 54
6 78 8
61 15 45
41 79 83
54 19 14
33 12 31
78 70 39
31 42 76
29 25 61
75 34 28
33 24 24
50 27 84
5 36 14
18 53 52
34 38 33
6 65 51
7 84 60
38 19 25
5 60 85
32 13 43
5 25 54
70 85 2
80 49 39
8 68 31
68 13 15
54 71 42
76 42 41
70 46 25
77 33 70
56 64 76
33 7 9
41 11 54
75 27 50
51 36 27
69 34 49
41 44 6
25 51 21
35 26 19
12 58 47
73 82 65
19 87 47
81 58 28
14 44 41
78 13 24
63 45 55
37 47 86
77 60 17
64 84 30
83 14 16
58 9 21
85 10 44
77 29 3
84 58 71
30 23 12
10 60 50
6 77 75
27 33 10
25 69 7
17 52 75
3 83 39
81 64 51
78 5 28
87 77 45
16 69 5
33 18 11
49 59 20
20 33 27
63 71 74
44 17 17
54 28 41
6 46 30
42 85 9
9 4 59
80 34 11
11 21 71
25 70 58
61 81 27
74 77 72
28 41 64
49 63 84
15 5 13
3 6 24
86 43 79
61 83 48
73 60 57
38 76 67
14 54 5
79 4 30
87 11 19
70 43 18
55 28 12
30 25 8
14 11 78
45 22 66
61 34 14
81 54 24
13 24 35
64 55 5
66 40 41
35 78 15
72 77 3
69 4 46
45 81 31
56 76 78
28 78 50
55 81 44
14 28 57
19 34 36
18 51 30
86 38 80
77 4 30
45 68 16
1 41 75
18 80 67
11 77 50
75 2 65
47 1 19
69 66 34
36 64 7
79 33 11
77 79 76
64 4 75
75 43 56
7 3 11
42 31 23
39 70 74
68 56 44
75 75 5
57 63 11
41 68 4
76 78 36
35 54 44
24 24 22
85 57 37
21 49 5
74 74 24
29 16 54
49 57 2
72 49 17
22 45 4
50 82 7
34 66 79
6 35 3
61 9 40
48 48 27
16 18 69
12 20 62
1 24 52
57 11 30
22 83 7
68 53 54
6 60 60
33 86 43
16 45 25
60 7 52
15 71 32
67 24 10
12 70 67
19 44 9
15 63 66
49 60 43
18 74 19
58 54 51
19 39 51
68 17 34
55 72 20
77 35 16
54 14 41
19 45 7
10 80 20
23 72 48
64 25 59
33 57 39
23 4 31
74 76 24
75 36 14
50 86 28
4 55 13
86 55 45
53 64 33
77 10 9
76 38 83
23 31 75
76 16 30
11 66 62
33 71 60
54 8 16
10 50 30
83 77 53
9 58 53
71 65 60
15 64 30
69 87 74
77 51 73
39 52 32
40 83 72
52 13 29
65 17 8
59 35 15
36 26 26
49 63 82
14 43 82
71 76 1
11 79 14
11 36 57
9 24 47
22 5 64
35 71 41
58 53 21
67 60 48
34 31 84
78 81 53
34 38 45
7 63 29
6 69 26
47 49 61
53 46 57
18 9 34
70 66 75
58 62 63
46 67 83
20 65 79
76 2 74
22 12 31
78 71 72
54 70 62
43 23 28
61 29 44
43 49 64
11 73 72
65 16 64
25 53 47
56 43 29
44 51 85
39 1 32
34 6 43
53 86 79
34 69 73
68 35 3
10 37 36
65 30 43
29 86 20
5 65 30
25 59 53
29 74 84
31 32 68
14 4 76
7 5 45
33 8 45
60 65 34
82 80 31
66 43 19
2 85 77
11 49 9
47 68 67
54 77 55
69 14 79
41 83 17
74 46 5
77 31 1
58 78 3
47 10 28
60 69 76
64 65 47
77 78 7
16 42 26
4 57 50
27 64 69
40 15 7
51 60 43
3 61 21
71 25 19
17 50 28
86 65 44
84 77 18
21 79 7
69 16 45
48 63 84
37 77 64
79 73 28
38 1 27
81 82 43
60 36 83
22 80 12
35 53 15
52 11 39
60 66 54
67 38 30
2 37 31
44 64 3
46 19 29
66 46 62
14 17 19
62 78 51
46 35 28
80 22 70
85 34 2
10 85 20
77 2 69
35 41 58
20 29 13
83 48 12
26 42 2
33 68 69
30 27 28
3 15 64
19 46 2
55 15 11
45 59 24
4 66 21
86 80 1
12 5 52
82 7 62
15 42 11
71 80 33
69 5 27
48 57 61
1 59 40
29 74 80
74 64 35
52 30 55
76 79 17
36 42 32
37 58 46
39 69 47
3 22 62
42 65 27
9 3 69
5 41 76
79 43 64
51 59 1
70 25 56
73 20 19
46 80 82
73 31 54
73 15 38
83 22 60
29 58 5
58 14 20
55 51 65
9 13 52
36 73 39
49 18 1
4 12 52
43 48 86
22 19 52
74 65 70
48 64 63
66 40 75
61 45 42
23 61 73
25 85 11
13 3 77
59 9 10
42 51 49
35 86 86
46 2 3
27 35 83
76 6 29
9 73 69
87 58 49
14 9 30
86 57 13
16 14 51
37 38 41
30 74 56
75 49 13
69 10 82
45 48 42
61 41 32
67 81 37
25 74 26
23 85 33
31 74 68
7 42 56
76 16 34
81 37 80
84 85 86
53 6 16
45 53 56
14 39 73
56 17 46
1 63 69
18 8 14
77 31 24
86 62 11
50 53 60
41 5 19
11 64 30
26 24 33
25 11 22
20 44 21
55 17 67
5 2 57
57 75 82
32 81 48
80 56 30
27 68 68
2 15 55
57 11 43
78 87 72
21 3 54
12 82 47
54 57 23
71 15 8
20 84 79
30 18 62
74 4 43
42 3 68
2 16 29
1 26 68
68 68 79
16 45 67
11 47 74
25 76 28
29 61 54
68 26 21
26 43 44
54 35 41
17 29 13
43 70 59
69 16 43
73 33 38
20 59 36
83 83 50
54 37 58
17 11 21
84 34 82
60 4 47
34 50 54
67 83 52
72 74 55
23 65 26
16 32 32
32 69 18
71 13 12
85 40 57
50 62 63
44 48 40
70 87 6
77 15 54
3 75 84
80 54 79
12 66 74
78 13 84
59 39 48
47 64 78
52 1 37
36 6 60
63 25 5
43 50 57
81 16 18
86 55 25
70 52 15
1 74 66
36 37 44
43 83 69
5 72 68
85 3 14
18 26 38
72 47 34
47 3 72
4 34 4
83 3 3
52 32 64
40 58 64
29 78 78
57 82 58
6 33 15
14 45 68
52 86 3
28 22 60
4 14 59
41 49 53
59 16 57
82 11 49
79 16 21
75 72 56
80 70 34
49 65 5
25 44 11
57 31 19
16 31 24
62 52 47
1 85 18
56 65 78
14 55 18
13 38 78
43 39 74
16 50 48
86 30 82
58 38 45
78 50 24
52 24 14
48 28 8
37 16 43
44 37 79
10 14 9
3 47 78
43 21 24
2 5 52
54 22 6
3 10 52
54 14 39
48 23 18
50 64 60
2 35 7
86 40 46
24 26 59
29 24 70
39 79 47
11 64 42
84 69 59
22 66 77
86 43 53
21 29 30
32 26 66
15 57 65
37 4 48
64 72 69
56 38 51
16 17 78
1 22 74
54 7 73
45 16 38
79 86 81
60 2 45
75 1 57
18 57 73
3 17 83
45 23 79
34 49 41
71 81 71
74 7 34
15 86 75
50 44 19
11 13 22
84 5 4
64 34 11
63 41 57
21 49 23
6 68 65
9 12 8
31 70 2
57 56 66
62 86 87
14 49 58
4 74 82
17 25 80
53 65 74
68 30 63
19 66 50
80 18 58
83 56 82
78 87 3
31 7 2
57 2 42
66 3 50
45 84 42
18 64 18
30 61 85
32 59 15
3 21 54
11 63 45
67 62 3
77 32 57
8 9 31
74 49 79
4 19 36
19 8 87
36 79 40
61 78 40
2 45 54
3 8 57
42 49 17
24 61 17
18 18 37
81 62 87
67 81 38
18 12 52
43 31 79
6 83 21
8 75 50
28 34 68
23 74 85
54 16 52
11 57 31
26 8 57
3 65 24
46 25 77
25 4 2
2 40 50
24 66 87
26 66 71
62 57 80
71 3 82
42 53 59
72 22 2
28 62 56
61 16 36
39 18 29
30 87 61
84 11 73
87 81 16
10 1 1
35 75 14
17 85 34
37 32 20
80 84 11
24 24 3
18 20 40
12 34 47
55 2 9
38 73 39
80 24 47
31 35 64
79 26 24
17 27 28
51 32 63
26 35 24
36 60 31
72 14 34
40 16 82
84 66 36
52 72 75
18 69 72
24 68 65
36 50 59
49 68 56
50 66 3
48 72 46
50 22 58
36 12 61
49 72 56
31 31 39
77 22 6
69 69 60
28 67 61
11 45 10
54 77 74
60 16 15
67 3 63
34 58 71
71 81 53
81 7 50
85 33 80
29 35 21
28 14 72
16 65 28
44 52 67
73 44 27
28 5 9
11 25 84
37 22 7
64 59 34
59 39 54
52 30 17
14 23 66
46 8 64
4 73 21
6 67 43
48 10 10
31 35 33
45 53 47
54 39 11
39 41 82
80 75 31
70 57 20
61 35 61
47 5 46
68 87 87
85 79 11
74 65 19
72 78 82
84 43 14
87 44 25
48 36 10
28 53 22
23 82 21
66 19 65
7 77 38
51 63 42
71 77 34
73 86 47
68 16 10
48 45 11
44 47 59
55 44 53
62 51 37
42 10 32
54 18 45
33 79 43
53 80 4
83 85 32
44 3 16
6 13 53
44 41 74
15 26 73
55 51 3
9 33 55
46 9 6
86 72 23
72 58 12
67 31 71
30 45 11
34 9 69
52 68 51
27 61 78
30 66 14
44 12 32
47 23 20
38 44 53
4 55 22
78 51 85
38 11 78
54 45 72
58 79 80
32 15 68
58 22 28
32 75 43
46 44 36
45 19 4
63 59 40
6 86 32
47 84 41
86 51 13
45 10 23
13 84 16
53 84 75
59 69 75
80 46 6
62 12 20
36 86 49
82 63 63
28 38 82
9 84 26
7 7 36
63 75 14
38 75 8
20 30 30
55 26 60
41 54 31
56 7 14
24 28 5
69 16 76
87 23 86
30 79 60
59 13 46
47 23 81
2 48 13
21 63 27
20 13 84
69 58 4
10 81 4
51 21 39
33 36 8
72 41 71
19 69 70
21 25 33
82 4 19
81 84 85
30 5 50
74 29 47
61 59 31
19 79 74
63 86 49
71 10 20
75 77 39
56 48 36
68 20 28
30 69 37
28 23 50
30 16 9
42 16 76
29 70 11
33 21 14
77 22 53
28 47 13
20 75 24
1 86 74
73 13 64
57 33 82
80 54 78
53 27 53
4 4 75
13 10 56
11 45 63
86 22 31
23 61 50
45 62 73
60 33 29
17 6 66
57 16 70
23 45 40
45 68 48
77 9 65
11 66 42
56 25 19
25 46 30
81 12 24
65 86 23
43 59 85
84 56 85
31 48 28
56 86 9
5 68 67
64 66 82
71 26 17
58 25 30
73 58 52
82 46 50
74 40 81
17 39 10
85 13 2
31 36 15
78 35 19
81 79 55
85 14 72
27 33 74
31 23 30
27 4 45
47 68 16
8 58 16
76 7 23
47 50 73
87 2 69
16 81 63
36 10 24
71 85 42
17 26 23
76 55 61
67 23 60
23 55 74
74 42 27
34 44 22
77 21 44
84 67 42
16 86 49
21 22 63
29 75 73
64 12 45
15 47 75
53 58 17
76 25 47
7 26 31
73 19 18
49 67 70
34 53 70
33 39 65
40 86 64
80 58 31
36 14 30
61 54 30
39 34 86
42 59 17
43 59 35
3 68 79
32 52 71
18 77 57
38 35 77
29 84 37
17 22 10
57 53 52
3 64 58
33 38 3
62 27 53
25 57 42
51 84 46
41 52 23
47 72 46
27 3 72
41 42 50
70 26 80
7 65 52
85 68 73
48 42 16
63 46 8
47 50 84
55 26 47
64 2 5
24 77 22
42 66 16
57 55 4
11 76 17
35 7 22
35 2 42
2 21 69
36 52 14
57 56 16
41 48 4
67 66 81
39 85 50
5 40 38
61 5 17
41 69 33
12 64 26
18 55 32
66 67 30
44 9 82
11 85 48
33 32 82
46 53 69
15 28 25
9 47 16
11 31 12
41 45 37
82 65 70
49 76 56
53 23 3
58 85 81
73 81 65
4 28 57
69 37 17
85 77 5
10 17 87
39 12 43
22 8 40
62 46 51
27 3 68
87 82 14
36 35 66
18 49 82
73 5 47
54 1 76
1 64 75
85 55 79
58 17 82
34 66 60
18 36 26
71 21 24
33 32 2
10 38 20
8 74 61
38 24 61
53 12 70
3 82 7
51 74 54
72 15 63
72 64 51
8 72 74
27 34 54
74 46 23
51 47 44
52 85 12
64 6 8
7 73 33
68 68 36
41 83 60
37 75 78
9 56 15
16 56 49
6 64 57
73 82 31
53 25 53
22 1 75
66 3 70
9 81 47
29 26 5
51 34 73
46 22 3
83 47 35
41 62 66
34 73 59
34 51 47
77 27 2
82 10 35
79 10 35
12 79 56
38 58 14
84 87 71
25 74 78
79 18 13
27 82 72
44 72 5
9 12 42
63 74 28
74 1 48
53 11 53
47 19 86
42 8 15
47 17 39
7 64 57
85 57 15
79 75 7
73 37 59
70 7 33
2 70 62
56 60 58
12 77 64
70 37 85
20 32 40
81 20 12
41 28 80
51 3 85
13 23 14
48 46 32
9 59 37
45 23 13
44 36 50
52 30 59
42 12 33
48 75 82
58 24 34
5 41 73
75 86 56
17 65 44
63 70 83
76 25 31
9 22 37
63 12 56
63 80 30
40 83 5
60 28 54
82 9 19
44 50 25
16 78 75
43 39 62
11 36 86
63 7 24
66 26 32
49 24 67
46 16 84
84 25 19
63 68 76
39 12 20
85 31 34
34 56 85
85 2 34
32 69 12
41 10 1
14 1 2
77 72 22
14 40 52
79 66 45
13 64 14
52 44 2
23 35 50
49 60 69
37 38 15
71 18 45
29 78 85
83 36 2
60 3 9
57 32 66
76 53 52
44 83 64
24 21 40
6 46 63
40 6 38
23 37 43
28 79 65
74 16 87
62 3 67
87 43 61
64 63 46
23 9 36
55 37 5
3 61 24
85 67 63
24 12 82
72 10 7
62 63 29
63 23 38
47 27 47
65 50 49
70 25 75
17 64 86
23 23 9
31 2 55
81 52 57
14 19 73
55 47 10
79 39 61
30 24 67
11 47 65
8 6 67
1 87 6
19 22 73
35 53 2
67 45 61
65 83 64
85 3 62
49 34 30
39 23 10
15 25 64
84 12 18
3 8 26
6 28 16
70 4 47
82 28 56
16 73 17
7 82 16
41 73 52
53 65 79
12 55 83
27 56 12
55 58 74
11 15 24
3 34 37
24 14 53
2 60 23
44 40 35
27 77 16
19 59 33
80 85 31
22 51 7
52 32 38
10 65 63
22 65 10
82 86 51
63 72 42
73 87 8
58 13 84
74 7 70
14 72 28
33 52 85
74 85 39
65 76 44
33 56 84
29 61 68
45 21 33
81 32 20
44 82 18
43 5 12
20 60 21
85 36 47
37 24 73
72 83 64
67 48 30
36 4 87
73 45 11
42 86 42
30 59 34
51 43 38
9 17 21
77 69 51
55 82 41
34 74 23
65 78 2
35 73 20
65 34 12
61 1 9
52 67 13
2 4 61
85 44 31
66 74 48
34 42 29
29 34 64
12 35 19
16 49 11
83 79 26
53 78 56
26 62 21
84 1 1
2 10 73
25 68 41
67 3 71
79 70 66
18 54 32
25 25 80
16 4 15
27 30 10
47 78 71
60 23 19
77 4 15
10 81 31
41 14 57
28 63 77
1 71 32
34 32 28
51 34 20
26 45 17
36 2 82
19 34 80
86 9 36
68 57 46
84 33 56
36 24 68
58 81 12
75 56 43
41 20 16
43 72 20
68 5 50
22 53 7
60 32 30
54 25 9
79 3 27
71 25 44
8 9 54
73 78 47
23 24 34
39 31 63
34 69 8
45 76 23
63 81 13
30 70 9
53 59 69
56 16 29
32 67 72
26 39 77
35 33 9
56 87 74
17 16 45
82 66 27
21 48 70
59 84 77
19 83 38
44 2 75
44 18 86
44 41 56
40 11 17
32 71 81
4 32 11
13 9 69
16 82 74
58 65 84
24 31 22
7 83 81
86 85 17
10 52 43
58 37 26
57 13 51
13 19 12
41 68 33
70 50 81
56 46 6
87 6 25
17 17 54
53 38 73
59 58 87
38 38 82
7 36 54
81 9 61
28 87 53
5 86 37
42 82 66
83 68 55
83 20 64
42 24 49
71 21 40
75 56 83
80 40 83
46 10 38
66 19 32
61 47 76
72 67 39
85 52 69
9 51 81
27 28 13
45 67 67
23 25 8
46 36 53
33 39 28
48 80 29
47 58 54
27 29 79
72 85 30
6 31 54
7 24 40
66 28 43
59 64 51
12 63 50
40 58 86
44 46 13
6 26 43
62 39 11
83 25 27
39 22 29
77 60 79
79 27 62
54 9 82
36 77 5
74 24 35
78 29 29
50 40 27
78 9 46
48 26 69
65 19 78
86 60 4
29 38 60
59 22 25
9 19 64
75 74 23
57 80 12
31 36 80
4 83 49
79 47 5
50 34 50
53 87 54
21 49 58
20 17 61
4 76 74
5 26 13
41 5 25
29 85 16
41 9 57
61 45 21
54 39 42
70 33 4
67 48 35
22 25 74
2 79 40
11 11 2
10 7 17
84 19 10
27 64 78
21 4 70
31 3 4
55 34 72
34 37 24
73 41 72
16 48 66
4 18 59
84 62 78
33 59 9
9 28 31
4 65 42
31 51 35
66 7 71
25 29 22
71 1 65
17 69 50
73 36 32
66 19 75
21 40 64
14 29 26
3 36 23
65 40 85
58 42 82
60 47 59
31 6 65
7 3 85
7 44 37
53 61 33
82 72 54
85 6 45
32 35 16
41 54 49
27 34 39
19 51 54
13 61 71
39 84 36
20 85 63
37 32 55
37 55 71
25 79 43
31 21 39
8 3 54
75 63 5
62 45 56
36 63 62
36 57 86
48 53 53
28 73 31
50 60 52
68 80 38
20 45 66
40 37 59
77 58 31
41 38 12
68 73 31
63 66 77
13 44 76
62 63 9
39 85 76
57 19 11
75 44 38
39 30 45
3 83 71
9 29 4
11 83 3
42 22 78
86 16 43
48 77 52
28 50 69
36 44 55
17 12 46
63 31 17
10 51 82
37 38 9
52 6 59
53 86 86
73 2 8
82 11 26
54 48 21
78 8 51
42 74 47
15 19 15
50 84 41
52 73 53
71 45 47
14 41 57
8 14 8
78 47 8
20 16 83
35 54 63
6 60 39
78 30 33
61 20 46
76 41 31
70 36 62
2 69 70
61 80 54
31 27 75
26 56 7
11 67 32
80 34 3
50 51 22
7 26 57
45 69 80
66 41 25
15 17 62
43 71 21
60 21 54
80 11 77
76 76 70
64 11 52
26 10 77
55 27 27
60 58 29
83 69 50
66 27 7
8 38 34
39 24 42
5 46 6
9 15 17
73 53 75
39 16 61
10 29 61
47 55 31
34 87 47
16 66 34
84 69 37
77 47 26
26 9 30
4 17 46
38 67 25
5 45 58
20 34 72
3 1 74
84 60 16
13 27 44
59 20 32
76 45 34
55 59 23
62 7 85
31 62 7
13 83 73
53 64 86
59 50 53
1 35 26
4 34 58
54 60 84
43 55 28
2 24 60
21 46 45
71 71 21
19 18 46
59 47 9
46 52 85
65 61 61
5 6 4
10 76 30
12 74 76
70 16 79
72 47 17
43 29 41
60 74 32
11 76 60
38 11 72
11 31 10
46 68 56
6 68 51
14 37 47
54 73 84
25 46 4
83 68 44
15 46 67
29 33 19
54 84 43
83 75 9
86 35 17
49 26 56
26 39 29
58 48 39
69 21 83
25 87 80
15 40 62
11 40 6
59 40 36
7 62 29
68 28 14
87 75 8
73 67 82
74 84 28
74 57 72
44 40 65
17 37 25
21 15 44
47 73 57
24 23 41
7 21 40
57 71 30
2 76 70
27 82 39
69 3 16
43 1 15
37 70 58
35 56 18
44 2 11
16 6 7
25 9 34
39 41 38
56 63 9
54 33 66
43 35 38
86 77 30
22 83 42
83 22 75
81 21 74
47 5 11
34 38 31
64 5 25
11 38 56
64 82 56
81 18 22
66 65 23
38 22 26
6 60 42
21 4 51
26 3 35
6 47 70
75 19 14
51 29 83
52 38 60
13 58 54
33 19 28
74 19 18
65 25 87
7 21 67
20 54 15
86 3 76
18 14 20
27 66 17
74 71 68
33 10 78
30 62 82
62 79 75
23 78 77
3 59 15
57 25 28
72 22 75
18 84 15
13 46 34
14 3 31
41 50 34
6 43 42
45 80 21
67 85 25
46 81 55
75 35 45
81 49 55
49 61 80
3 28 71
69 85 81
12 33 60
53 52 21
70 85 54
73 18 45
85 76 9
69 15 79
80 61 44
6 59 87
16 29 28
23 43 19
12 53 65
30 87 72
25 21 2
64 19 62
85 60 2
43 58 37
59 18 13
41 50 3
70 63 79
73 65 58
38 49 49
28 32 48
70 38 38
80 42 81
28 81 23
54 56 53
29 4 39
70 65 22
85 27 31
68 74 85
23 73 16
40 25 70
30 14 21
7 60 79
54 67 72
45 7 8
12 54 54
28 62 40
18 59 38
40 42 43
78 62 67
73 1 6
83 17 4
2 40 12
67 38 16
48 79 25
60 86 15
3 16 71
58 59 37
9 42 65
73 59 70
20 83 76
74 9 28
78 42 64
26 17 17
57 40 9
32 18 45
12 53 87
62 63 70
67 63 56
66 20 8
72 49 16
35 30 2
56 86 26
13 2 86
61 38 43
54 49 30
60 81 41
66 31 12
25 69 86
73 34 32
73 15 18
21 71 32
62 35 87
75 54 74
36 81 28
70 21 18
14 79 42
81 35 73
79 70 46
17 1 35
26 19 84
79 31 83
73 33 87
68 18 28
11 32 50
49 46 31
55 61 60
68 68 36
41 79 30
25 7 9
16 10 80
35 25 82
23 2 85
5 73 53
22 45 79
77 34 12
84 79 3
30 53 37
59 81 44
67 66 87
40 10 6
75 66 11
63 51 6
79 72 13
82 60 63
32 71 1
84 63 32
23 29 20
36 73 65
76 4 32
73 68 65
16 57 50
23 57 4
68 11 75
27 7 53
37 31 8
72 3 80
53 39 78
42 27 35
72 78 17
75 61 45
46 67 32
38 79 50
16 13 8
27 39 83
76 31 62
47 52 26
32 32 65
64 34 52
4 56 79
27 4 69
36 14 20
48 43 67
13 67 77
40 82 79
57 31 17
26 45 29
14 66 55
4 83 67
85 47 57
68 64 58
8 49 76
60 32 32
27 25 80
28 60 48
44 13 17
3 28 16
53 1 47
49 46 8
59 74 75
49 2 54
32 3 66
67 9 65
36 80 70
87 21 60
4 32 77
7 52 25
74 52 80
23 5 1
42 85 86
22 61 26
35 28 43
21 23 27
22 46 54
24 14 87
1 35 31
69 56 53
7 73 37
17 48 4
70 69 59
43 73 73
56 49 13
53 66 31
59 78 57
54 46 81
70 81 9
28 23 7
81 31 52
11 3 77
77 80 40
16 41 5
83 69 12
50 71 87
52 34 53
8 21 21
82 30 24
69 67 41
23 7 72
57 27 87
6 31 22
2 10 57
86 78 49
60 63 32
70 80 33
14 5 35
50 49 51
41 25 11
52 44 30
30 54 39
7 51 37
8 17 54
56 20 83
65 20 25
35 28 87
3 28 56
72 73 21
73 2 5
65 64 45
16 56 51
38 77 33
22 76 52
46 1 16
37 71 38
61 80 61
32 25 20
23 18 10
33 14 80
48 84 54
80 78 63
79 46 83
21 54 51
36 52 12
16 7 86
74 26 13
52 85 30
41 17 23
27 73 81
43 38 61
46 57 30
25 16 8
29 48 84
79 24 29
28 47 16
9 46 47
3 16 27
1 22 1
49 87 23
35 75 13
29 72 28
44 57 56
86 29 49
71 2 75
75 72 50
21 85 50
86 86 86
35 28 48
50 26 1
23 21 22
37 85 60
73 44 60
62 56 57
4 16 82
31 64 49
1 20 45
50 82 26
7 79 57
2 77 5
1 38 21
84 82 75
14 85 69
74 14 25
61 18 45
41 48 79
38 74 14
81 67 75
65 6 38
35 29 44
78 22 25
42 34 59
38 71 1
18 30 39
3 7 75
61 79 2
40 4 16
31 83 8
56 86 2
57 32 29
67 68 3
64 27 6
77 79 25
47 18 59
72 80 4
10 59 81
15 32 80
57 40 18
30 21 7
16 59 49
73 50 26
78 63 40
7 54 41
61 87 37
39 28 4
78 21 27
19 81 69
41 29 10
3 73 54
4 26 40
57 50 32
25 70 24
59 86 9
44 27 3
8 83 15
68 33 15
75 20 84
73 37 68
60 49 28
66 47 17
30 50 21
50 82 44
35 45 52
57 8 23
48 25 51
19 54 41
7 43 83
69 50 60
44 31 33
64 39 17
29 65 72
49 11 1
60 36 69
75 46 34
4 35 16
74 47 84
64 62 3
42 5 25
54 62 79
75 3 86
9 58 74
15 33 11
84 14 25
76 34 6
44 66 46
37 7 53
46 24 64
33 11 73
34 57 14
38 72 18
85 26 42
31 72 86
45 51 7
43 44 51
85 18 83
3 77 35
87 72 74
64 14 68
40 52 68
77 56 21
46 14 70
86 31 81
11 58 41
77 27 19
85 63 32
57 64 76
7 18 50
11 31 27
77 5 36
77 87 83
46 16 11
21 20 80
41 30 26
60 26 50
81 26 54
9 26 24
4 71 67
84 68 57
13 69 69
83 85 5
39 43 68
69 80 38
82 19 26
85 58 41
53 62 39
37 41 20
38 68 6
77 87 14
10 40 14
36 87 35
66 77 15
68 3 12
49 4 80
18 45 40
76 29 20
28 57 39
43 87 10
59 33 23
47 5 3
45 16 28
25 15 46
47 11 65
28 80 43
3 70 58
69 64 62
20 31 67
51 12 1
11 28 51
19 38 46
57 27 9
32 51 38
65 21 73
35 20 59
48 32 48
2 65 59
56 67 11
44 43 30
17 47 67
41 7 40
67 80 41
35 77 86
14 28 14
45 23 11
54 18 43
43 48 15
25 8 69
54 46 77
38 50 59
84 53 8
3 54 61
24 71 63
61 37 44
31 10 57
18 25 73
72 16 55
22 66 30
29 52 82
66 17 86
66 41 5
40 3 1
69 18 7
31 31 8
77 3 58
71 83 66
87 78 67
2 36 21
50 6 81
42 50 1
45 51 82
84 62 36
76 69 58
33 20 54
47 55 38
17 80 17
34 46 4
35 72 49
45 60 3
35 7 34
41 2 46
15 81 32
6 49 39
29 18 71
73 38 39
13 5 2
50 17 44
86 87 23
3 14 68
48 71 66
35 74 52
46 46 56
20 11 20
36 13 74
85 76 77
50 67 60
51 8 32
47 22 60
65 87 75
84 33 75
9 83 15
77 1 77
54 41 73
15 55 68
11 27 11
44 6 6
72 44 17
52 44 44
66 42 45
65 10 22
84 18 33
6 6 28
22 70 66
63 56 87
78 61 46
86 43 41
68 11 41
54 28 43
38 63 76
22 62 45
63 49 4
70 64 21
38 26 27
53 51 15
62 63 15
6 34 20
5 68 63
41 17 56
47 24 26
81 79 15
49 83 11
54 45 16
45 19 32
43 28 60
82 36 11
54 85 79
22 78 46
9 3 24
30 49 84
52 43 22
18 81 9
1 50 82
48 61 17
39 55 42
55 26 43
80 65 54
37 75 25
61 14 60
77 66 74
57 75 58
15 10 60
5 76 87
54 60 10
19 54 27
65 67 61
39 12 34
43 9 47
14 84 31
1 57 80
84 63 71
62 70 1
40 45 79
29 64 51
67 55 63
82 70 58
18 86 64
28 85 43
9 61 76
12 62 66
32 44 36
63 83 59
70 80 51
29 54 53
29 43 3
60 3 60
18 18 47
5 50 1
62 63 54
54 47 18
15 12 68
60 63 45
38 29 28
21 60 14
84 86 83
26 59 64
78 62 55
69 51 48
48 11 46
26 34 82
42 3 32
40 16 5
4 42 29
56 56 34
80 46 70
64 10 16
26 59 78
65 36 61
42 10 11
49 38 36
57 73 78
64 4 10
51 61 62
42 55 87
74 62 14
1 4 48
4 86 50
54 3 80
82 41 33
51 8 74
87 34 3
43 7 47
84 34 72
67 57 6
6 45 55
17 22 27
10 18 81
62 25 39
26 41 2
8 33 77
50 47 43
44 2 24
59 37 74
87 25 61
43 7 7
63 18 65
27 57 33
57 29 43
42 70 20
55 46 73
17 48 9
24 82 77
77 6 64
13 13 73
48 24 48
43 60 30
74 55 34
40 69 13
35 70 14
22 52 11
51 51 49
45 63 78
77 51 1
72 67 60
79 10 30
5 35 21
50 27 66
3 36 35
61 79 73
65 39 7
12 83 74
46 33 10
25 18 61
14 81 26
9 67 86
86 16 50
1 70 63
41 22 46
32 64 65
24 8 71
36 39 51
43 31 7
86 79 29
42 20 66
29 13 42
28 78 80
76 61 82
38 61 86
42 32 15
59 27 64
77 43 56
73 2 72
66 48 45
18 28 10
2 50 84
25 31 70
13 52 48
30 19 61
1 77 10
82 19 41
72 21 4
76 7 49
15 81 66
72 77 41
39 13 50
42 74 24
52 24 6
27 65 29
45 71 37
3 8 49
23 25 25
16 84 18
2 5 59
56 87 52
70 1 2
49 37 51
29 52 67
43 39 26
53 21 48
57 49 80
28 80 41
15 86 23
8 78 82
32 22 51
37 13 18
43 5 61
44 42 27
41 57 7
10 3 47
58 80 85
71 70 49
19 17 66
66 56 39
50 67 18
25 14 82
74 54 75
36 80 77
82 17 29
24 60 69
15 31 32
51 83 23
62 51 78
85 52 27
73 32 4
11 83 68
37 10 72
63 69 25
54 87 16
44 47 61
53 2 67
37 55 5
84 2 21
65 46 60
80 79 80
36 6 68
11 13 86
70 12 21
6 64 87
8 32 74
66 31 83
26 66 31
5 36 59
31 12 75
77 35 68
40 37 74
57 65 30
46 70 46
83 58 26
85 9 25
64 52 50
53 35 86
15 44 56
54 60 34
39 70 49
64 23 50
63 22 24
37 63 46
51 17 40
30 73 51
29 2 28
51 70 85
46 46 36
82 69 20
62 11 7
56 34 84
6 77 19
30 29 57
42 57 7
41 63 51
35 80 83
31 62 78
65 29 23
13 35 35
36 43 13
43 4 7
41 14 82
5 24 15
29 33 10
41 35 23
40 69 36
39 40 49
9 39 65
3 35 85
57 44 34
80 48 39
61 1 8
9 41 27
12 45 54
75 82 26
48 80 49
77 69 46
50 82 6
74 37 64
10 51 25
79 11 5
83 14 38
21 84 11
76 25 45
33 42 76
82 15 65
68 14 47
58 13 63
14 66 17
71 80 59
73 3 54
64 20 58
27 32 21
36 6 39
39 12 62
1 35 63
87 33 63
14 57 22
31 68 16
21 2 5
67 48 47
59 50 62
73 28 4
19 41 76
45 84 13
84 78 11
4 24 12
83 46 29
71 77 41
19 52 44
45 31 51
63 48 44
27 20 17
9 60 45
22 79 44
23 60 57
26 54 50
26 14 53
71 53 40
73 54 17
6 55 12
37 40 72
45 45 17
13 23 70
83 54 63
55 20 48
19 60 83
11 9 4
59 33 61
26 13 39
79 7 53
36 45 48
35 67 21
2 1 86
84 41 25
67 51 50
78 27 19
57 16 29
65 51 15
34 47 22
36 26 43
42 48 80
55 20 79
55 45 54
72 85 71
44 22 65
21 32 39
17 69 68
2 70 84
64 38 64
64 46 61
63 71 48
34 39 87
32 65 8
36 61 70
42 69 45
3 8 33
12 6 43
6 38 58
55 27 17
53 23 6
65 63 70
77 30 54
9 46 10
70 67 43
66 11 71
83 61 75
61 17 43
15 76 58
80 70 62
69 80 42
17 6 63
18 66 68
39 34 25
83 3 39
48 66 65
72 38 31
76 86 87
46 55 16
15 2 71
65 50 56
52 18 74
17 40 62
57 4 35
5 4 50
42 9 29
31 3 43
45 56 6
21 63 41
30 57 76
5 81 61
63 20 39
66 83 17
18 20 82
19 42 16
57 59 86
4 34 60
46 14 50
61 39 10
31 49 72
15 42 67
27 72 61
40 11 10
23 24 9
87 77 39
68 52 50
24 82 45
55 67 19
20 21 77
62 28 78
70 36 85
11 65 64
44 51 2
6 27 80
28 86 21
36 80 10
24 54 73
82 85 78
44 68 25
56 48 6
28 57 19
55 28 1
87 51 56
11 17 17
82 73 29
9 77 26
32 18 75
14 82 15
54 31 35
66 52 70
27 76 75
70 50 75
37 65 25
52 62 20
28 12 37
73 57 9
38 65 74
78 33 48
35 4 74
83 41 43
18 25 72
41 28 29
29 63 53
28 74 68
22 40 40
4 43 29
31 34 82
85 27 40
84 14 35
18 67 87
64 15 32
11 10 72
50 52 44
74 42 55
66 72 77
82 16 38
26 35 34
81 44 16
48 81 20
75 61 29
48 58 61
77 60 57
34 78 18
35 36 48
75 19 79
68 34 80
33 61 47
45 85 10
27 2 49
54 75 8
6 77 77
5 52 62
60 23 51
30 80 24
1 11 62
23 43 78
2 18 23
11 75 20
71 35 8
40 17 83
79 12 8
47 55 68
5 45 10
66 36 17
4 37 33
5 42 71
48 10 41
74 1 64
18 31 8
59 40 12
44 79 84
42 28 40
28 42 43
23 37 69
63 65 73
48 30 3
71 77 47
86 71 78
80 42 23
54 72 72
78 31 8
34 75 1
33 43 38
23 25 40
23 57 63
19 27 32
12 62 84
22 29 17
51 35 21
54 81 37
45 78 41
4 32 38
82 2 6
36 80 44
76 80 39
55 43 18
43 68 42
46 30 40
69 83 42
74 26 37
84 58 66
20 51 37
83 43 23
24 64 57
56 71 54
1 57 19
63 7 13
71 67 66
71 62 50
62 16 64
40 74 30
84 18 75
39 37 11
45 66 26
32 77 1
25 74 87
82 4 13
7 52 66
46 72 1
27 75 73
1 79 4
11 6 47
67 1 20
4 27 77
80 54 15
23 26 75
55 77 37
50 24 4
85 14 15
85 36 24
44 80 56
50 87 65
81 4 37
80 65 48
35 8 12
69 62 35
45 64 16
53 81 44
71 78 83
73 69 6
1 24 30
46 75 54
5 58 43
63 62 47
15 76 8
83 57 17
27 72 72
40 69 8
78 81 79
63 76 75
25 65 25
56 62 38
67 80 70
71 37 65
41 64 53
22 6 37
36 70 86
48 7 1
43 62 43
49 86 86
44 83 12
20 11 84
47 80 61
55 54 52
44 61 9
35 69 8
35 50 29
18 26 52
69 7 12
23 46 17
81 75 43
33 80 43
84 82 69
36 44 6
17 54 76
27 11 73
40 37 49
31 68 18
8 12 47
59 47 6
45 44 72
44 13 66
16 34 73
77 3 30
81 8 41
16 19 71
54 31 48
17 83 47
85 12 77
25 5 81
70 70 70
46 11 58
58 18 86
68 44 53
25 50 81
27 19 20
24 42 64
7 59 64
73 62 82
21 61 24
12 23 47
75 45 30
51 51 6
76 75 56
78 4 30
82 54 30
31 60 63
85 33 82
10 20 86
54 84 2
15 60 85
69 64 36
87 43 47
22 62 25
26 55 6
64 13 85
82 49 66
49 40 76
3 53 12
66 61 76
60 66 55
29 24 24
80 76 75
76 34 43
16 57 4
58 57 49
20 39 38
25 71 12
81 10 31
23 15 53
45 69 22
37 73 8
14 52 1
9 13 53
22 70 53
73 85 85
78 63 7
52 54 71
19 49 19
35 51 74
19 11 28
44 24 76
68 87 72
85 39 36
71 60 15
20 24 8
64 10 24
10 34 17
4 41 56
20 72 67
38 71 43
61 63 33
76 80 34
40 55 27
77 79 37
56 21 28
10 7 82
22 46 72
77 5 14
73 81 30
44 33 81
67 53 26
55 68 27
22 61 12
79 76 65
13 75 60
34 69 52
7 42 1
31 43 51
77 67 42
81 81 74
12 74 47
12 70 51
61 66 1
77 44 57
14 40 56
58 2 60
58 74 14
37 78 67
3 78 15
59 53 33
19 76 44
16 66 8
55 40 80
20 34 16
48 67 48
10 59 26
1 69 65
51 3 55
16 70 72
44 37 26
26 13 55
55 41 62
15 3 51
45 58 31
78 4 42
32 42 47
2 71 50
40 31 57
62 80 28
16 38 32
44 44 77
74 15 69
36 5 66
68 61 46
80 34 33
69 49 44
12 77 37
24 42 85
71 38 37
46 50 24
61 87 30
25 58 13
65 59 45
77 78 83
55 46 69
86 29 31
49 53 63
85 39 19
80 31 30
46 15 74
18 61 87
87 13 47
12 85 3
48 13 7
9 79 25
60 86 50
74 20 31
37 58 81
82 28 38
33 56 72
79 32 76
21 10 44
44 22 58
78 32 32
4 11 82
28 60 71
30 44 39
22 49 17
54 82 38
7 1 54
60 25 19
58 87 54
16 62 45
42 15 71
24 33 35
84 15 49
35 27 11
34 6 59
66 58 42
46 55 83
56 63 20
74 22 13
20 9 75
12 1 78
15 53 32
12 1 80
29 29 44
85 15 67
53 44 69
4 57 22
7 65 32
44 60 24
17 30 62
40 15 63
21 33 24
27 12 77
33 6 52
61 51 3
15 85 4
13 24 84
67 15 35
75 42 44
66 48 25
70 77 15
2 47 82
11 33 13
12 47 47
56 75 23
8 5 37
16 36 57
31 57 48
53 56 78
66 8 13
73 37 31
62 72 84
11 16 76
18 35 49
71 46 34
17 7 26
86 1 66
68 31 8
20 73 3
18 2 47
58 63 69
35 13 70
62 83 31
11 41 70
72 70 70
20 32 17
62 63 47
77 32 66
78 45 28
75 44 29
87 31 3
37 39 23
4 78 58
63 86 27
58 67 28
61 1 25
87 12 10
55 56 87
53 65 70
70 70 28
40 31 39
35 3 62
26 87 8
63 50 7
25 72 26
60 27 28
49 57 34
43 77 53
23 56 82
6 25 83
44 39 15
68 6 6
4 18 12
36 53 17
85 22 55
29 24 46
66 45 20
85 60 12
59 9 29
34 35 43
16 60 45
72 57 3
67 2 21
62 30 56
34 69 6
82 36 56
51 30 9
61 61 68
19 59 79
49 84 14
71 24 74
24 14 50
26 80 45
36 61 14
2 12 36
51 37 80
49 73 43
52 15 47
76 3 65
73 85 7
10 64 47
5 76 55
36 72 16
8 34 13
82 52 29
86 4 86
3 2 16
57 26 32
61 63 57
60 21 15
26 25 3
17 16 64
56 45 2
69 75 34
71 32 28
73 32 32
67 2 14
43 17 54
74 61 87
61 3 21
69 66 13
22 26 23
65 85 16
71 22 8
10 87 4
85 45 45
3 68 17
16 42 14
12 6 75
73 73 15
22 75 56
59 78 70
37 34 53
87 63 39
1 60 51
10 20 34
82 7 34
49 67 64
38 69 62
3 33 11
4 5 38
46 30 68
65 64 78
64 42 54
86 48 2
10 13 60
49 63 23
84 22 40
73 21 28
52 64 60
10 48 40
58 50 79
66 62 7
26 26 32
59 2 48
68 57 14
26 5 8
47 39 76
61 55 11
18 39 10
49 49 40
57 15 34
10 41 40
3 27 41
49 74 85
79 68 47
4 26 65
13 52 82
40 32 14
58 39 68
53 53 41
68 67 83
87 41 84
73 19 83
2 67 73
19 26 15
83 85 73
85 14 84
85 3 51
15 38 87
72 87 46
51 69 20
57 59 30
4 66 60
57 14 23
40 20 54
20 35 77
75 41 22
37 48 42
24 22 76
81 64 73
33 14 79
77 8 59
26 1 57
58 52 36
66 53 36
57 62 65
7 38 78
74 42 45
62 37 57
68 10 6
46 36 36
61 9 14
75 58 2
24 47 11
32 53 74
3 35 71
56 32 15
39 50 5
84 11 3
76 77 15
3 8 26
77 52 56
15 7 1
71 77 8
39 80 14
33 78 40
50 27 70
64 81 21
73 52 85
73 58 3
66 66 50
87 61 2
7 72 70
23 85 19
2 30 61
59 78 41
36 14 23
85 80 12
28 66 39
31 31 17
16 39 4
74 85 50
86 55 50
24 70 51
83 10 62
3 37 23
44 20 7
24 38 37
38 60 77
71 3 21
52 74 10
82 81 18
16 67 57
1 25 49
11 52 2
77 47 45
35 87 8
57 65 84
38 65 15
69 73 39
28 45 23
52 58 22
34 64 3
83 79 36
52 81 55
74 80 37
45 14 65
44 41 42
41 54 39
24 47 43
2 68 70
5 62 86
70 35 29
72 7 50
77 53 74
26 86 82
41 22 24
81 20 40
13 20 57
66 43 76
42 54 6
40 33 3
1 75 77
31 43 82
86 12 15
21 81 47
61 27 64
3 55 82
4 8 76
7 70 60
83 15 15
74 35 80
18 22 50
62 70 14
4 44 52
17 73 31
84 33 6
71 57 34
87 83 45
28 21 40
28 1 50
7 26 31
35 49 70
34 21 85
46 34 24
67 1 13
41 80 76
63 72 52
83 65 27
78 81 16
56 74 65
27 47 42
12 50 27
10 81 38
23 47 3
81 24 28
55 49 81
21 33 71
73 53 9
85 10 15
31 40 58
7 39 10
31 81 3
52 55 65
23 60 53
40 9 20
2 17 28
47 47 21
76 73 43
45 18 75
87 18 5
27 36 15
67 29 47
18 48 53
87 23 13
37 37 28
4 21 76
34 24 8
55 39 67
28 78 7
45 45 84
16 60 34
10 77 75
50 80 19
5 84 56
42 8 69
52 62 41
72 22 68
60 26 56
61 67 35
30 51 52
14 6 29
62 41 23
1 63 5
33 2 45
33 62 78
18 77 24
27 49 78
32 72 46
36 50 52
2 23 7
34 54 79
18 33 19
20 30 49
83 22 53
24 35 85
25 47 84
62 71 39
30 44 47
54 34 7
87 68 33
40 15 87
36 25 19
67 28 47
82 67 79
73 76 72
47 1 82
40 73 21
25 26 72
22 74 25
1 20 64
76 82 72
53 70 5
13 46 65
16 24 16
67 32 64
38 68 77
41 43 76
35 24 19
58 22 83
61 20 30
45 21 80
20 47 66
83 73 1
75 69 22
87 31 38
63 17 36
4 41 9
30 85 4
42 75 61
10 62 75
30 2 51
19 67 8
2 87 84
55 21 2
6 58 28
85 84 47
26 22 8
4 15 34
71 48 33
29 23 48
61 52 22
54 55 55
45 84 30
69 84 65
53 39 2
13 7 30
36 36 26
26 7 75
22 66 57
41 8 65
32 35 12
54 49 37
64 5 1
3 83 45
83 73 71
54 47 3
49 44 35
28 22 13
50 81 18
62 5 21
38 16 82
49 40 35
36 79 52
2 48 44
73 19 87
67 68 84
77 39 51
71 21 2
38 4 6
56 1 60
69 57 46
37 2 39
19 25 58
79 29 53
27 24 45
65 25 79
4 51 57
17 74 29
45 47 38
79 40 19
42 59 82
63 70 10
71 47 86
41 16 23
70 58 67
31 6 51
73 28 29
56 14 54
77 33 59
70 30 14
4 68 80
62 42 3
78 2 33
55 10 15
67 64 38
28 52 54
4 29 58
62 78 14
25 50 53
40 73 67
46 26 14
23 5 19
37 28 37
71 34 15
48 55 36
2 64 65
52 83 53
53 7 81
15 48 79
46 4 76
49 27 15
53 74 16
19 44 51
54 34 75
79 43 54
6 37 82
13 63 62
4 85 76
7 1 37
10 41 32
56 42 40
80 39 72
8 12 76
33 77 53
17 28 78
58 16 22
6 71 71
7 49 38
48 42 77
2 13 87
26 85 36
74 44 6
84 74 55
45 32 61
54 21 31
56 14 25
21 23 63
57 67 61
21 31 33
33 52 51
54 9 54
59 50 4
33 43 1
7 5 83
84 84 76
66 17 9
73 69 18
63 44 66
43 81 9
80 66 51
17 79 2
34 70 29
82 1 13
14 65 20
58 77 49
28 27 21
42 77 75
30 78 18
36 33 70
38 64 19
28 6 64
28 50 83
60 16 4
55 41 19
64 81 75
45 87 73
47 70 49
84 32 15
19 51 83
15 26 58
76 53 18
39 6 9
3 34 42
80 20 42
27 14 41
40 47 25
67 78 26
59 13 19
55 47 61
64 78 58
29 16 5
87 54 73
51 68 67
6 30 74
81 21 57
8 16 52
42 6 66
28 11 52
7 77 8
32 79 12
27 7 67
46 9 29
18 32 39
6 80 36
74 5 68
8 3 66
13 33 72
48 74 83
40 19 64
62 73 59
59 7 49
72 1 15
46 73 78
21 59 10
16 59 65
11 20 80
56 82 58
45 34 87
43 78 36
82 35 20
52 67 6
87 44 12
62 73 82
47 3 60
59 15 42
37 53 43
22 9 54
55 62 76
18 71 87
55 69 35
68 39 61
27 9 60
46 82 40
47 63 75
3 54 15
64 44 2
36 34 72
58 73 44
49 79 30
57 41 81
70 48 14
78 39 77
69 27 10
40 43 22
8 64 8
21 35 59
82 50 30
34 63 7
1 19 66
50 33 68
68 11 83
5 51 42
54 32 53
20 54 62
30 39 28
52 52 40
75 81 13
19 34 53
61 33 22
1 65 80
72 18 34
17 83 45
81 67 22
4 35 55
57 72 80
31 72 29
78 25 50
84 52 57
55 19 60
15 58 19
60 79 65
77 34 55
79 48 10
87 79 18
57 85 61
83 64 86
30 83 25
68 83 86
70 34 53
80 11 5
4 56 75
34 64 35
24 32 26
8 46 73
3 27 80
67 12 64
4 62 36
49 54 60
20 81 77
42 79 71
76 54 17
74 38 54
63 85 10
76 69 20
41 16 1
4 44 20
78 19 29
60 79 3
65 44 80
70 8 6
52 16 65
78 86 79
62 19 62
3 51 40
68 48 2
59 30 48
46 2 69
53 15 7
37 76 7
50 34 33
58 58 70
19 2 18
31 50 1
58 43 32
33 59 22
51 31 44
37 61 45
16 69 54
52 27 15
8 21 53
41 18 85
51 1 6
24 58 85
7 79 53
3 5 74
59 39 81
77 73 68
20 81 62
66 24 32
54 76 82
72 28 62
78 22 34
56 19 83
44 68 73
71 74 3
13 49 21
6 78 63
85 74 19
70 68 79
40 56 52
79 54 33
28 81 48
3 33 16
13 80 51
37 2 49
58 79 31
70 83 36
46 67 68
83 55 5
18 21 49
70 78 14
80 39 6
1 50 9
64 53 27
68 45 29
31 32 17
61 61 6
82 31 9
1 69 18
6 42 34
71 54 14
42 26 67
75 6 38
29 52 65
11 3 66
22 75 52
70 64 14
83 46 35
11 47 62
59 19 42
62 71 71
42 6 83
48 69 63
29 84 82
57 8 24
53 71 75
4 65 4
71 52 53
9 48 40
13 78 72
21 18 38
5 24 48
10 16 1
38 22 37
54 80 51
17 54 53
16 50 24
72 3 68
87 34 54
31 58 67
16 13 6
59 31 12
66 51 46
72 13 36
63 19 53
47 67 36
43 84 42
26 8 81
11 80 71
84 3 54
32 3 42
72 27 54
84 53 18
5 1 37
31 64 63
77 82 69
6 44 42
51 19 3
36 3 80
76 31 48
18 51 5
36 68 40
66 22 37
39 26 67
17 32 35
63 51 52
76 59 31
65 10 7
87 60 50
67 76 69
34 38 5
11 15 40
23 83 74
63 67 64
13 25 84
11 42 59
34 55 69
63 2 38
38 41 79
27 14 41
54 60 74
31 76 39
17 61 72
83 2 60
65 20 62
60 53 72
45 12 53
25 31 83
14 62 71
30 20 46
68 51 57
73 32 23
11 28 42
62 16 49
64 74 33
66 67 7
11 16 74
74 52 57
66 63 35
25 67 79
16 6 45
8 52 19
76 71 65
12 29 79
82 46 70
11 41 79
85 84 20
70 87 7
63 82 76
8 29 31
35 28 70
53 28 50
58 37 1
34 71 68
51 62 6
78 28 9
82 1 86
67 73 70
72 66 83
16 7 25
54 15 72
86 65 44
71 56 21
20 79 45
14 24 48
37 28 8
2 83 12
53 16 35
87 8 51
69 59 43
11 15 10
13 60 52
80 64 9
77 31 59
38 25 84
26 5 19
87 40 34
73 38 25
1 50 67
61 87 64
80 73 68
54 19 1
65 59 45
36 35 70
62 46 17
31 8 56
71 80 71
22 82 47
18 28 69
57 32 41
15 61 25
57 85 6
27 53 9
83 15 41
84 70 4
43 63 75
29 86 58
38 74 47
80 25 36
45 29 38
81 5 39
78 84 73
25 86 14
66 76 79
29 80 70
4 63 50
86 66 23
83 15 30
50 80 43
2 2 37
34 69 34
53 74 24
45 76 69
63 56 1
41 55 24
83 22 20
47 20 78
16 46 15
76 78 46
15 1 60
62 41 64
76 6 20
47 60 73
51 75 84
63 13 82
21 41 75
64 64 35
54 24 6
47 27 35
57 38 25
72 86 1
16 77 83
69 8 72
36 47 20
68 27 1
24 23 52
73 63 4
26 59 14
67 35 87
38 18 72
24 31 13
68 27 80
79 70 31
18 30 27
86 42 2
1 41 84
82 87 4
7 81 18
69 75 11
61 69 16
4 37 42
15 34 9
58 68 16
35 11 38
45 19 24
42 50 25
21 48 62
54 46 83
84 14 45
19 74 9
29 15 34
1 3 34
57 24 14
10 32 84
50 65 52
25 86 78
47 42 73
74 50 30
5 42 77
84 33 85
38 66 28
75 14 13
50 37 62
71 35 74
29 53 85
86 33 35
38 80 22
78 49 14
87 1 44
42 78 40
84 52 62
71 78 65
37 32 33
55 23 57
58 84 27
16 54 28
81 30 41
87 84 29
25 87 21
18 38 35
85 80 35
64 40 70
82 35 85
31 18 20
2 86 37
47 44 27
44 50 25
75 8 17
28 11 72
68 85 68
13 53 62
36 77 30
19 18 61
13 15 54
12 80 56
61 46 35
24 7 30
6 47 64
78 31 49
81 64 9
6 1 24
18 6 50
83 71 75
31 36 74
20 83 48
6 9 57
61 44 58
41 81 60
18 15 16
68 70 41
18 84 57
11 45 35
1 39 47
27 51 83
6 56 69
84 85 62
21 49 75
60 80 81
20 79 78
67 79 77
72 16 7
8 26 42
36 29 47
56 77 75
54 24 51
85 20 8
44 48 11
72 65 76
32 71 30
51 16 26
70 44 65
52 62 8
2 8 87
44 83 9
30 10 34
67 12 34
67 78 49
79 83 37
31 34 50
31 24 17
52 2 69
28 45 82
51 70 7
20 56 28
33 82 59
68 33 69
68 68 71
22 1 60
24 50 1
39 65 56
8 83 21
19 71 43
43 49 54
59 1 63
78 36 9
40 75 37
3 75 44
67 37 34
29 44 39
2 19 20
86 46 64
5 23 13
72 1 61
50 33 40
36 63 83
78 29 25
23 6 58
28 16 20
64 42 30
66 60 18
5 74 60
20 78 38
9 9 44
43 41 82
39 68 50
12 83 3
29 22 54
8 76 68
64 16 67
78 25 71
36 12 64
65 87 48
21 70 81
61 79 60
53 69 70
61 21 5
22 78 40
87 1 55
32 5 64
35 18 41
67 45 65
19 30 3
41 4 30
74 6 22
64 1 69
27 22 33
13 52 42
65 42 80
51 45 58
20 70 64
18 5 47
76 46 69
39 27 15
5 31 19
65 42 47
70 49 25
61 28 62
67 16 53
78 24 32
39 73 19
53 17 81
21 25 42
50 76 40
71 77 20
77 62 77
63 8 37
83 62 86
85 14 47
42 78 68
16 42 81
6 59 56
20 32 86
28 48 69
67 64 16
55 55 70
18 1 44
13 39 87
15 44 17
20 26 19
37 14 44
55 73 23
23 67 47
64 1 39
19 17 20
70 10 39
84 19 15
87 58 73
1 24 44
67 41 21
67 25 32
3 21 69
8 74 69
71 57 56
83 15 42
48 61 61
46 66 72
75 35 30
29 31 51
31 76 39
85 9 60
13 30 85
79 8 84
80 86 43
28 14 72
27 50 26
50 24 41
14 87 41
43 16 8
17 48 28
43 7 73
74 24 79
50 30 25
71 41 63
49 42 73
62 79 48
4 63 69
67 63 30
63 20 49
86 53 10
3 59 43
20 19 74
49 53 32
68 26 65
23 14 72
71 4 31
56 73 4
66 86 21
65 16 20
8 1 14
82 51 87
2 81 24
20 75 71
56 84 31
54 21 17
65 40 13
83 36 16
36 75 28
1 16 75
67 36 12
51 74 5
71 7 46
44 18 30
56 84 48
5 27 67
23 54 74
39 5 48
66 25 51
72 5 27
74 51 68
79 70 78
25 25 58
79 69 75
32 44 12
31 73 24
55 75 11
25 55 18
78 26 12
31 11 8
50 76 86
35 70 80
38 55 38
37 21 27
28 70 10
20 18 11
29 24 59
28 20 2
81 7 70
77 5 29
17 4 86
18 67 5
85 48 70
72 27 11
74 60 9
53 38 1
70 11 6
60 56 72
60 80 86
48 73 46
43 49 31
21 23 84
82 32 68
71 5 76
39 67 54
66 68 45
2 40 44
25 58 8
79 86 27
76 83 67
12 16 29
70 66 53
42 11 59
60 77 46
48 83 3
40 22 46
17 31 10
12 61 2
47 51 8
14 56 70
77 85 25
83 38 82
51 84 85
32 69 34
68 25 26
9 72 36
21 15 1
5 76 50
79 4 63
47 28 1
21 72 28
21 9 47
59 13 43
4 85 79
12 24 81
24 22 79
80 26 16
68 83 41
32 48 75
74 64 42
7 42 17
67 43 12
61 41 46
5 16 58
40 22 80
86 23 15
38 82 19
19 17 61
53 19 79
61 18 82
31 76 86
27 3 70
60 62 45
35 84 67
86 82 4
5 22 31
52 53 37
25 55 7
48 82 6
18 27 65
73 37 40
53 79 50
13 85 13
6 52 4
55 45 39
44 60 37
49 29 12
61 17 85
9 82 5
54 86 62
73 60 25
17 43 56
3 11 44
16 53 22
5 14 59
66 14 66
4 87 39
40 14 62
38 21 9
69 84 13
76 8 25
35 30 21
80 80 29
47 62 49
42 10 9
72 83 8
35 68 60
66 84 13
25 44 17
85 59 85
36 54 34
25 20 14
6 32 79
85 7 2
29 10 60
30 44 37
7 22 18
5 15 76
68 54 30
39 30 49
67 25 32
4 80 41
21 75 24
78 39 60
51 14 68
8 34 55
78 78 80
12 85 23
9 13 1
59 51 29
65 2 39
52 67 27
61 76 76
74 81 76
24 30 33
65 59 31
72 11 69
22 82 18
66 9 1
63 62 2
18 78 36
72 6 55
20 36 49
4 26 72
30 42 49
14 6 37
17 82 53
47 66 12
55 12 81
79 5 68
6 44 60
5 29 19
7 76 10
59 26 29
42 75 4
34 63 61
80 77 3
13 76 33
87 55 29
29 37 40
76 11 50
34 59 86
85 15 61
56 10 23
37 9 37
73 62 42
39 9 72
7 86 3
36 48 77
29 54 18
5 66 85
30 4 62
52 70 74
45 10 10
15 25 7
55 87 1
34 71 33
75 29 53
13 87 49
27 46 31
75 18 22
8 66 64
56 34 60
2 75 83
21 68 45
84 87 60
55 30 38
42 76 85
25 52 36
3 52 81
55 7 60
78 7 23
31 24 34
41 3 16
66 82 58
37 62 23
78 28 53
36 54 28
30 18 82
71 72 17
59 56 63
17 62 48
36 22 80
8 60 77
53 13 3
74 87 78
61 6 61
34 29 60
49 11 34
46 83 27
45 56 41
1 4 37
30 63 22
69 11 53
67 36 76
21 4 40
13 7 45
37 50 68
2 73 87
5 16 81
49 19 65
85 69 41
30 21 2
80 25 38
15 48 84
36 39 30
64 79 51
53 49 7
59 86 44
43 16 9
72 11 54
37 23 80
22 66 4
79 71 14
24 63 39
56 60 21
48 2 59
87 22 49
43 34 13
59 43 43
54 58 8
83 60 14
82 32 23
40 53 80
29 69 87
25 60 36
80 10 7
72 56 10
65 70 39
77 75 70
53 29 2
35 74 21
9 20 8
84 27 69
81 74 9
77 72 52
65 15 60
50 66 20
68 80 7
12 67 58
62 83 11
58 48 1
31 44 73
5 43 74
28 27 66
80 26 10
44 61 26
86 12 19
12 41 28
30 87 49
75 15 5
63 12 49
34 27 29
1 68 6
11 55 77
52 48 66
25 15 42
18 46 38
81 59 66
12 4 70
30 57 84
8 5 23
9 38 79
68 74 86
73 72 25
45 22 43
75 68 18
68 11 39
32 67 27
7 11 69
14 21 23
16 66 80
60 63 41
8 7 29
80 26 25
82 23 1
40 77 14
54 21 10
81 24 24
78 21 2
80 35 35
49 56 13
58 32 19
16 39 41
38 44 79
77 14 40
46 81 7
38 53 42
73 35 3
15 24 84
53 80 84
63 14 61
53 70 37
44 33 49
19 54 10
43 63 8
56 74 35
24 73 44
3 29 33
29 6 41
71 81 87
27 63 80
78 71 74
8 80 25
80 43 6
1 7 25
45 19 28
65 54 40
40 79 50
74 41 87
4 76 74
55 79 14
71 80 85
16 77 37
45 40 7
42 61 66
60 49 47
61 26 38
9 59 15
70 83 22
73 2 24
60 80 77
67 2 6
49 58 35
32 51 49
9 34 29
58 41 29
24 24 8
85 44 41
43 62 78
50 55 68
42 20 75
80 66 26
47 73 38
20 78 14
74 2 52
34 58 29
83 34 36
71 66 61
10 78 76
50 16 82
58 19 25
41 37 6
52 21 23
54 29 60
29 22 63
74 32 18
82 42 55
24 62 5
33 75 39
57 36 63
66 48 45
12 70 67
56 28 7
69 21 35
27 10 4
75 80 33
75 64 5
20 17 72
66 33 3
34 66 52
69 80 28
2 41 9
34 43 22
11 84 77
15 26 85
55 36 12
16 76 44
56 65 19
18 42 49
83 2 61
71 64 34
22 66 53
27 57 62
84 49 50
59 77 22
35 54 38
83 32 41
39 28 37
70 87 60
19 48 62
74 30 39
28 47 32
22 12 73
68 87 72
76 9 65
5 53 55
44 3 74
44 47 1
74 15 36
33 63 2
2 70 77
27 54 23
53 43 24
82 11 27
72 78 34
83 86 3
71 34 70
36 60 25
43 53 52
13 52 51
45 44 35
60 33 83
68 12 65
7 86 37
1 57 23
66 15 85
67 57 70
10 1 31
25 57 56
58 5 27
62 49 19
8 58 60
83 66 70
54 80 63
64 8 29
35 43 63
69 44 47
31 39 14
24 38 71
44 30 84
14 1 49
13 57 42
45 52 50
59 24 60
49 11 72
34 28 40
45 64 28
8 13 49
74 54 53
50 65 71
85 9 21
75 51 21
81 43 50
23 1 52
51 5 74
9 69 68
72 11 15
39 77 17
80 15 40
65 38 47
6 73 63
60 25 10
26 13 49
14 24 55
54 6 33
33 49 2
39 18 10
35 19 1
81 43 30
32 69 35
49 65 35
52 87 43
70 41 36
79 54 84
33 80 14
32 44 69
2 23 79
46 9 70
74 70 13
85 50 14
65 24 9
10 34 46
8 29 41
30 79 72
52 43 63
13 68 49
9 38 70
85 87 25
85 6 54
62 34 39
33 87 60
23 59 68
47 17 15
84 67 9
59 48 17
30 76 34
67 85 63
76 23 71
72 57 42
10 48 5
68 37 1
11 86 37
53 65 42
43 31 75
74 39 79
33 63 36
70 25 56
6 7 5
82 18 28
21 11 33
78 29 33
47 76 69
53 9 77
49 61 24
51 68 40
27 78 22
64 15 64
55 64 51
27 1 5
53 28 52
25 36 71
37 30 83
8 65 65
66 87 71
31 3 56
44 16 41
81 36 50
43 10 37
38 63 47
2 82 32
16 72 75
85 22 66
81 31 66
29 35 78
70 58 41
33 6 6
33 34 61
72 40 35
32 31 14
3 2 27
20 17 65
18 58 71
1 70 78
37 12 14
85 9 59
59 33 51
15 18 75
53 74 54
50 69 58
3 54 72
76 5 79
3 69 24
28 26 60
68 63 76
83 20 55
84 79 64
27 8 77
32 7 51
87 62 81
56 32 1
54 7 45
35 82 9
52 14 29
5 26 26
16 9 50
63 32 68
58 23 86
40 26 86
59 77 85
6 12 63
29 85 28
79 84 35
70 19 11
62 37 59
36 87 55
6 86 13
80 27 55
82 24 61
15 79 16
50 70 37
18 45 10
44 85 23
9 73 61
63 44 10
42 57 41
75 45 86
6 2 3
58 50 57
48 67 74
85 56 26
29 21 51
24 66 85
65 19 59
39 6 86
85 86 4
57 50 48
46 67 61
28 79 49
12 21 50
29 45 13
57 24 53
32 53 23
76 53 72
17 83 57
52 34 25
35 47 4
51 56 70
53 28 87
29 17 25
20 18 57
4 45 62
6 44 53
25 59 33
34 76 56
22 9 84
22 8 8
12 55 41
22 71 71
7 62 84
86 70 69
26 3 42
65 73 70
10 50 33
29 35 47
86 57 57
49 74 87
65 77 71
16 72 19
73 38 36
45 15 50
69 25 6
9 19 48
56 40 29
9 71 22
81 49 52
79 37 51
28 16 41
86 18 47
82 66 85
12 42 64
44 73 55
41 55 69
2 27 23
67 43 71
32 74 80
19 17 37
64 1 32
17 2 30
8 5 59
53 49 67
34 49 86
48 5 5
68 7 10
21 1 10
23 73 18
45 53 8
28 20 26
66 83 43
57 79 45
67 53 21
39 70 49
60 46 36
67 38 29
65 6 55
82 13 25
75 49 38
50 35 64
2 18 7
31 82 62
68 33 57
33 19 33
26 81 20
45 5 55
29 65 21
43 63 72
56 48 51
6 75 6
25 62 27
50 21 17
59 65 72
46 33 63
15 55 12
28 57 3
79 68 40
23 6 87
71 83 45
11 9 69
3 48 43
12 7 55
21 58 11
66 1 2
71 32 24
50 10 18
64 84 75
76 27 62
41 29 84
65 27 17
39 82 44
58 48 19
72 86 47
61 46 58
52 78 84
39 9 11
54 4 38
31 21 72
78 32 10
8 64 52
39 16 34
82 45 25
9 35 31
23 81 38
36 77 18
72 78 83
12 29 36
40 81 78
87 60 69
23 75 7
42 6 17
28 63 41
3 82 22
85 32 61
31 83 57
72 80 32
80 48 25
9 69 50
52 6 61
56 87 58
9 29 8
14 45 45
70 63 5
79 53 31
86 32 12
62 77 78
19 60 11
79 39 61
12 79 58
81 66 74
78 70 62
27 27 15
10 61 79
11 6 86
35 44 26
83 78 71
37 65 72
86 56 65
64 84 30
20 35 17
67 76 26
85 41 65
41 86 66
8 78 69
32 20 50
86 67 18
56 78 59
43 46 71
33 36 16
50 10 2
16 69 10
42 71 17
66 82 80
54 50 36
42 82 32
11 86 60
32 49 16
33 32 48
21 3 34
33 4 41
40 23 11
10 36 50
37 1 80
31 2 84
74 55 38
30 73 48
78 63 57
40 2 74
54 70 26
30 58 14
37 46 66
49 64 13
44 8 83
37 10 36
11 74 47
45 77 65
14 6 26
55 72 23
74 29 2
82 29 19
33 6 14
17 43 80
64 22 87
39 2 52
36 77 87
67 54 4
57 62 56
9 30 64
46 8 69
34 57 35
23 32 23
62 18 43
13 48 3
71 35 20
15 11 87
58 1 63
17 82 16
50 27 46
16 11 66
9 31 66
15 57 10
39 44 78
46 18 44
1 85 58
37 39 16
22 44 61
79 25 28
36 38 43
45 27 47
42 73 78
27 44 28
7 78 46
36 30 41
81 62 16
82 27 50
13 63 35
63 72 34
34 13 23
41 82 32
57 77 57
27 34 69
41 79 5
5 43 4
15 71 16
27 65 55
33 42 80
70 52 70
60 34 19
38 77 80
82 68 28
83 27 31
66 52 76
52 84 10
56 81 55
59 60 40
26 56 81
26 34 37
61 47 49
19 32 87
18 59 84
74 79 2
16 80 19
60 14 66
40 81 83
34 32 15
63 6 46
49 35 13
58 83 2
50 18 54
56 74 47
69 83 36
68 48 50
42 65 18
77 81 84
41 46 44
24 69 11
20 11 30
75 40 10
62 9 80
70 63 49
55 10 67
64 2 37
58 70 44
46 61 8
6 63 27
43 53 65
44 50 42
19 68 16
50 80 79
22 35 78
68 78 74
57 49 71
48 18 51
61 36 24
49 1 26
65 48 6
87 25 38
28 72 76
65 24 66
29 67 24
43 34 19
74 13 81
40 75 44
28 15 59
74 12 51
7 35 11
60 25 78
64 86 87
43 8 8
68 38 50
14 68 83
87 1 85
8 9 56
25 81 13
81 33 54
71 42 46
33 69 20
2 56 58
54 52 35
13 60 63
11 25 9
57 6 56
12 42 60
65 67 64
8 16 86
64 49 44
5 84 58
49 73 34
81 23 45
13 33 6
51 2 34
43 48 61
74 72 15
72 36 13
71 73 2
78 18 9
53 26 24
85 43 71
55 11 75
46 18 79
43 53 67
36 78 66
37 84 26
39 15 2
65 16 44
55 5 8
52 80 26
68 9 53
81 28 34
71 85 56
71 27 17
35 87 80
62 67 78
34 30 44
51 39 49
25 25 49
34 40 4
79 13 54
78 40 36
68 79 25
24 14 72
30 44 85
58 85 50
24 84 43
78 84 84
54 13 51
17 76 56
