10000
3 10 44
83 2 67
34 66 83
83 38 24
23 30 9
75 51 89
26 76 48
48 31 1
86 88 34
69 57 82
1 6 78
41 50 71
56 2 36
5 68 6
78 81 25
26 47 90
44 12 28
23 74 29
1 12 92
55 2 6
4 15 33
11 5 63
68 70 59
45 35 46
21 65 54
27 51 51
21 11 9
19 42 71
11 83 5
85 32 21
10 92 30
33 35 48
86 53 77
3 57 5
14 54 87
81 92 42
79 76 92
59 38 71
70 72 33
19 55 42
71 33 73
50 49 30
29 18 6
70 41 47
45 15 55
57 8 66
34 75 90
78 45 16
69 79 89
44 20 34
34 75 44
9 3 69
51 3 75
70 86 82
14 12 60
51 49 78
76 71 82
62 87 31
15 67 58
49 58 22
4 50 55
54 27 34
36 90 9
12 22 2
61 42 43
92 35 31
50 78 47
37 89 11
3 18 20
87 59 61
22 18 62
67 51 84
24 78 37
68 9 19
5 13 65
13 24 3
55 43 56
69 73 51
70 42 62
28 25 52
41 84 10
31 84 58
87 90 72
21 91 44
58 6 6
53 37 58
29 40 75
38 11 23
9 69 55
81 31 84
28 17 70
56 76 60
2 36 4
12 89 43
1 38 21
54 72 73
39 2 72
35 79 45
68 66 68
50 47 14
56 84 42
35 71 62
92 20 31
22 9 37
68 4 13
83 9 84
47 54 38
48 72 32
26 24 80
22 62 56
51 12 9
57 14 21
40 28 39
49 88 62
63 6 20
55 2 29
55 2 32
73 75 72
9 70 54
13 73 31
13 84 18
51 88 13
77 47 66
57 58 68
58 43 63
53 30 21
63 26 30
30 89 53
73 85 8
41 27 82
3 64 42
78 34 3
89 31 83
56 64 20
29 45 39
7 61 57
38 31 80
92 1 23
68 47 55
78 49 74
14 15 7
77 74 14
20 60 57
22 27 49
91 70 11
46 14 58
19 53 44
66 89 21
92 78 77
20 71 31
26 56 27
83 34 34
71 91 76
25 49 15
38 75 70
46 4 64
74 69 35
29 2 38
18 33 41
86 7 47
85 23 35
43 1 28
66 87 66
11 14 17
28 69 35
47 50 59
1 40 8
90 24 91
64 10 7
46 92 84
20 74 7
55 4 24
59 51 33
41 25 90
35 75 24
74 14 10
75 49 71
47 8 66
39 53 2
1 70 21
37 74 5
69 37 73
60 36 28
63 35 45
18 30 60
36 31 61
5 83 50
71 4 73
88 71 52
66 77 46
63 60 44
66 63 2
62 36 14
74 29 16
77 49 71
69 14 52
54 80 70
11 25 60
27 78 11
55 90 32
17 60 83
86 24 14
22 48 32
6 32 31
1 25 54
9 49 34
12 6 37
19 21 88
58 73 53
40 13 79
91 40 20
79 66 40
88 13 53
88 72 19
17 79 68
9 71 12
16 64 45
13 20 23
73 64 19
73 80 28
57 75 16
31 91 7
76 13 35
47 67 34
86 31 41
19 11 15
75 62 82
83 77 12
29 75 22
64 30 11
56 74 39
22 69 10
5 70 36
34 78 55
28 58 54
47 64 22
16 61 66
68 61 43
52 48 75
13 33 24
52 89 11
78 49 65
78 32 36
34 28 14
41 35 83
76 68 30
51 87 6
16 51 10
88 5 38
83 72 19
63 45 29
88 74 64
72 45 88
87 51 42
59 68 74
41 88 7
17 82 88
20 91 81
56 58 48
44 87 77
57 36 62
25 12 86
56 64 52
64 27 9
41 37 35
89 19 51
48 56 69
90 43 70
79 16 62
48 22 72
92 83 65
90 41 5
6 73 54
9 22 6
26 20 58
9 3 21
85 28 9
40 77 81
22 60 1
86 69 78
61 68 51
50 36 18
62 30 88
76 30 69
83 76 78
57 73 49
85 5 55
10 66 45
3 21 51
21 81 73
26 40 68
23 67 8
22 53 38
70 42 83
45 28 71
71 85 2
35 74 67
74 79 77
55 33 71
75 6 61
73 36 20
27 19 85
17 84 39
11 30 32
85 68 82
42 29 23
92 47 26
33 81 51
82 80 6
67 60 29
15 40 67
41 63 32
63 54 31
24 30 33
69 43 86
69 88 88
63 53 84
5 44 12
74 91 34
79 61 12
16 5 44
30 47 65
44 87 49
11 90 92
10 71 1
51 32 92
48 6 50
22 25 7
34 20 81
39 54 87
9 45 38
87 9 20
36 18 10
67 84 76
56 92 34
36 80 84
21 80 33
70 9 49
76 15 44
76 35 87
30 31 18
49 10 69
14 69 13
9 15 77
82 80 70
81 78 53
86 35 51
77 41 75
64 48 55
88 67 84
83 84 79
89 71 6
68 68 19
46 13 14
5 47 24
32 35 22
45 82 35
63 66 37
85 51 6
35 54 90
86 6 51
43 70 70
62 35 35
88 30 21
76 4 39
84 17 44
2 70 52
40 67 90
13 79 80
91 71 40
31 21 89
49 86 20
50 82 70
86 33 6
77 21 89
5 78 80
59 1 60
61 60 70
28 84 82
78 18 3
39 68 15
10 26 53
48 85 86
43 1 21
66 68 70
85 43 33
61 2 4
22 37 2
73 22 31
12 71 23
20 61 3
75 68 34
71 48 42
2 81 65
91 10 5
18 14 88
57 23 50
85 60 76
51 63 43
34 81 54
75 85 15
15 85 32
84 13 63
30 22 37
5 36 30
66 19 15
84 28 2
46 59 10
23 1 87
65 15 47
36 83 88
7 89 23
6 33 32
88 5 35
70 12 73
43 28 23
5 53 68
27 33 87
92 62 40
2 50 25
10 37 73
57 90 40
21 46 59
85 15 25
74 49 62
85 31 18
15 72 64
43 80 53
39 12 21
56 18 4
7 41 51
18 2 56
44 32 49
25 18 2
85 27 83
48 17 6
65 14 33
39 83 39
13 28 87
88 19 29
3 71 44
9 18 45
44 5 1
25 66 73
88 3 35
18 91 34
31 5 42
37 36 17
39 28 58
87 76 19
10 31 87
4 28 56
38 63 19
83 19 66
65 61 19
26 84 45
33 61 25
29 55 74
64 3 62
3 64 3
71 51 45
18 17 34
34 75 14
10 66 18
16 59 50
39 15 65
86 53 76
62 43 90
76 4 86
48 63 53
55 51 64
52 7 20
8 40 34
80 58 47
45 18 75
43 32 46
31 50 45
64 64 74
65 45 12
50 85 88
2 66 18
9 55 84
79 15 77
14 59 4
76 85 92
4 60 37
29 2 78
63 18 32
46 52 1
40 1 60
32 87 86
70 54 6
15 46 46
9 25 64
4 41 8
38 11 67
69 45 46
83 24 79
78 69 61
85 59 39
84 62 13
70 38 71
28 76 62
15 74 37
50 54 5
76 87 32
72 47 47
48 82 46
48 92 85
1 21 86
16 60 16
16 85 45
35 76 32
5 21 50
83 20 50
82 29 43
81 22 55
51 71 57
87 72 22
63 36 22
78 74 25
79 22 1
41 83 42
73 45 55
68 51 63
50 71 47
13 47 51
18 34 74
86 28 85
42 75 24
10 25 16
89 7 27
57 92 77
40 43 47
13 74 25
70 49 17
41 41 42
25 74 75
80 89 65
30 21 34
5 51 1
21 19 31
29 73 4
38 71 38
74 52 28
34 49 36
9 56 72
53 31 76
17 43 25
42 9 63
88 42 84
51 52 64
29 47 4
70 24 74
31 63 17
11 48 10
67 9 80
28 66 32
91 70 89
69 68 80
10 51 39
84 63 79
81 57 2
2 9 43
72 85 82
73 6 37
2 19 42
54 9 58
4 35 26
34 33 80
29 1 83
39 33 25
53 51 19
44 9 76
52 54 28
68 79 79
33 24 21
26 76 80
61 33 84
88 77 29
76 23 43
62 92 86
87 17 2
50 18 52
29 72 51
54 81 82
30 67 10
92 35 42
42 18 61
46 57 9
9 69 37
19 73 33
78 49 60
26 45 20
86 90 65
32 43 82
83 28 6
66 54 47
23 66 23
53 9 54
3 37 71
45 43 14
48 25 32
67 85 75
31 79 29
6 67 61
35 88 16
26 26 51
88 32 67
76 5 36
92 32 22
44 19 77
37 16 5
12 72 41
19 59 52
53 17 87
82 16 21
75 45 30
11 88 9
70 17 38
22 23 59
14 50 20
87 92 9
85 2 31
91 67 82
75 79 87
46 7 63
41 78 45
92 29 58
62 80 6
15 87 22
58 18 34
30 52 15
36 18 56
68 76 25
91 66 78
16 81 5
50 8 89
4 11 79
69 76 81
61 49 18
31 15 25
81 63 18
83 26 39
7 8 50
30 48 3
76 79 30
11 42 83
64 22 85
25 32 1
51 12 41
35 56 91
55 27 35
75 10 36
54 91 38
86 34 81
6 83 75
38 70 15
54 81 36
68 63 56
43 43 28
36 71 80
49 87 72
48 37 48
62 91 11
73 71 87
56 66 59
18 78 21
71 67 21
91 68 6
52 72 19
19 72 71
49 28 88
68 58 20
71 36 6
2 37 42
37 79 2
76 14 42
84 91 23
38 70 65
9 76 67
90 13 42
9 52 12
36 43 35
15 69 24
88 28 91
30 21 24
9 6 65
32 52 13
22 39 92
57 64 72
4 61 56
58 74 40
87 57 44
9 25 62
71 92 9
14 79 8
4 58 58
7 21 78
2 11 58
7 1 89
45 62 87
74 23 24
92 10 42
43 57 69
84 79 90
44 28 7
75 92 18
12 31 9
14 14 19
38 92 79
45 29 68
87 44 21
25 84 21
2 51 12
67 4 18
46 76 31
34 8 12
34 31 78
78 67 54
90 85 88
79 13 5
30 46 49
56 85 46
51 11 11
79 18 70
3 76 3
87 38 37
91 82 77
61 83 32
32 12 1
59 59 84
3 37 61
32 85 76
74 42 20
40 13 69
49 33 42
84 15 24
11 9 41
1 36 14
10 87 76
60 43 36
12 38 14
10 90 30
65 36 90
79 71 53
75 71 85
16 14 36
29 42 22
54 68 41
86 79 71
23 70 7
76 45 58
26 35 58
47 81 92
78 87 1
9 47 34
75 72 27
55 1 40
76 17 40
50 40 61
91 11 1
14 53 77
34 15 63
91 51 36
30 11 32
6 18 46
2 76 84
80 56 87
13 25 51
59 52 12
58 24 23
25 27 18
86 31 53
63 45 67
90 59 7
88 23 44
78 50 65
69 8 82
53 44 14
5 20 9
84 6 92
13 61 86
42 36 10
41 6 51
14 36 7
31 42 80
35 70 32
90 38 80
21 53 46
63 43 70
55 2 23
10 8 55
40 24 24
65 34 63
39 81 75
14 45 28
9 68 81
40 42 65
25 29 6
55 40 62
91 13 19
49 19 27
16 18 17
92 34 89
90 2 73
84 47 90
34 65 25
33 80 66
9 31 71
17 22 77
13 78 40
48 81 21
27 86 15
59 5 75
45 78 42
89 4 42
33 13 23
19 72 70
24 32 75
15 90 24
35 48 35
14 83 32
66 6 30
54 72 6
39 41 38
88 87 18
48 18 69
25 49 42
34 92 50
20 82 3
48 36 36
22 48 85
50 42 86
4 60 13
78 64 80
73 70 54
25 73 66
49 53 84
92 76 84
52 42 89
41 77 48
50 28 74
1 37 43
17 60 62
82 19 22
28 1 5
52 37 34
54 58 2
65 71 38
79 79 75
71 68 65
69 53 58
74 8 63
81 5 25
45 39 8
29 1 24
79 74 71
83 50 58
72 52 60
1 43 77
34 52 21
29 53 81
91 65 13
13 31 28
87 78 73
32 41 8
3 61 19
54 16 67
52 91 32
25 9 22
43 57 13
84 52 14
35 66 60
9 25 79
78 37 28
35 90 28
31 89 77
67 72 8
40 56 69
61 23 55
92 9 47
37 81 67
59 61 46
85 24 17
47 28 18
60 21 17
26 11 73
64 43 52
35 65 53
45 58 48
21 8 2
68 66 83
46 29 57
29 25 3
40 11 23
59 77 22
9 46 60
62 37 85
37 20 1
33 56 81
39 56 34
23 8 66
34 40 86
38 52 69
18 31 91
85 22 51
66 78 15
74 1 75
67 92 72
47 56 25
48 53 25
72 28 86
79 18 3
35 42 36
32 78 6
33 32 55
5 71 46
49 49 24
80 65 33
17 85 39
18 68 25
58 83 76
31 59 45
30 17 11
30 44 74
9 66 82
51 83 25
80 4 36
80 50 77
30 83 78
81 32 50
25 83 77
8 84 3
10 32 9
50 29 43
43 87 5
71 3 50
49 59 13
36 19 81
65 26 41
81 75 70
36 33 65
66 33 56
88 26 59
58 4 13
68 24 47
46 41 71
9 54 43
61 41 5
22 69 76
76 63 63
26 73 90
48 60 21
68 26 71
5 72 36
64 33 44
87 67 38
18 52 80
49 69 73
24 26 36
32 4 24
57 86 64
92 43 46
45 44 23
32 36 53
1 75 83
7 37 82
24 81 3
44 35 79
80 39 81
4 75 86
29 70 49
26 58 4
59 70 4
47 82 49
54 41 5
43 38 4
41 33 60
9 53 42
49 77 52
65 8 84
66 15 49
1 46 66
62 10 41
4 44 42
79 3 41
87 26 86
27 52 80
74 88 74
16 81 69
59 45 5
59 2 37
28 44 5
20 85 76
47 31 29
54 38 67
1 26 28
35 22 68
50 26 54
45 24 84
73 59 21
36 81 19
34 43 23
34 24 72
70 57 13
15 70 59
89 4 53
22 89 29
44 56 77
29 85 14
14 65 26
56 7 1
53 23 64
35 17 21
18 66 48
20 5 71
48 80 23
72 82 18
71 31 73
11 85 54
22 43 83
7 46 28
47 30 85
49 8 65
61 78 60
2 65 85
78 87 86
43 90 47
36 25 30
32 4 87
10 71 58
66 42 81
81 84 91
64 18 5
45 20 55
31 85 27
55 79 63
23 71 29
12 19 12
43 47 73
34 7 86
24 15 87
54 76 63
51 30 74
30 38 77
76 15 56
46 76 75
4 33 27
16 6 44
45 82 12
12 33 11
53 78 24
50 58 4
59 89 75
24 5 78
92 68 12
7 26 60
83 70 13
21 72 44
20 12 11
28 30 61
40 91 4
65 2 59
9 71 63
56 72 27
27 69 39
5 56 75
17 84 66
68 81 89
26 9 12
33 27 92
1 32 26
53 28 23
23 38 3
5 5 77
67 49 84
34 27 3
70 49 5
75 74 4
5 55 63
53 72 30
8 54 26
14 35 27
68 52 66
44 29 75
10 55 79
24 12 92
62 39 82
3 3 51
73 50 20
24 27 79
14 4 60
81 30 77
71 69 54
23 30 28
23 91 38
63 80 26
54 82 14
72 5 34
84 67 83
64 41 59
11 83 82
2 48 12
40 51 37
29 46 65
65 18 77
29 45 79
64 82 23
43 72 56
44 11 52
4 6 41
58 7 55
26 20 20
83 90 31
66 13 62
51 46 68
46 56 37
52 16 44
11 88 56
28 19 79
18 18 79
27 15 7
54 13 5
29 3 88
41 70 11
7 40 89
92 7 32
60 4 31
80 47 79
10 85 66
81 67 84
23 92 10
26 43 77
15 43 59
33 42 57
19 32 42
13 34 56
80 24 24
32 69 31
62 78 89
75 42 24
41 32 24
43 2 11
43 64 80
81 60 20
32 77 61
25 35 70
66 5 21
5 42 21
36 34 35
31 30 55
50 49 54
72 41 1
44 16 22
63 54 58
68 62 28
82 12 4
6 10 79
30 11 2
13 35 62
41 63 24
92 39 21
44 37 65
45 83 32
53 84 80
77 39 2
58 49 43
35 59 62
37 55 82
53 31 66
73 92 38
81 38 41
65 80 42
52 82 36
35 44 65
80 37 24
36 74 78
15 68 13
18 33 57
49 91 57
43 11 13
59 55 40
87 80 4
37 28 5
41 10 12
62 41 75
82 20 61
84 18 69
72 63 38
90 39 77
61 67 88
42 56 15
33 82 8
90 24 56
85 18 25
57 31 90
55 49 37
27 12 87
25 88 21
30 31 18
48 44 75
1 55 30
37 27 78
40 1 36
51 66 22
72 74 57
44 91 80
24 80 59
60 38 68
23 30 12
88 56 87
25 69 52
42 74 54
9 4 39
64 84 80
17 89 90
10 73 73
12 16 25
92 1 29
37 74 83
69 30 16
92 88 14
10 42 68
68 88 10
79 91 41
34 44 41
19 35 27
19 45 87
59 53 24
74 71 53
72 88 50
54 33 44
46 41 58
44 62 23
6 50 18
79 7 73
70 44 46
89 47 57
16 27 62
44 77 54
29 72 59
10 31 51
5 62 69
23 20 64
34 16 27
6 15 1
1 71 47
4 46 58
31 20 51
39 31 61
36 66 88
62 77 55
18 13 42
19 35 92
33 1 76
89 81 57
50 61 37
53 6 40
89 74 74
30 26 42
17 40 33
12 72 47
43 68 38
92 2 75
71 67 14
8 58 14
52 51 32
90 27 75
48 12 29
71 86 46
49 79 47
76 2 68
11 14 24
78 83 4
89 82 61
81 13 67
39 88 36
4 57 59
8 86 43
42 83 9
67 3 7
49 10 87
18 28 33
27 78 56
85 67 17
40 10 11
64 61 55
33 20 64
26 30 25
33 14 29
47 23 70
44 33 71
53 92 31
57 41 14
71 75 43
69 8 31
65 42 45
65 67 66
23 30 34
52 21 82
72 43 12
10 71 38
56 21 92
72 11 38
92 48 53
6 36 83
54 77 34
15 21 83
37 33 23
34 8 61
55 45 66
91 37 63
78 70 1
85 60 31
64 52 41
78 92 88
67 43 56
54 56 48
40 20 35
42 64 84
88 13 54
2 59 85
17 86 73
74 87 28
34 42 68
10 33 25
72 88 77
26 89 92
8 28 82
31 6 22
91 13 24
74 12 4
81 71 39
7 14 72
35 26 32
83 47 54
11 27 89
11 85 32
17 11 79
27 72 76
53 11 75
72 89 5
24 28 57
12 81 70
16 28 34
58 37 43
49 26 61
75 8 32
53 70 67
59 74 83
23 28 70
85 57 79
61 84 83
38 68 51
89 3 17
16 44 60
52 25 85
80 75 62
46 58 20
3 89 61
56 16 63
35 87 48
6 52 34
39 64 18
69 30 9
76 73 85
90 13 61
53 80 51
58 77 18
88 6 39
14 75 82
92 38 3
41 23 80
58 76 10
21 71 51
72 27 57
70 78 70
38 50 43
70 15 49
91 70 48
81 8 88
84 19 83
8 8 80
14 47 66
30 36 40
22 67 77
14 82 43
9 75 92
19 3 49
22 70 79
13 63 15
82 85 48
71 60 28
65 15 1
5 32 39
72 82 23
47 88 31
82 71 18
26 71 68
84 47 32
18 44 68
87 51 51
54 39 87
41 9 41
64 4 66
37 88 4
82 61 78
5 77 13
16 84 79
37 54 3
44 53 58
61 21 17
47 36 58
77 69 1
7 68 77
72 55 15
7 37 44
82 80 47
19 53 28
45 33 61
49 40 49
57 65 44
65 52 91
40 19 29
91 84 5
46 18 85
70 73 43
83 2 82
78 22 87
70 77 61
7 44 16
47 80 19
68 61 19
3 7 59
5 42 78
46 57 71
72 77 34
41 53 51
63 3 63
75 17 56
63 18 87
36 8 50
74 60 85
43 83 43
50 55 32
77 44 39
81 2 92
72 7 66
60 48 12
39 81 84
86 9 14
51 19 73
42 82 6
12 22 12
43 35 77
43 49 28
12 87 44
39 2 13
11 13 44
82 24 87
27 29 18
75 54 57
61 74 82
88 82 66
89 79 4
65 58 43
36 55 23
84 72 63
7 22 87
30 44 39
65 64 48
14 49 54
64 45 32
77 29 56
74 33 78
13 55 48
6 26 87
85 8 54
25 25 66
44 64 28
12 89 88
55 3 88
27 1 70
12 47 59
10 66 46
65 61 87
56 44 13
44 32 20
24 49 64
27 21 82
44 15 22
65 87 16
43 7 66
10 5 49
10 51 50
87 33 72
35 82 85
40 20 81
62 7 30
51 9 62
82 12 71
68 59 49
31 92 2
30 5 25
59 71 31
16 9 92
77 47 38
78 63 52
25 15 37
4 46 64
49 86 32
5 72 63
89 51 56
8 17 23
71 73 65
49 41 62
55 90 20
62 73 75
81 74 53
56 76 90
7 72 13
35 44 74
22 44 74
37 10 3
51 40 35
46 73 53
55 56 34
62 16 69
41 46 87
33 77 49
63 16 53
76 13 19
76 91 47
92 6 4
52 61 15
47 35 17
69 83 57
4 18 34
70 75 88
4 67 90
16 13 75
3 78 42
82 82 13
16 81 55
1 78 38
22 66 62
34 67 61
42 10 29
2 53 54
90 10 28
58 2 35
79 52 13
88 18 7
7 51 23
22 32 55
65 81 83
37 37 61
36 58 7
28 43 10
25 45 26
39 75 29
84 91 41
10 85 45
88 92 55
84 43 71
6 54 10
1 61 15
54 17 14
32 20 8
84 38 8
80 34 6
81 52 12
77 33 59
22 26 55
31 14 64
29 12 71
5 91 11
56 48 37
36 77 88
55 84 53
41 17 24
40 20 25
82 74 54
82 63 67
37 82 87
29 48 36
41 41 27
12 86 90
87 15 49
23 43 5
44 25 79
56 7 70
52 46 63
49 30 70
50 86 5
15 65 35
40 17 67
26 14 57
53 42 70
70 57 39
63 4 72
65 51 85
66 14 75
62 61 2
1 81 57
76 27 23
51 30 40
1 14 80
30 18 19
59 60 86
44 52 1
22 51 71
3 46 8
31 17 86
83 15 54
62 48 7
15 39 73
75 8 13
52 75 47
62 92 34
61 44 24
27 45 6
47 61 57
44 61 46
20 46 76
66 31 23
61 27 51
22 49 56
5 17 22
83 19 20
34 15 6
42 31 69
66 77 81
7 3 74
44 51 39
70 89 51
21 27 25
27 60 64
1 30 73
77 66 57
85 90 11
58 59 90
84 89 31
9 42 15
1 18 32
79 69 61
12 44 15
26 32 29
28 50 19
87 34 49
88 74 67
57 43 48
77 1 22
6 37 65
5 46 39
64 85 20
79 45 76
64 84 48
13 28 48
46 92 42
2 1 24
84 50 92
59 86 47
81 46 47
91 36 65
45 50 10
40 31 13
36 27 39
87 7 75
66 66 20
66 81 42
26 39 2
26 81 61
2 49 80
12 91 59
24 87 51
92 20 8
69 18 26
63 10 19
9 39 28
69 53 13
50 27 46
73 4 19
84 80 9
17 72 13
65 76 16
12 9 84
87 88 73
64 37 33
66 81 36
83 86 62
54 75 2
17 69 25
76 56 81
7 80 89
44 73 77
25 9 57
32 80 54
36 69 61
62 67 7
67 64 32
82 78 21
88 7 64
19 72 19
22 79 82
36 70 62
80 53 63
11 54 25
47 80 53
32 7 23
30 78 54
49 43 67
24 49 45
71 32 79
86 91 50
25 72 92
26 40 28
86 24 27
87 20 61
92 38 91
71 41 82
31 52 67
16 91 62
84 76 64
49 50 51
82 87 88
65 91 84
80 24 51
66 23 69
40 80 76
20 30 60
5 50 2
34 41 52
12 54 15
46 78 82
66 14 77
66 49 4
8 36 18
7 48 37
30 50 29
89 23 91
26 30 54
17 24 39
90 4 54
57 57 25
6 40 55
27 84 50
44 76 85
56 80 45
74 91 10
55 79 72
85 70 24
24 24 78
7 20 27
2 61 84
36 44 21
8 46 14
31 46 43
43 46 46
7 20 23
38 23 50
49 9 64
78 35 92
92 9 84
42 17 56
20 51 31
86 25 53
4 49 48
26 37 10
13 90 43
32 40 72
56 28 89
7 76 42
1 90 3
85 26 65
60 13 17
44 11 65
16 65 17
33 50 16
85 22 20
25 16 30
34 25 51
88 58 19
63 32 28
70 18 92
49 73 55
27 15 15
29 15 27
8 88 36
89 92 3
85 76 20
8 9 51
46 54 69
91 76 22
68 37 49
64 63 43
35 66 1
77 85 85
68 45 1
27 79 14
47 43 33
14 30 29
34 21 88
11 44 80
74 40 4
62 14 46
53 36 40
72 82 23
60 17 67
23 56 78
35 59 41
1 41 23
12 48 88
6 45 68
73 54 92
32 28 21
30 91 57
11 47 33
68 91 70
75 24 23
55 49 42
71 44 90
5 45 60
17 54 67
43 68 84
36 43 2
48 48 78
2 22 63
88 49 29
88 7 44
25 89 84
27 91 19
84 57 56
54 8 25
75 9 1
70 60 89
35 47 53
73 22 50
27 35 74
16 4 2
49 18 28
27 82 12
57 10 63
33 46 12
79 15 77
69 87 79
51 87 18
72 12 87
76 35 88
5 10 37
77 26 34
58 52 82
9 34 59
7 23 3
14 47 32
10 83 11
80 31 17
19 21 27
59 83 45
48 14 50
42 86 60
86 40 42
3 23 78
24 35 56
68 11 79
82 48 55
61 28 90
92 1 9
82 35 89
3 31 30
47 77 42
29 38 46
23 45 48
63 7 80
83 12 45
65 84 6
55 75 28
92 77 81
67 58 6
29 9 54
72 81 31
28 40 9
55 4 49
57 47 58
22 43 33
72 28 74
75 1 68
3 46 87
40 79 4
59 35 59
46 70 27
49 75 38
75 45 51
36 79 23
40 58 62
41 67 64
76 43 85
60 29 79
16 45 39
44 92 8
55 9 13
54 22 74
32 49 11
58 70 71
40 61 53
80 58 29
76 59 79
49 8 12
14 78 68
64 22 9
80 1 51
18 19 33
1 17 3
40 13 27
41 84 37
47 77 30
32 91 81
22 46 7
30 19 67
19 55 49
34 43 74
79 90 7
56 11 21
45 69 30
70 34 54
24 25 52
63 20 20
51 56 39
73 14 53
67 17 39
60 55 11
41 8 4
18 48 69
69 16 51
38 67 31
55 58 87
33 34 81
16 68 26
58 31 85
81 81 64
65 80 70
49 74 7
4 92 27
16 56 10
42 56 1
47 62 91
2 31 20
5 42 47
39 1 25
34 62 51
91 71 12
61 57 72
59 16 27
19 65 71
69 16 31
60 75 21
56 4 79
57 41 8
31 28 70
39 91 59
49 22 33
67 12 39
73 28 60
56 35 19
68 48 73
61 81 30
73 59 42
86 3 54
83 47 36
50 68 53
16 10 25
86 19 27
16 30 59
45 69 42
65 83 7
3 83 49
88 28 74
17 86 10
80 90 77
31 27 21
76 42 54
86 21 43
11 86 64
54 11 73
73 88 90
70 3 11
4 19 60
50 14 7
74 27 21
70 2 28
12 25 63
92 81 6
30 60 58
62 17 80
75 28 42
60 32 53
86 84 60
46 65 91
87 7 48
48 60 34
81 10 49
90 79 65
8 12 2
33 92 67
62 75 45
27 3 42
49 69 24
64 42 59
12 30 17
26 46 29
59 26 44
9 68 60
5 18 40
44 41 52
20 4 62
24 26 36
23 29 66
65 41 52
9 49 79
85 84 90
12 10 33
76 65 53
51 52 84
71 90 88
19 60 1
39 55 28
82 90 68
83 87 32
16 74 53
85 46 77
12 20 87
55 54 14
78 87 77
79 87 53
88 11 79
50 35 80
15 56 83
92 40 62
44 64 16
21 70 38
62 41 58
53 35 66
54 81 46
74 8 37
33 91 59
7 43 24
21 60 73
29 68 48
80 34 66
41 77 73
25 65 4
78 50 10
21 24 65
39 87 7
87 89 17
78 41 71
19 45 2
56 44 57
92 41 22
82 52 66
59 72 49
70 30 16
89 55 90
19 21 3
16 39 56
25 23 14
14 43 40
33 77 56
80 8 27
15 33 87
82 41 44
63 52 39
82 89 81
39 85 40
50 69 85
81 2 76
30 35 91
68 6 25
13 82 39
6 15 9
15 37 76
32 4 72
22 90 35
56 11 66
28 38 30
2 10 18
57 26 51
54 24 49
75 12 25
55 1 25
1 92 16
37 58 64
89 88 80
88 35 73
66 1 78
72 33 58
25 40 70
30 89 18
89 73 83
66 45 46
86 34 23
45 67 82
83 41 67
50 29 48
21 74 1
3 48 62
57 64 53
3 18 82
31 74 24
91 6 25
85 45 2
3 91 19
16 25 4
83 38 7
20 43 7
46 35 90
20 31 29
64 64 87
8 75 20
42 50 4
37 24 87
67 44 92
79 8 16
43 70 37
36 91 74
5 44 13
47 34 65
10 24 57
63 51 33
67 56 91
37 61 75
45 74 12
63 43 76
9 46 80
83 23 72
66 87 71
49 61 27
68 17 9
78 50 51
36 39 34
60 1 67
41 59 33
62 53 50
72 45 21
41 64 63
58 78 63
11 89 22
63 25 31
50 79 56
39 39 47
67 27 47
17 74 8
12 65 87
20 27 41
32 63 89
3 92 20
24 82 79
55 64 14
71 15 53
90 16 48
84 60 13
1 73 5
4 21 34
28 54 8
64 9 81
41 33 53
70 70 26
72 68 88
77 21 82
75 4 59
83 42 40
40 46 74
61 50 89
61 7 4
34 82 1
42 7 29
67 77 75
38 52 7
61 68 46
79 21 28
65 59 50
72 56 61
66 46 89
32 8 91
54 26 35
18 92 9
29 92 16
73 73 41
53 77 42
10 37 48
45 89 50
22 64 7
82 44 72
31 92 72
20 20 13
34 47 42
84 87 36
73 7 83
75 6 84
12 2 39
30 30 29
90 56 9
52 73 80
33 33 38
44 87 41
40 47 32
19 84 92
31 51 92
87 73 74
12 89 48
68 19 47
40 6 27
26 12 79
38 38 23
54 55 11
69 20 85
16 63 51
48 39 23
23 85 34
38 29 54
81 18 11
24 50 39
19 19 8
51 21 11
88 82 62
56 40 34
20 83 42
68 36 84
30 44 90
51 77 76
46 78 35
44 40 28
66 74 86
66 12 69
48 74 8
3 8 89
47 58 26
57 67 74
27 44 64
7 25 82
78 11 71
55 84 71
9 28 10
28 27 14
63 84 11
63 7 14
55 34 79
83 48 24
68 11 83
59 41 20
75 87 10
66 9 83
79 14 31
18 48 21
78 39 62
85 56 74
41 39 42
52 28 32
43 59 40
14 33 58
67 31 64
70 8 85
84 35 44
3 10 49
27 76 12
13 81 28
52 44 22
46 60 77
13 81 38
36 67 72
46 88 30
32 62 51
91 4 77
36 8 52
27 13 47
19 18 17
29 24 63
47 52 61
44 54 1
68 55 70
13 45 51
16 91 67
6 55 17
37 35 84
1 41 87
91 46 36
32 76 28
7 54 34
68 55 25
75 84 21
73 9 69
24 13 21
44 26 73
83 6 22
16 21 3
77 33 79
34 88 57
18 21 6
54 18 64
69 89 78
66 83 81
14 83 86
21 67 23
38 72 3
66 5 50
2 71 52
26 31 73
73 28 14
44 92 33
32 78 61
4 37 34
75 69 82
19 43 86
30 37 47
89 55 18
1 82 58
37 32 70
62 54 34
27 58 38
31 24 32
84 77 83
3 84 72
64 64 33
49 61 70
92 68 57
69 48 17
54 20 51
85 9 45
76 20 65
7 66 74
16 84 49
33 14 32
36 49 32
7 20 17
72 44 55
58 89 35
63 60 53
57 68 66
2 66 46
4 81 46
90 74 58
67 48 87
55 62 27
79 1 31
36 87 9
75 28 80
21 34 35
22 26 56
60 78 85
23 18 39
33 38 88
91 31 67
47 45 24
57 80 12
39 92 56
18 53 15
88 91 23
9 35 90
21 10 56
38 89 92
63 76 6
38 15 76
90 53 72
64 53 55
65 60 32
58 15 78
75 62 71
51 54 62
67 29 5
40 70 67
59 3 50
8 30 10
30 84 74
38 73 53
8 6 76
12 48 19
44 23 57
52 14 34
42 41 46
12 64 25
26 80 23
40 85 92
87 1 54
33 47 45
76 9 57
75 53 49
55 58 68
42 70 33
47 32 57
5 14 80
50 79 5
13 55 18
51 5 37
26 21 85
29 30 58
45 19 63
52 52 50
53 62 51
3 26 55
81 35 92
18 77 22
44 84 20
5 91 17
65 52 10
88 7 33
83 8 73
76 57 86
49 15 42
31 26 2
53 80 20
65 38 63
69 89 54
7 36 35
36 80 59
92 39 76
24 56 74
70 36 48
83 74 37
16 9 62
61 80 11
58 76 62
48 83 79
79 9 58
72 78 63
14 83 68
80 20 31
83 79 57
55 66 50
36 9 89
59 84 79
88 51 2
58 31 4
45 19 57
80 33 10
87 68 37
76 74 64
55 11 30
48 88 13
43 65 11
25 72 72
83 40 4
91 84 57
41 35 85
30 43 77
36 32 43
29 6 26
60 84 30
70 33 84
64 48 3
50 7 18
77 52 60
42 20 68
13 2 13
25 84 6
20 25 43
59 71 35
74 91 56
65 54 19
31 73 39
23 57 76
27 23 21
90 37 17
50 53 72
89 90 63
11 81 30
74 52 42
74 41 51
34 52 90
49 58 33
71 33 44
72 88 10
11 24 83
60 14 34
63 81 39
66 23 30
54 28 6
28 65 33
85 36 92
35 90 66
17 49 12
48 50 46
2 78 60
35 56 1
83 33 11
84 56 57
56 8 53
68 78 32
5 71 75
86 74 40
19 92 4
88 23 37
36 89 4
32 45 69
12 35 19
3 70 38
54 33 12
24 92 42
31 68 37
18 18 26
19 81 24
18 48 33
54 74 19
67 91 88
5 82 61
75 10 92
34 29 83
65 64 62
84 51 53
53 68 15
74 9 2
55 27 17
46 69 36
13 58 47
60 22 29
80 10 66
83 73 15
79 55 52
20 50 25
41 34 13
8 45 57
43 26 59
14 86 17
37 26 11
76 48 5
26 51 52
24 55 66
90 78 6
28 19 6
59 76 74
12 37 9
72 70 8
76 40 14
74 67 88
84 89 79
50 76 79
7 60 80
91 86 70
33 33 83
79 24 50
87 61 23
49 31 13
52 47 45
46 46 35
86 53 61
47 44 84
23 37 29
91 85 44
6 58 66
7 26 86
65 54 60
65 14 82
91 41 17
92 81 36
73 20 49
3 67 38
78 15 32
66 47 38
83 11 85
55 49 19
4 88 21
41 80 69
63 44 74
86 76 11
89 27 82
15 41 63
38 37 42
4 39 33
29 66 25
78 15 9
45 34 31
13 1 74
69 62 83
42 67 18
79 22 45
85 3 35
4 7 2
52 20 75
66 16 44
90 85 59
61 90 71
47 32 11
62 91 54
62 20 14
49 59 63
48 59 62
62 73 6
48 27 53
82 34 23
3 73 30
46 14 80
48 25 9
44 11 87
4 71 65
12 25 52
82 35 72
3 69 92
13 11 14
34 36 85
61 13 23
57 8 3
91 9 77
30 75 21
57 55 92
25 52 39
15 26 27
90 16 59
16 25 54
47 68 37
40 76 73
4 33 7
3 89 40
37 36 23
82 3 53
45 52 40
83 33 9
86 14 22
4 18 2
58 76 11
57 20 6
63 67 82
37 53 37
60 82 90
66 6 67
24 35 84
65 62 17
74 17 80
11 1 73
56 75 43
41 1 20
52 90 9
29 34 12
70 39 75
34 60 63
70 48 13
88 75 65
76 25 3
50 76 75
60 24 13
7 6 9
78 8 22
60 73 63
70 49 9
56 7 55
71 25 1
38 77 55
48 9 92
83 8 43
81 6 87
42 52 50
81 1 59
10 31 18
17 61 57
51 66 90
78 48 38
16 49 41
52 39 31
92 38 44
65 12 60
86 12 24
14 8 39
45 33 57
78 34 52
81 44 21
54 24 34
19 66 47
21 25 26
50 6 13
45 7 57
70 33 60
81 13 77
76 33 18
56 19 92
84 36 27
24 39 52
61 31 20
20 76 27
45 34 44
73 49 22
16 84 77
76 59 75
12 34 41
68 58 13
48 58 90
22 18 15
43 20 39
1 31 51
69 44 92
3 21 12
4 84 42
84 2 1
6 69 26
72 9 80
91 83 19
37 12 74
43 29 26
69 37 45
21 20 23
18 37 75
75 9 7
21 69 40
37 19 3
1 15 20
47 38 18
78 73 36
80 32 19
30 4 64
26 32 89
67 14 10
75 42 52
89 82 12
14 20 4
45 1 77
69 6 78
24 28 32
9 35 36
73 75 43
23 65 60
25 14 52
63 13 61
85 90 77
21 92 45
16 22 23
28 7 19
12 49 41
10 52 12
66 33 12
43 37 9
68 7 86
81 53 33
29 26 65
36 43 92
37 62 7
14 59 86
30 62 15
59 8 54
80 53 2
17 76 88
8 68 7
58 74 53
11 33 23
65 80 50
73 74 57
39 37 32
71 49 30
7 30 79
70 22 59
8 32 27
75 33 42
56 35 53
24 57 36
77 47 9
14 19 33
25 28 50
81 67 43
53 9 28
27 24 86
53 33 68
30 35 4
23 81 8
20 79 59
80 38 33
40 31 21
36 27 34
9 14 44
87 92 57
90 76 19
54 25 64
39 45 25
9 18 88
34 17 48
32 79 57
47 14 67
91 5 29
49 69 50
37 37 60
82 53 81
76 63 90
65 75 33
14 92 53
5 77 68
4 91 11
5 50 69
72 33 49
70 36 30
27 54 17
68 54 62
21 69 74
5 60 5
49 83 68
50 42 20
75 70 12
46 5 21
32 2 84
88 28 52
40 49 52
14 47 48
53 25 59
8 73 85
35 91 60
69 30 40
42 86 31
38 7 62
23 30 71
42 54 7
27 72 1
23 45 53
1 8 36
8 77 79
30 22 89
15 92 79
88 92 14
65 16 72
56 91 79
4 61 69
43 8 27
48 16 75
20 52 14
87 82 17
16 8 61
59 61 28
74 69 58
18 35 70
90 1 73
91 73 53
43 37 35
77 38 31
1 44 73
53 81 43
65 33 63
42 54 78
25 7 68
32 56 6
43 24 28
70 40 69
16 54 29
5 30 73
34 51 51
73 12 29
43 72 20
71 64 85
50 83 52
29 18 58
50 34 63
2 50 43
80 8 15
60 67 75
2 37 47
4 88 52
56 88 26
58 90 51
2 25 80
11 34 18
62 30 75
27 87 63
23 90 50
82 24 31
3 31 16
74 33 23
71 19 87
15 22 85
69 12 56
58 28 4
39 10 43
85 88 72
3 75 88
6 21 70
54 74 44
73 25 39
2 21 20
76 53 83
39 55 90
81 39 42
32 29 76
73 80 69
33 37 90
50 70 31
26 32 12
2 79 1
31 58 81
92 2 70
1 41 50
6 61 27
77 66 11
35 77 61
5 58 30
54 33 27
83 87 90
6 44 89
71 58 65
41 22 44
14 4 14
90 15 50
60 42 33
19 55 47
17 17 35
62 5 29
19 78 23
18 87 62
60 26 29
38 47 33
24 9 18
50 3 16
58 91 78
20 62 43
9 47 53
50 88 15
59 43 11
33 32 70
11 79 68
18 76 83
58 49 88
1 10 74
39 42 1
80 15 13
48 39 33
91 92 69
78 19 52
81 53 77
22 32 32
82 3 70
79 19 9
70 57 39
92 19 17
90 23 89
16 35 70
90 40 91
84 68 18
30 47 55
29 19 92
32 83 39
10 10 49
18 51 62
92 30 30
57 8 73
73 10 55
73 12 89
74 65 84
31 88 3
77 56 25
5 90 49
24 38 26
2 16 37
22 27 35
66 41 85
7 18 20
56 16 47
19 33 61
85 8 8
61 45 51
30 77 74
1 28 48
64 68 82
75 87 57
38 62 42
58 42 50
40 35 41
15 80 89
89 19 24
79 73 16
60 52 21
47 51 5
86 18 42
71 21 64
39 80 44
69 17 22
40 28 2
3 16 32
28 51 39
3 26 51
54 72 70
3 68 1
87 44 89
39 67 24
61 9 5
27 52 66
46 16 35
34 80 65
37 18 58
56 20 37
62 62 36
73 48 47
54 28 37
26 53 13
17 88 13
69 4 60
82 91 82
92 27 62
6 51 75
48 75 30
86 90 50
88 55 84
87 44 15
58 42 71
63 79 53
11 45 90
82 41 82
88 85 5
50 43 46
87 91 46
5 10 5
15 74 18
25 42 81
18 10 40
39 9 88
79 56 29
91 91 46
85 92 55
34 91 12
51 38 42
34 47 85
33 11 44
22 82 86
47 64 34
53 82 65
21 13 15
32 58 60
8 43 33
87 57 88
73 52 32
88 80 82
35 73 38
19 24 86
21 7 65
40 65 81
6 45 79
48 37 40
23 4 91
41 14 42
4 2 75
66 89 35
85 29 17
4 55 43
13 29 36
3 73 11
57 38 61
28 9 9
57 88 12
18 85 46
86 89 4
78 5 47
34 21 56
35 41 81
72 74 73
36 5 8
43 21 39
23 7 19
5 4 73
13 81 31
89 73 10
47 77 13
41 13 60
59 4 54
89 15 2
1 73 66
18 67 3
14 49 87
36 71 59
22 75 16
24 39 82
65 39 77
23 23 87
5 53 43
9 15 54
47 80 23
66 89 61
33 80 47
69 26 20
77 50 27
64 69 86
5 55 73
91 26 24
79 88 88
22 65 19
84 64 1
66 77 84
77 41 17
72 32 8
4 50 12
42 68 48
15 26 11
15 40 80
13 64 36
9 49 13
22 41 16
34 35 32
49 88 34
35 28 25
22 24 74
33 74 74
8 44 14
49 54 89
84 59 20
13 51 53
74 58 91
64 68 88
22 8 91
36 75 43
55 56 39
16 33 91
59 55 65
54 11 67
79 8 84
80 34 15
48 67 53
31 19 74
5 80 80
84 22 26
30 33 11
67 3 10
71 30 20
65 66 42
54 34 61
30 46 26
23 77 50
73 65 15
63 49 4
77 32 1
43 76 60
71 77 45
76 21 23
61 63 15
41 92 66
75 4 73
48 13 49
18 16 79
23 13 34
6 64 87
53 82 18
71 23 20
88 13 50
39 61 20
30 3 85
3 70 51
58 70 12
7 78 91
71 12 86
10 51 56
34 81 71
88 27 47
56 19 47
35 39 77
89 57 72
22 35 40
9 78 92
7 21 15
79 64 39
70 77 4
47 44 79
24 25 14
32 77 81
58 90 48
77 27 36
80 85 85
71 32 63
29 38 7
49 90 38
72 32 31
27 45 60
18 63 9
54 10 9
78 42 15
58 42 72
44 78 47
76 35 21
56 49 78
82 19 29
61 31 73
47 65 71
19 72 17
19 43 18
36 7 16
82 67 19
1 25 5
80 88 42
52 23 51
41 28 15
62 59 45
72 91 5
47 89 60
11 52 22
55 36 15
18 71 88
40 9 43
5 83 51
41 11 59
70 14 8
65 49 42
6 31 15
71 4 54
43 22 51
44 74 37
49 43 66
91 13 30
5 92 63
49 68 10
52 13 84
19 48 87
19 89 76
48 89 48
63 33 17
74 70 73
26 81 8
13 85 52
68 91 4
80 61 56
92 49 81
47 28 59
69 51 74
57 87 61
58 13 41
43 41 64
75 78 77
16 69 37
27 68 62
33 20 40
28 29 20
23 32 82
38 34 42
89 1 35
57 80 52
22 53 89
87 12 71
76 56 15
27 76 61
66 12 82
84 44 62
5 48 34
16 41 83
46 28 26
40 72 65
66 63 86
16 89 16
92 58 19
48 70 12
88 24 2
4 43 16
62 86 15
27 66 43
60 52 22
17 62 47
12 1 70
60 51 29
57 59 59
58 68 86
46 90 62
9 24 9
45 43 35
87 32 28
23 28 11
63 77 21
16 15 52
34 8 57
78 48 18
2 73 69
52 92 29
72 6 12
22 33 27
60 29 32
32 85 65
17 57 2
29 39 20
48 68 64
50 46 7
23 2 86
29 44 50
29 61 89
91 92 6
88 64 3
90 23 23
91 42 72
49 47 84
58 57 15
75 8 12
40 65 49
52 76 11
78 55 69
53 56 8
63 43 43
90 60 12
70 29 72
40 53 10
59 51 33
73 27 1
6 31 66
6 27 76
67 6 58
23 38 28
55 65 56
25 59 63
45 25 25
50 75 17
27 31 37
31 14 82
7 58 84
83 9 38
78 13 90
19 35 86
71 83 36
4 70 51
7 36 50
77 55 14
42 79 53
35 55 89
40 18 17
83 80 82
81 80 30
46 14 42
6 2 27
70 1 19
74 65 71
40 1 11
31 25 27
92 30 33
76 33 52
14 77 23
83 71 23
8 69 71
82 60 78
43 7 6
74 12 47
23 75 30
58 72 65
82 78 69
43 60 65
56 50 51
46 58 7
43 55 30
32 10 88
56 91 68
88 45 24
25 83 50
50 43 32
74 80 58
23 87 71
56 40 18
56 13 71
48 55 77
80 92 79
54 5 63
47 36 53
3 7 79
21 14 8
41 3 29
32 50 18
66 46 18
42 89 67
52 17 47
7 38 16
20 35 86
85 86 25
40 85 36
75 37 89
79 21 28
12 21 77
68 76 4
4 66 24
14 40 79
28 92 15
62 51 19
63 86 17
29 50 84
79 5 20
2 23 40
46 72 45
83 36 75
42 34 71
6 38 43
36 12 66
84 38 58
45 40 35
60 72 77
81 79 26
43 70 45
63 42 90
40 2 1
61 81 90
6 44 5
19 7 56
91 15 35
50 13 71
29 55 23
24 67 89
2 47 61
27 80 40
88 82 80
9 46 68
60 54 76
85 15 88
64 44 9
90 54 13
24 38 4
61 77 84
66 11 4
34 4 67
69 8 67
49 33 13
17 3 51
1 75 34
29 55 76
46 7 25
64 38 42
24 56 15
62 54 16
40 6 25
55 4 65
91 89 33
22 42 76
61 82 89
54 66 88
6 66 11
78 29 45
40 52 81
56 76 60
52 86 79
43 33 46
75 11 81
30 49 58
23 40 83
37 36 47
71 90 23
71 64 16
70 5 33
9 39 42
51 44 43
12 91 14
35 65 8
23 79 1
90 70 22
53 6 22
33 23 50
87 38 34
14 27 28
53 69 70
8 84 43
35 55 11
85 17 55
12 12 52
80 3 81
23 47 70
46 41 17
58 44 25
23 83 10
92 66 15
17 38 62
20 31 20
47 87 78
34 16 14
34 52 4
49 28 80
89 23 27
11 60 48
76 44 91
92 37 22
4 27 57
87 83 56
35 88 27
13 1 49
42 91 35
67 22 53
49 53 38
22 34 37
49 62 55
13 76 67
72 36 5
56 76 36
13 60 35
15 64 34
87 3 85
89 72 57
40 17 58
1 60 28
34 50 11
31 12 92
41 18 83
36 38 38
64 16 27
85 24 54
52 29 42
40 55 43
60 21 3
72 87 27
52 89 22
49 91 33
54 83 69
84 74 14
76 8 63
20 48 25
2 30 42
52 14 28
88 38 81
9 39 24
70 11 81
56 85 4
42 50 83
77 18 61
11 55 71
41 80 70
13 54 55
67 85 56
88 80 6
68 26 1
85 25 40
49 14 13
19 54 3
56 11 76
66 31 76
44 52 29
91 56 3
87 23 90
27 21 69
74 25 79
44 50 2
63 60 34
39 40 51
5 65 67
31 70 50
42 49 13
64 7 74
80 68 16
26 58 35
13 90 71
75 4 58
18 18 17
29 42 82
66 49 11
68 63 80
60 10 56
41 66 83
90 28 47
17 39 83
46 58 37
61 75 22
66 1 4
74 43 63
59 42 50
76 38 62
79 13 81
77 12 72
50 4 56
28 5 67
79 84 87
71 10 51
72 25 59
92 41 17
43 43 4
66 48 79
63 22 63
68 45 35
88 36 56
17 2 22
9 39 81
65 56 85
64 45 32
7 69 88
53 56 14
49 4 28
88 79 31
48 68 25
45 66 3
82 64 79
17 84 45
28 89 69
27 88 8
29 53 80
42 83 40
40 45 2
75 49 80
58 80 13
53 80 38
21 45 51
49 48 35
43 63 61
80 30 14
19 42 92
69 52 28
43 38 2
75 47 35
34 28 76
63 83 75
79 72 68
3 27 34
14 53 21
84 6 17
85 28 55
84 38 60
16 61 85
11 92 74
57 1 21
87 14 29
89 65 77
4 41 54
29 90 30
78 30 53
43 53 84
13 11 4
84 92 79
50 2 33
14 2 75
47 58 86
75 21 62
22 76 76
16 15 55
87 47 43
11 68 91
34 35 1
28 65 78
12 82 90
10 22 57
23 23 37
13 87 10
74 45 37
89 61 87
55 65 44
63 71 64
71 60 12
5 8 33
24 87 69
78 92 82
65 8 91
62 88 41
5 39 72
37 44 22
17 25 71
82 37 10
67 37 35
15 54 56
22 85 9
57 27 58
9 58 60
24 78 77
28 74 52
46 56 79
44 65 32
82 50 49
59 77 21
16 1 20
75 56 53
1 38 45
61 36 49
52 35 56
57 47 35
85 83 26
42 19 75
89 76 70
32 36 48
37 66 84
61 41 7
61 28 90
37 17 34
56 17 92
73 78 22
16 68 88
21 49 36
21 43 61
26 47 88
50 50 21
51 41 14
67 70 50
39 68 83
15 29 66
33 58 2
10 34 5
58 72 86
24 81 51
34 51 23
92 78 42
13 30 92
32 72 61
78 31 3
83 5 54
43 3 17
32 43 62
26 51 13
10 11 80
6 69 39
7 39 49
29 41 49
55 5 87
10 33 28
37 43 44
53 39 54
16 62 89
71 33 84
10 88 46
91 36 20
44 38 66
87 65 31
91 72 89
59 63 6
67 65 59
56 36 6
63 90 38
8 88 14
90 6 76
7 58 87
16 34 30
55 86 39
5 77 6
80 48 12
30 21 79
22 70 73
50 54 64
16 44 16
40 23 69
47 40 2
80 62 27
62 55 21
36 61 42
10 86 51
11 71 12
34 3 25
54 74 62
86 12 11
83 40 90
14 63 75
73 29 85
73 25 62
53 11 61
30 6 44
76 8 81
83 92 15
84 8 2
11 41 90
72 60 18
28 43 10
46 80 10
29 69 28
63 61 85
29 85 55
63 68 6
58 58 15
63 48 29
2 81 51
26 77 50
72 25 82
62 64 19
40 12 8
19 25 62
9 30 55
84 56 39
35 74 62
4 43 26
58 23 32
41 42 13
42 86 54
31 90 21
89 41 43
47 53 21
83 41 87
10 13 57
9 13 43
7 53 58
34 82 79
32 59 68
27 5 47
30 46 91
28 16 89
31 10 6
88 74 61
75 7 1
11 46 49
25 85 86
2 9 87
21 76 83
33 61 78
21 30 50
62 59 88
45 64 31
72 21 47
63 4 1
81 85 78
17 69 22
66 51 7
52 11 46
47 55 92
11 21 55
60 22 63
65 20 73
73 59 19
47 11 14
10 19 43
59 32 31
81 45 25
47 58 47
4 48 21
84 61 79
35 4 87
25 3 44
58 49 70
92 42 68
38 42 60
36 79 73
33 38 35
53 20 59
5 86 51
39 50 32
69 58 45
73 1 63
58 5 42
56 84 22
3 14 4
17 88 51
69 42 86
91 78 30
48 38 46
44 57 25
23 10 14
1 51 5
57 52 5
20 51 7
24 77 42
49 4 79
45 49 6
42 45 62
46 32 6
44 26 24
37 75 74
84 90 24
69 26 47
38 29 83
71 59 70
26 6 38
50 42 89
4 17 6
10 90 63
67 3 53
72 44 80
21 37 61
92 46 46
55 60 32
35 18 16
10 84 55
49 45 24
48 92 31
66 80 26
65 41 59
47 46 87
60 2 29
54 51 41
28 4 72
45 68 14
14 63 16
22 29 82
5 60 30
89 29 63
51 18 73
49 3 28
84 2 76
25 87 74
63 43 42
35 3 9
28 1 82
84 31 39
49 13 40
59 61 23
14 80 18
20 1 51
86 16 77
29 74 60
3 17 66
46 49 54
66 11 82
2 33 79
9 16 40
43 38 58
57 66 86
54 45 58
60 15 84
28 22 8
24 24 20
70 41 15
4 37 68
82 44 29
76 92 73
91 9 52
26 79 64
67 73 13
76 48 1
88 81 7
17 56 42
60 45 17
65 59 16
80 71 24
82 31 77
27 30 79
42 76 9
29 17 6
6 62 11
49 88 27
57 7 7
46 71 70
8 87 33
10 21 32
8 42 59
70 9 60
64 56 47
41 88 68
49 7 82
76 41 28
55 56 78
38 19 70
69 61 52
33 22 38
59 74 35
49 72 20
57 36 84
85 25 56
12 54 59
54 27 67
57 21 1
68 24 6
78 48 87
44 41 17
18 46 66
91 70 83
75 51 82
46 31 17
56 11 85
91 57 74
43 62 50
56 77 37
70 45 16
83 25 81
38 27 8
61 48 48
70 22 1
13 29 23
79 22 27
18 8 2
23 11 41
44 60 33
80 21 70
40 85 14
31 46 3
2 89 45
60 91 68
16 55 68
48 38 66
54 52 84
72 63 77
69 78 87
73 42 90
28 70 60
8 14 78
82 78 9
48 5 14
32 12 87
84 22 37
52 18 10
71 88 62
88 13 72
66 41 71
48 43 83
64 61 90
27 63 22
50 27 20
53 91 66
63 91 7
57 80 61
53 42 46
41 91 31
69 56 17
31 78 39
88 22 90
84 52 50
53 22 61
90 67 74
82 34 12
35 52 81
18 76 7
47 21 86
33 18 23
25 81 22
27 63 14
92 3 36
15 7 13
53 23 57
51 12 37
42 24 73
78 58 11
27 25 33
54 60 17
2 45 54
79 63 52
5 44 14
12 45 84
75 49 38
71 24 11
74 59 45
9 76 19
40 84 37
39 25 49
46 83 36
48 14 85
35 1 84
38 37 19
80 74 56
10 84 67
45 14 81
19 86 26
85 77 86
46 25 32
40 83 85
43 13 23
72 8 3
1 25 19
14 89 64
54 15 61
90 39 5
89 77 16
59 19 70
75 86 44
45 10 5
82 30 10
12 25 52
47 44 62
66 53 34
29 56 18
75 9 1
7 88 75
1 29 89
19 65 45
57 36 71
65 12 81
62 83 32
14 26 23
64 86 83
20 92 9
45 22 36
45 25 60
23 45 89
3 46 50
56 30 11
90 51 79
1 21 1
32 8 49
45 38 52
23 35 22
18 9 79
67 14 60
37 56 13
33 40 3
60 9 11
90 6 64
57 25 70
78 34 66
54 90 35
58 70 37
53 63 67
12 69 82
47 50 9
32 4 75
68 88 6
7 21 10
49 39 82
3 89 6
16 36 18
6 91 2
60 56 14
78 11 3
45 69 57
49 43 42
49 85 12
29 26 32
34 80 91
81 83 23
49 9 70
38 60 30
15 10 23
42 37 68
6 20 28
80 5 18
43 27 81
3 66 21
27 92 20
66 39 43
74 1 86
41 13 46
17 43 88
41 80 71
70 34 20
83 58 37
44 20 74
52 1 58
25 10 26
6 76 68
60 79 29
43 3 23
21 61 66
56 56 73
33 70 8
66 82 37
85 76 83
91 46 15
24 66 87
21 47 81
74 52 58
52 45 52
1 48 61
61 29 74
73 6 38
62 17 52
61 67 74
12 17 68
4 16 20
23 4 15
58 50 7
84 23 53
3 19 57
91 18 7
3 64 82
57 74 42
6 16 67
51 92 4
13 34 17
55 27 79
88 23 18
77 86 37
89 89 70
46 29 61
91 60 54
71 4 37
43 78 77
2 88 46
38 24 3
87 47 6
82 15 33
34 1 10
82 68 69
52 25 65
85 50 48
62 56 28
53 78 59
52 69 75
12 82 70
91 7 52
14 63 9
81 51 3
77 9 72
81 87 13
71 30 77
26 33 74
23 31 91
12 9 54
78 70 51
43 56 53
30 37 16
79 16 28
26 4 27
8 73 63
79 16 60
84 59 22
59 56 46
52 64 68
49 2 91
28 79 13
92 54 3
11 31 82
19 16 82
40 19 81
77 44 26
36 84 81
52 89 73
84 88 36
72 66 64
22 41 3
12 54 41
7 64 91
66 58 35
77 45 56
86 30 49
92 23 87
83 61 40
14 23 43
81 90 61
1 45 18
88 47 32
46 90 32
54 32 30
3 50 87
30 72 48
49 78 36
16 53 29
82 5 61
49 57 24
75 45 69
65 78 81
64 44 41
38 1 43
30 42 18
75 48 83
60 26 86
91 12 49
64 10 3
88 48 83
50 72 2
66 10 39
12 43 90
29 21 35
59 63 42
38 3 68
31 67 45
29 21 53
41 49 15
46 31 39
63 37 56
34 71 65
17 30 48
46 46 45
5 64 32
28 5 59
18 64 39
39 44 36
6 35 35
3 9 81
78 22 64
51 22 49
23 47 14
55 18 75
1 87 63
31 72 10
58 51 9
33 67 69
47 22 10
7 41 50
73 57 59
64 29 55
16 45 53
43 45 68
90 5 87
15 75 2
51 46 36
90 73 91
37 17 80
65 3 23
38 4 64
35 48 57
5 56 47
5 14 32
90 31 90
90 75 72
14 41 66
11 19 92
71 72 44
45 29 18
86 32 30
58 8 33
13 43 18
69 47 2
25 72 63
52 66 69
44 46 79
52 86 1
45 32 50
58 50 51
69 60 74
17 30 27
60 88 65
80 55 58
51 60 28
36 21 5
23 50 48
51 33 3
42 11 83
46 15 21
11 23 39
78 67 83
50 48 23
72 81 36
67 42 13
77 18 46
92 50 48
5 72 11
31 68 19
49 29 49
43 88 5
69 79 46
19 9 76
68 7 64
52 22 11
65 5 48
28 27 10
32 72 9
50 84 37
92 89 14
4 89 23
64 63 23
37 53 10
45 6 24
52 86 64
80 23 86
78 88 87
33 72 25
10 62 5
83 7 75
51 80 74
17 21 7
11 85 28
14 13 42
5 51 58
78 89 46
72 79 10
32 9 64
79 64 64
52 51 69
37 31 85
76 37 92
31 29 6
8 87 92
78 38 64
42 7 23
12 28 28
49 15 20
56 38 87
23 15 62
55 3 92
29 49 50
39 47 11
92 44 6
62 35 44
33 72 28
39 90 51
64 6 40
16 31 92
6 7 13
86 73 31
21 81 79
77 63 26
5 2 46
68 38 90
60 19 4
3 13 31
25 91 62
10 61 70
17 66 27
2 10 33
65 5 51
32 84 13
46 56 65
85 92 58
73 50 52
21 33 33
42 39 92
87 16 1
84 61 86
12 92 60
21 40 22
29 59 80
27 46 2
26 7 27
81 74 39
27 8 27
44 79 23
53 81 38
90 18 91
68 75 76
20 37 54
40 56 59
43 40 14
1 37 70
74 55 85
15 4 34
47 83 73
70 17 15
18 13 15
33 11 67
8 10 19
63 64 12
31 60 81
70 64 23
9 60 58
68 30 42
37 39 74
88 31 34
43 91 32
31 46 35
59 49 1
83 88 35
3 72 36
44 66 2
66 44 21
50 63 75
87 81 11
43 59 4
55 36 73
89 61 16
43 70 69
38 54 25
83 30 65
59 32 85
24 62 1
44 90 21
29 77 29
30 73 50
4 17 78
85 49 65
71 49 52
75 85 14
73 77 70
76 89 35
83 24 26
1 57 60
51 76 16
14 71 24
29 83 83
1 20 27
48 71 28
37 86 17
90 92 67
42 45 69
58 17 68
52 17 58
51 78 14
85 34 34
63 38 17
28 2 33
92 86 75
52 78 85
4 21 9
36 40 71
83 2 9
23 14 21
87 17 3
2 84 43
7 26 38
2 36 12
67 31 49
19 34 81
46 4 89
29 13 39
47 46 91
6 27 71
19 2 33
9 11 74
59 58 69
89 20 35
4 18 56
76 38 60
43 87 27
10 72 90
75 22 42
80 52 13
70 40 6
13 59 69
90 33 83
75 16 51
4 62 84
63 66 79
72 56 80
38 59 79
70 38 87
75 53 87
29 9 19
2 19 91
45 32 38
20 55 57
9 73 9
69 10 78
63 65 29
67 33 53
43 66 60
6 16 80
20 89 70
52 7 56
81 73 57
33 25 39
27 54 80
15 48 84
24 24 36
83 74 28
21 69 75
77 41 48
13 76 17
72 82 11
83 69 29
57 1 13
36 21 75
2 75 4
80 27 13
52 13 10
50 75 12
61 35 38
64 22 24
27 2 17
26 17 30
64 34 4
5 24 16
88 4 87
5 92 41
53 21 40
82 40 65
18 36 76
22 84 83
47 27 92
79 34 52
81 47 3
90 11 62
45 45 41
83 57 10
20 35 48
68 86 2
18 48 20
8 54 89
1 26 39
33 64 74
48 56 14
22 31 18
66 52 37
78 24 88
47 56 89
49 20 60
18 79 46
51 68 4
74 29 90
5 72 3
80 78 4
91 28 75
85 65 36
14 41 1
70 36 64
81 63 5
82 8 16
13 16 13
23 68 15
74 13 57
38 66 21
39 72 2
42 18 58
60 55 66
37 23 62
82 30 57
86 15 56
5 58 6
38 81 39
61 42 36
2 39 92
41 59 13
86 88 70
91 62 72
66 59 72
69 77 21
44 91 30
55 60 77
41 41 81
89 92 78
51 65 6
82 78 15
74 90 92
60 58 25
77 1 45
44 71 44
22 32 42
5 71 3
12 82 37
28 35 14
49 55 76
68 3 78
37 91 42
59 51 64
12 79 24
13 73 62
8 42 48
73 24 38
73 9 64
64 9 20
46 46 63
66 34 78
49 56 63
43 27 48
61 45 67
72 81 5
82 79 31
17 76 60
35 56 85
91 58 21
53 35 63
3 38 31
32 44 37
13 18 8
20 23 4
53 47 69
40 86 9
40 13 37
26 19 89
21 57 58
34 64 76
38 38 89
34 13 4
65 21 56
28 19 91
25 50 14
29 71 40
20 88 75
32 5 36
43 52 27
41 21 38
92 30 17
30 6 64
9 57 89
91 88 17
55 86 15
13 69 62
69 2 42
4 45 70
66 71 29
18 91 88
75 89 50
2 18 76
22 35 33
10 60 76
36 40 45
71 7 88
80 92 53
47 71 54
58 5 67
48 67 24
5 26 17
54 36 30
70 47 49
37 58 16
19 55 48
59 66 2
19 70 78
51 7 56
38 16 13
81 10 30
81 64 58
66 72 51
68 18 77
41 49 52
41 55 56
82 4 44
71 57 24
52 84 71
80 25 21
27 73 31
64 68 56
49 44 64
70 2 11
38 9 18
87 39 64
53 7 8
42 89 49
90 51 42
23 64 88
76 24 35
9 18 92
69 12 17
84 60 65
26 69 57
76 56 70
87 71 4
54 46 36
19 48 52
68 26 92
82 37 2
63 36 37
91 14 30
73 17 60
73 87 17
4 19 22
65 58 78
52 25 91
5 43 19
71 77 46
40 68 69
10 66 22
17 83 76
89 74 37
45 35 1
90 92 19
52 51 76
21 67 66
86 42 68
24 81 18
58 69 46
31 46 79
48 46 58
15 63 2
87 4 1
90 4 53
29 50 49
63 12 43
78 57 65
42 28 85
1 22 19
60 23 30
86 90 12
43 26 65
4 22 66
19 13 89
54 72 82
15 47 60
70 21 31
28 77 8
42 8 50
22 75 90
34 6 45
77 22 66
61 3 13
82 77 26
70 27 37
77 74 50
19 50 21
54 64 13
46 34 24
68 81 79
28 23 37
40 62 1
26 38 3
72 74 47
61 84 67
44 56 15
36 52 43
85 70 70
21 68 26
81 84 56
87 87 29
59 38 87
41 74 46
5 28 53
24 13 85
48 69 90
50 53 19
63 77 37
46 24 89
11 88 23
6 25 32
1 81 87
65 54 33
14 21 90
78 23 50
72 90 68
50 59 87
66 33 86
34 5 73
75 22 68
35 22 78
86 73 22
12 69 47
91 48 50
32 66 51
76 49 12
6 9 28
74 9 82
81 83 38
53 2 15
22 32 22
48 41 50
25 87 39
83 72 4
86 28 57
11 80 10
25 9 33
84 33 42
20 17 76
80 85 58
58 76 60
68 62 19
49 54 66
62 61 33
11 15 4
63 92 64
57 65 26
71 59 34
2 13 62
5 33 2
55 90 17
8 8 15
44 33 72
73 21 82
11 82 36
64 66 30
58 5 58
24 84 20
17 77 10
43 84 91
73 66 33
42 12 83
74 19 16
33 22 17
46 59 26
20 33 40
80 82 51
69 53 56
23 11 79
12 31 22
48 36 78
85 67 3
65 58 36
24 58 23
69 32 52
82 87 56
81 80 67
72 16 77
24 5 9
65 40 43
66 30 25
20 27 23
30 70 82
83 5 91
42 41 65
70 65 82
84 76 11
72 70 33
76 16 76
10 27 6
50 23 42
5 81 58
16 60 10
58 82 27
76 30 84
39 49 72
67 69 78
60 84 58
57 2 81
12 26 37
72 19 60
22 57 13
5 19 21
55 57 29
67 69 71
12 51 38
88 41 67
15 83 3
41 89 89
88 92 2
1 73 51
44 12 30
86 85 12
44 25 13
39 79 55
41 24 73
43 8 83
34 60 9
29 67 29
71 15 30
84 53 1
61 87 82
6 92 57
79 54 92
92 1 71
5 78 77
47 44 42
11 20 82
68 30 33
91 82 32
10 89 66
10 41 25
57 55 66
90 33 17
72 39 63
88 70 33
50 15 18
74 2 21
23 19 49
89 4 54
67 25 1
57 2 72
21 92 49
7 83 78
19 24 61
38 30 29
90 89 75
74 46 89
3 73 72
78 45 72
42 83 41
14 90 77
81 71 6
31 36 1
92 83 42
66 7 54
52 31 21
78 20 91
76 20 50
6 10 63
17 29 86
1 92 81
81 48 49
24 27 62
5 23 34
59 31 21
74 41 16
78 8 81
49 80 9
28 46 11
19 6 83
14 1 80
85 60 82
57 1 25
53 69 68
46 89 59
76 60 92
36 57 88
57 74 82
51 59 64
15 59 59
79 43 47
19 38 28
39 30 65
26 18 54
73 68 60
19 64 92
24 33 32
90 37 81
52 11 22
27 42 91
89 16 29
85 56 86
51 12 92
21 82 30
4 20 3
75 2 1
45 67 57
17 39 57
59 22 65
66 50 73
78 9 17
31 37 16
66 23 27
27 2 32
90 38 56
68 17 11
17 48 91
32 27 25
68 75 40
64 13 31
46 2 45
73 40 82
72 64 45
69 88 25
14 15 86
1 61 69
80 63 89
80 75 13
16 54 42
52 2 66
77 37 23
23 13 64
68 75 5
52 27 10
53 20 82
46 81 41
63 58 76
28 52 62
20 54 71
53 31 59
69 92 31
76 63 89
84 29 87
90 30 49
7 4 35
20 83 60
19 8 44
7 70 40
20 39 92
46 39 40
39 11 69
31 15 30
39 41 61
29 41 37
40 58 14
37 6 77
3 73 89
59 10 56
23 28 83
46 49 67
21 65 21
35 59 28
48 84 34
6 82 69
52 28 2
19 71 2
58 11 39
66 27 58
88 32 37
88 56 61
65 25 5
36 31 14
42 84 76
34 37 27
58 30 28
82 14 79
24 62 64
64 54 2
56 36 26
70 10 1
65 71 85
10 54 65
57 44 3
19 3 74
9 72 43
7 59 42
84 17 23
14 36 9
27 91 58
73 40 75
92 63 91
26 46 26
75 13 37
26 20 8
40 83 1
13 51 29
73 5 73
88 48 58
18 37 24
47 57 91
38 8 9
18 79 8
36 51 20
13 85 76
26 38 17
90 81 9
35 58 80
67 60 72
57 72 24
78 51 19
64 46 88
52 46 8
13 77 6
62 7 5
48 65 53
31 46 19
45 92 82
48 81 17
91 30 71
80 38 92
28 28 75
66 48 37
9 34 86
88 40 32
32 1 40
28 58 37
48 54 24
91 75 53
62 81 72
38 89 60
72 52 14
67 33 9
60 18 22
46 86 36
70 58 21
44 47 58
27 36 85
57 28 48
39 54 70
30 79 18
10 2 10
83 16 56
90 24 60
36 27 32
6 16 50
59 32 71
11 22 84
92 11 91
18 73 41
8 47 92
19 74 18
56 88 55
61 82 52
40 31 74
88 87 87
77 51 52
12 73 27
39 61 61
56 42 12
36 60 67
77 2 49
65 89 32
70 19 59
55 30 74
88 92 36
2 13 82
51 10 42
57 26 44
41 10 24
1 80 56
56 79 11
36 42 54
43 88 38
52 50 61
61 80 79
58 17 74
20 6 92
82 8 30
78 23 89
18 19 10
31 12 85
85 45 14
91 56 3
14 91 27
66 66 7
72 58 70
92 74 55
67 30 59
21 75 45
28 35 41
48 72 43
62 36 67
34 54 8
27 63 23
37 49 84
27 51 16
44 55 62
45 24 57
16 6 24
91 22 87
32 77 44
82 24 55
91 9 65
86 71 91
85 44 2
68 65 42
60 17 88
72 73 52
40 62 34
80 38 87
71 57 26
20 27 3
35 54 22
31 46 70
31 84 17
90 92 68
70 60 82
90 47 89
2 39 24
92 70 24
64 12 35
78 59 53
13 90 37
44 40 67
32 83 48
74 58 39
32 34 90
65 25 25
42 20 14
81 12 92
61 68 64
79 34 89
32 25 61
88 82 82
88 43 43
26 62 60
71 50 16
8 23 29
24 12 67
9 5 55
51 28 66
77 44 61
41 17 29
30 80 11
28 46 30
11 10 33
23 10 42
47 35 1
30 70 14
55 33 26
43 27 24
29 19 49
51 36 92
67 87 50
55 11 47
33 88 13
57 30 92
33 51 49
44 3 45
33 2 46
53 75 29
22 84 15
80 30 77
4 90 62
45 43 66
69 92 50
26 43 90
81 74 56
53 34 75
27 91 65
72 84 73
64 50 84
34 76 20
62 39 25
81 66 47
25 91 88
80 15 20
21 65 49
29 70 75
68 14 81
75 84 23
78 39 86
33 44 89
9 77 72
63 11 61
91 92 32
5 74 7
76 34 62
69 58 48
54 39 7
50 19 36
51 15 90
6 61 62
73 32 31
36 74 17
16 12 48
52 14 66
77 32 7
63 76 27
17 44 36
59 42 35
71 82 45
15 39 42
55 5 78
58 6 46
7 54 33
89 91 84
8 47 10
77 55 51
27 36 33
33 22 10
68 66 6
78 12 34
80 56 74
84 64 6
3 54 45
6 71 17
13 52 84
80 11 33
92 41 58
11 70 12
84 41 17
29 17 86
8 48 84
35 7 64
23 51 18
80 61 8
80 91 10
18 11 46
27 15 18
78 65 63
49 39 10
37 68 85
18 89 51
38 63 37
33 31 4
85 78 84
32 84 58
86 91 7
29 73 28
12 75 92
30 10 60
68 44 43
42 29 50
22 2 73
59 85 9
86 56 69
35 83 6
60 16 13
8 28 92
33 58 49
4 8 46
69 86 14
49 15 18
31 48 29
1 75 18
83 13 56
84 11 17
44 73 31
52 35 61
26 11 90
83 35 56
90 53 7
2 66 61
1 85 57
33 69 76
10 80 86
73 6 34
90 71 61
17 30 1
58 64 58
23 22 84
12 1 58
76 91 82
38 75 49
36 20 39
7 81 45
48 42 34
4 70 21
23 85 21
78 82 61
92 78 54
82 85 15
42 78 33
62 66 83
61 53 46
66 2 43
64 41 1
76 40 87
3 71 90
8 35 77
59 22 14
67 52 15
73 36 88
55 61 12
76 12 57
61 63 84
35 89 83
32 85 22
2 15 39
19 71 8
6 60 50
44 5 86
53 76 52
81 63 57
24 58 61
41 31 73
65 30 61
22 14 77
69 61 51
91 47 87
86 86 90
16 11 5
2 27 43
10 10 16
1 79 8
66 23 48
47 30 57
36 65 5
44 3 18
53 56 57
88 22 35
82 78 19
65 76 26
52 26 41
8 43 65
21 18 60
79 80 49
72 22 38
30 70 55
47 61 60
10 58 69
18 5 59
4 73 78
32 38 63
77 3 52
35 79 16
13 87 76
3 8 86
24 31 76
43 83 67
21 69 38
44 58 57
6 7 8
72 29 22
89 9 62
37 52 63
15 2 43
7 33 68
91 53 6
2 79 13
40 33 72
85 25 61
30 5 4
35 7 84
67 3 40
58 26 61
75 13 43
86 91 15
18 5 31
53 31 79
76 31 91
82 29 50
7 77 4
22 4 27
89 91 66
69 9 68
40 73 38
25 31 66
88 70 85
67 73 13
63 70 28
11 80 82
51 73 19
9 90 74
70 7 41
61 13 3
21 11 5
76 50 64
58 34 32
12 40 64
55 69 35
5 52 51
61 12 56
52 1 59
26 78 86
15 71 17
31 55 26
56 16 24
84 75 14
34 92 54
41 17 40
34 11 28
63 77 3
85 5 77
28 38 86
84 4 70
35 61 92
77 23 29
64 57 1
85 14 25
28 63 35
47 76 10
22 48 54
55 90 91
36 70 69
45 2 58
66 47 8
5 11 40
61 45 42
90 78 80
67 90 91
2 60 25
35 44 60
7 77 8
4 6 49
9 34 26
86 38 79
18 19 25
58 82 91
37 55 90
77 87 36
52 55 56
88 45 90
51 31 81
26 73 2
28 22 57
86 18 91
64 49 57
52 77 29
88 10 14
23 22 33
30 86 88
60 23 18
30 91 26
86 45 87
23 23 8
48 12 22
85 61 26
50 55 86
64 12 34
2 73 56
48 86 18
69 23 53
80 29 89
73 72 63
91 4 3
53 64 80
28 18 31
39 76 22
63 51 81
19 35 63
91 13 45
2 91 15
79 82 17
56 75 12
75 64 38
43 23 27
5 52 41
85 10 75
45 39 22
67 2 83
50 14 42
3 52 29
88 29 72
66 43 60
14 53 34
27 58 28
1 44 40
80 45 3
49 76 65
54 2 19
25 61 31
49 12 48
91 41 51
49 50 39
64 59 88
24 28 41
42 50 48
24 32 61
18 38 49
9 46 9
75 52 52
52 43 27
82 80 9
69 10 31
4 30 84
22 55 49
35 51 80
14 24 26
55 52 32
16 9 74
59 64 63
23 16 76
19 47 77
92 73 51
18 21 55
20 54 30
84 23 25
36 1 28
54 65 46
4 87 43
59 72 54
51 64 56
19 6 11
1 82 34
43 45 40
58 45 9
47 64 13
37 28 75
29 55 46
51 54 42
32 41 7
50 36 67
17 80 19
11 49 79
29 70 42
92 12 61
70 50 82
4 83 47
45 51 46
24 48 42
19 26 25
20 82 26
22 79 29
90 92 88
88 5 86
2 11 41
56 92 5
8 9 6
37 43 22
54 63 19
10 6 30
18 1 91
47 41 90
5 43 55
50 86 90
44 57 29
27 50 64
89 80 11
13 13 13
44 30 73
11 8 48
76 87 37
24 9 74
72 40 9
18 20 3
55 5 32
54 43 16
26 83 61
85 40 24
63 15 68
38 10 34
28 22 3
66 16 32
46 68 60
90 85 23
2 76 14
74 7 19
18 46 77
55 88 49
31 45 12
27 53 53
89 92 65
75 67 50
84 48 65
10 10 31
61 60 27
66 68 22
82 16 38
24 47 56
37 19 69
12 82 26
57 91 3
40 34 38
57 41 72
66 74 63
25 8 14
53 82 28
71 8 55
63 87 14
54 91 31
77 12 15
65 18 53
39 61 7
85 78 81
85 60 67
79 10 56
23 28 17
78 25 65
72 10 68
17 12 29
50 49 7
46 91 34
63 75 14
1 24 57
52 42 31
33 54 58
19 60 8
29 2 32
18 47 91
29 25 9
66 38 10
13 24 32
20 36 52
71 48 18
56 29 72
90 44 9
18 24 46
85 25 78
52 55 24
24 4 69
35 35 43
37 61 52
74 89 84
9 88 88
91 43 32
79 86 15
36 6 56
19 16 51
57 39 27
84 73 74
22 60 80
65 38 12
35 75 92
5 57 22
20 14 64
86 50 50
21 85 14
69 47 65
30 50 85
86 72 29
83 5 63
89 15 33
58 32 47
84 62 47
5 11 63
12 67 23
43 30 50
81 1 53
17 26 76
25 71 85
16 90 34
20 18 21
26 56 56
53 13 68
50 2 44
52 1 10
26 55 55
47 51 15
22 24 71
23 84 23
34 44 11
9 82 27
52 30 84
88 46 54
36 88 83
75 74 3
14 50 26
70 77 10
92 13 67
79 44 66
17 63 55
3 38 1
32 75 26
10 45 64
18 64 56
78 75 57
76 57 73
64 65 30
36 19 44
79 12 71
25 13 25
23 61 89
6 52 10
58 49 56
78 86 10
39 65 59
46 87 27
38 10 17
60 73 29
46 6 3
81 3 61
33 18 47
8 61 24
55 49 67
40 87 35
31 67 64
22 12 16
84 23 47
39 54 18
44 85 75
17 32 68
77 40 92
16 31 56
72 92 39
49 21 28
26 39 37
56 37 11
61 34 74
73 78 82
65 88 58
10 2 44
2 56 35
51 84 79
30 29 2
28 53 79
83 25 5
31 50 47
34 55 8
31 46 80
31 9 13
74 52 50
71 90 28
57 91 56
24 25 66
76 8 24
67 76 80
71 75 22
57 77 22
21 65 2
58 84 53
32 36 29
89 80 42
70 15 68
72 87 15
8 59 1
37 76 78
29 25 66
66 59 35
75 90 1
60 19 9
37 52 58
74 35 63
26 62 83
10 6 53
61 89 1
55 90 41
87 47 10
58 69 3
54 40 57
41 27 75
38 10 42
77 9 12
60 24 40
65 36 55
72 92 16
82 60 75
16 78 32
66 83 7
86 14 19
35 47 81
87 90 80
83 36 89
31 28 1
71 6 80
27 87 27
17 7 54
86 82 85
40 88 24
60 91 18
23 66 82
26 63 10
46 75 90
43 81 11
54 10 49
6 5 49
75 35 52
75 9 42
76 75 2
81 87 61
40 6 71
80 78 47
6 24 32
23 31 91
77 70 11
60 10 68
60 92 27
24 55 5
81 74 20
51 90 16
40 68 53
37 22 80
74 11 77
59 73 28
40 84 39
67 91 10
76 25 54
1 3 79
38 16 64
67 40 40
63 10 85
47 55 62
51 11 26
92 36 26
59 72 12
5 18 61
50 48 22
52 33 44
65 71 92
81 83 92
80 57 57
52 71 1
8 40 3
64 62 70
2 56 50
45 63 71
67 35 52
77 40 85
12 70 57
60 24 10
9 52 46
69 45 35
70 12 40
12 73 26
55 60 53
31 62 35
59 10 22
50 45 22
57 41 25
60 75 68
13 14 77
35 8 84
17 86 43
58 14 90
11 74 88
46 17 62
92 78 46
58 37 78
2 82 88
64 43 41
5 83 37
6 81 39
84 69 27
25 12 7
2 49 21
41 18 46
56 14 81
11 81 13
51 63 74
78 22 21
62 77 24
78 1 18
38 51 35
71 13 70
91 87 73
25 74 13
42 69 48
34 59 13
50 84 75
18 32 79
43 68 86
55 45 71
59 27 26
43 74 36
13 87 53
23 5 8
85 9 71
13 84 48
79 24 89
75 42 3
89 77 61
34 25 41
23 16 14
19 91 35
92 51 40
28 75 58
37 19 72
64 32 23
86 44 31
25 77 74
38 53 44
40 16 87
46 80 58
58 76 88
79 35 68
8 32 75
45 74 69
74 5 71
21 91 82
3 46 82
19 58 20
46 80 29
54 3 59
46 76 1
21 55 69
32 55 35
80 86 46
31 74 30
51 87 21
92 3 58
6 22 79
1 22 41
28 43 33
50 31 86
66 47 9
44 34 92
67 3 45
23 78 83
85 29 33
87 61 39
52 45 29
60 59 24
87 8 79
10 40 38
88 19 51
54 65 90
30 65 40
59 31 83
28 15 6
50 79 48
23 3 50
55 72 12
26 34 67
55 89 14
34 28 47
6 48 37
62 56 83
7 13 18
61 79 17
15 86 39
12 91 11
15 49 2
49 12 30
17 52 61
30 35 66
30 35 87
14 37 79
20 79 53
34 92 46
11 15 47
80 28 43
58 3 77
83 65 30
46 79 3
10 37 3
42 67 10
62 67 42
61 65 14
6 78 32
49 86 26
79 46 41
66 48 5
61 50 91
56 42 35
74 58 48
80 37 17
67 81 50
25 1 76
21 61 15
2 77 47
85 71 66
36 43 74
29 15 28
45 63 49
34 21 14
7 56 19
48 76 92
67 92 25
32 43 63
12 87 33
35 38 32
62 84 78
35 18 29
61 71 90
84 39 91
57 37 1
46 75 59
26 23 68
68 19 7
43 66 64
49 81 52
13 71 8
40 13 63
23 6 48
28 26 18
73 38 75
64 27 29
45 2 42
69 69 69
1 13 90
14 86 13
86 40 45
68 85 7
39 38 80
91 35 59
75 74 33
25 8 65
12 43 5
78 83 71
45 4 29
46 80 72
55 60 82
81 59 66
86 15 41
18 28 74
50 28 64
85 11 38
57 10 88
10 70 33
58 9 81
91 7 39
89 16 55
47 3 1
74 70 45
33 64 55
77 74 66
10 24 7
81 28 66
28 69 68
53 49 55
91 39 88
90 73 11
75 53 47
79 23 11
13 42 39
12 85 58
43 14 64
24 56 32
22 77 42
37 9 67
56 77 73
11 5 91
91 58 91
90 2 45
71 24 66
33 24 45
76 46 72
46 71 92
21 40 65
83 57 59
80 89 5
8 75 55
57 63 57
73 78 14
20 11 44
14 26 10
65 46 61
83 57 61
16 21 21
70 24 23
16 48 2
2 12 75
53 84 59
57 31 20
25 46 64
55 9 83
70 53 19
18 42 18
77 5 6
11 59 34
9 47 34
60 72 13
87 46 11
60 29 1
70 38 16
31 19 28
9 79 85
37 70 2
30 61 79
87 21 31
85 43 87
12 86 47
16 47 64
21 72 64
54 58 51
21 81 13
5 26 79
17 80 42
57 85 27
21 53 55
23 73 28
25 23 56
3 16 86
15 71 57
58 7 41
49 66 80
74 66 39
45 69 87
34 51 76
88 91 52
33 16 21
5 8 87
11 55 66
58 85 10
4 83 45
28 25 31
44 15 4
41 6 49
22 82 69
74 55 36
56 30 47
72 17 11
65 70 8
29 13 77
15 18 73
84 13 37
37 23 80
87 49 75
48 6 11
40 5 23
12 75 76
27 23 60
8 8 10
46 88 74
72 73 17
40 5 8
38 14 14
38 32 30
89 9 44
34 74 57
76 91 29
32 88 3
64 5 80
50 91 2
50 78 40
12 86 24
20 4 28
92 1 17
24 60 2
15 15 44
20 32 30
45 71 16
86 63 91
85 5 26
84 3 17
84 87 53
88 91 5
62 8 5
55 61 13
28 32 30
4 10 69
69 68 14
35 5 54
24 71 16
80 17 88
56 71 47
41 66 43
16 87 75
67 87 45
5 74 87
60 42 39
26 7 2
29 83 87
24 63 9
50 16 44
45 77 34
88 74 7
66 66 77
63 26 61
66 57 84
84 28 22
68 14 3
5 28 46
9 35 26
66 42 21
45 54 5
64 33 85
19 63 22
14 45 47
57 17 22
60 17 73
34 39 72
74 44 74
7 71 1
32 31 24
25 12 30
51 77 63
62 70 2
88 33 20
48 31 90
18 36 32
14 11 46
74 8 25
26 55 76
7 17 60
67 4 1
23 73 79
57 88 32
91 35 58
82 8 83
31 64 3
66 48 7
37 57 63
75 51 10
21 46 14
76 83 79
7 17 62
24 89 42
51 78 43
72 40 28
48 92 65
46 76 40
78 79 61
20 64 80
92 25 2
3 62 1
18 19 86
59 61 70
30 55 1
44 46 3
4 46 59
47 60 43
64 81 52
61 25 29
58 9 86
31 52 66
10 42 28
44 38 79
42 23 76
9 4 13
83 42 68
68 63 38
57 45 64
25 2 54
67 46 29
41 23 87
9 68 47
3 76 44
17 45 3
32 7 50
9 70 74
67 88 70
75 6 15
34 21 42
25 79 44
59 63 22
33 23 55
65 64 4
52 40 53
80 52 2
90 64 67
8 71 76
49 6 86
7 1 21
86 72 38
84 43 83
88 2 35
62 57 47
59 53 29
70 42 67
47 39 12
50 91 11
48 39 22
12 40 3
84 87 20
86 10 13
31 68 83
3 92 18
33 82 13
59 43 62
40 20 50
2 66 73
53 5 27
18 15 42
69 32 60
13 59 39
48 61 73
56 21 80
92 79 41
55 27 47
84 37 2
47 63 4
80 92 9
6 46 73
10 34 24
31 71 58
15 61 39
42 29 74
49 71 44
89 69 87
17 40 71
2 85 48
51 78 40
2 17 32
89 39 22
38 9 27
32 12 91
24 62 35
40 44 33
42 39 22
92 71 79
84 43 82
81 17 6
42 89 13
19 82 49
10 44 71
63 28 53
5 6 45
54 46 18
52 8 35
82 85 44
13 66 25
74 16 89
5 72 88
88 24 35
92 70 64
55 25 75
26 65 38
20 79 68
20 1 22
37 29 62
81 3 9
48 18 84
59 63 66
55 27 60
59 78 12
73 2 88
77 2 7
74 38 89
89 15 59
69 91 28
31 68 2
34 82 68
4 26 38
42 56 90
14 58 74
12 6 1
9 21 1
56 67 88
30 4 22
91 56 36
84 5 55
7 16 25
45 36 3
52 92 90
39 5 1
72 29 82
56 73 63
25 30 16
7 80 48
62 32 85
71 47 76
53 58 78
86 35 36
82 80 40
19 67 59
5 41 77
70 8 73
34 67 19
7 70 68
15 41 87
88 25 6
46 34 49
77 3 59
56 8 36
78 11 92
43 86 31
3 79 86
34 75 29
30 71 78
67 28 43
92 64 41
88 61 92
46 37 47
9 44 20
60 87 24
1 54 72
31 71 76
18 25 40
84 33 53
70 57 3
38 71 47
86 73 34
18 8 7
21 11 65
24 17 40
62 8 66
92 64 55
69 12 85
9 58 68
92 68 87
38 7 39
41 10 70
90 87 30
43 45 8
68 87 20
83 31 85
91 48 57
85 1 24
9 10 90
45 66 18
77 18 23
42 28 61
49 61 25
6 85 59
25 60 7
81 64 14
43 36 65
43 40 85
58 15 80
71 53 9
68 45 39
14 90 72
43 8 42
68 21 4
55 58 2
35 13 67
88 24 76
6 8 11
42 48 38
77 9 88
83 21 27
3 48 2
11 5 16
76 86 19
32 34 9
34 46 53
47 22 3
64 75 9
70 57 35
56 7 15
27 21 91
23 81 26
50 11 39
53 57 24
64 27 71
22 25 87
13 66 46
64 63 28
31 11 40
49 77 91
64 49 92
39 30 11
69 32 84
61 57 72
25 53 22
60 48 63
35 17 51
9 77 59
81 80 65
52 28 33
17 41 44
51 81 33
71 12 91
74 45 52
40 57 35
41 89 73
48 78 50
87 52 67
39 31 38
49 35 64
52 80 87
23 1 52
74 64 43
63 56 43
76 58 71
60 33 26
18 75 45
55 67 47
37 73 63
57 55 42
36 91 59
23 62 83
65 4 88
88 27 74
22 4 19
14 56 61
8 2 22
68 74 77
85 69 15
73 70 91
65 3 69
6 88 6
2 27 60
47 4 20
88 69 4
63 65 33
40 4 2
7 69 51
83 70 57
72 58 24
20 85 17
22 14 46
64 47 84
31 66 21
48 22 16
28 47 37
64 71 88
1 75 10
64 17 36
12 35 49
61 60 16
12 86 57
92 10 49
14 45 90
75 21 58
15 87 9
13 23 45
39 61 71
64 66 53
11 24 77
84 34 88
91 21 22
26 20 29
39 76 10
24 18 79
28 85 2
23 83 48
73 50 32
24 61 48
29 13 88
74 80 75
23 82 78
21 7 91
84 25 88
52 42 27
16 79 5
47 42 26
66 43 12
46 12 91
12 78 83
60 86 32
91 74 74
11 43 40
21 71 70
8 55 84
18 14 28
27 35 30
49 54 81
55 53 91
52 6 42
9 90 13
26 3 83
27 70 81
37 71 17
86 68 67
91 17 64
81 69 63
85 88 84
15 82 24
35 38 48
39 50 36
27 9 49
75 81 67
24 89 33
20 58 71
78 36 58
14 5 29
16 25 22
75 88 25
2 23 53
15 20 45
53 64 56
12 82 91
34 46 9
21 74 39
87 9 54
8 52 2
33 88 50
10 78 69
33 92 60
7 14 91
70 8 26
29 36 9
3 27 38
13 71 1
10 28 61
73 1 19
70 50 13
1 62 41
18 47 51
83 73 44
46 15 51
46 19 24
57 25 32
64 55 70
88 14 44
86 50 26
27 11 63
81 38 51
27 11 28
64 91 3
51 26 37
5 23 21
31 90 81
47 55 28
32 15 12
4 20 60
48 66 27
26 81 60
27 92 34
23 82 23
92 17 25
10 77 15
9 3 86
79 24 75
76 38 20
74 12 44
33 16 71
48 9 58
75 41 34
78 36 34
9 19 83
9 89 81
86 77 8
92 69 49
80 88 71
53 68 22
18 2 18
74 91 72
22 26 51
1 64 17
44 37 60
75 25 76
30 75 85
42 89 73
65 78 86
76 39 38
58 82 27
52 32 49
12 23 77
67 14 83
80 52 83
51 91 84
64 71 54
61 85 68
41 43 91
3 42 32
47 65 4
31 42 53
60 59 78
35 33 82
33 73 56
55 3 58
48 54 81
84 35 53
84 10 79
75 30 45
29 43 18
32 46 82
92 80 75
45 23 70
59 80 80
44 62 90
39 91 23
80 6 41
85 68 25
92 5 44
45 54 34
61 17 33
11 90 21
30 8 89
5 40 80
11 4 51
6 78 46
59 45 40
45 14 57
80 4 92
22 5 27
73 56 46
36 46 84
46 85 84
35 31 91
53 77 3
67 10 71
19 81 80
70 75 72
18 48 55
54 21 44
86 35 65
85 85 63
20 70 82
53 11 51
66 4 28
70 92 47
57 40 83
55 19 62
57 85 71
28 90 15
27 26 57
77 61 57
30 71 32
21 54 55
91 26 81
22 14 21
27 3 13
34 46 92
65 85 66
49 91 78
54 78 10
22 2 47
26 68 23
53 24 76
71 87 68
32 72 59
62 92 19
33 47 20
2 70 18
28 90 13
85 2 74
18 60 26
77 72 25
7 86 84
42 42 44
89 33 79
62 9 34
10 58 52
32 20 29
24 82 36
78 66 30
65 2 80
85 42 77
59 80 69
61 55 58
49 67 87
14 20 51
33 57 36
50 47 89
25 41 16
91 8 83
72 67 73
68 13 39
29 21 5
90 2 70
87 87 28
5 6 27
51 2 33
24 57 71
37 75 63
77 62 79
54 49 15
42 10 67
50 77 37
47 87 85
77 41 19
62 50 22
70 62 32
86 14 52
20 20 66
86 62 4
29 82 51
45 87 32
85 38 44
63 19 91
62 83 21
48 65 89
74 29 67
48 75 47
16 84 58
74 53 17
51 45 86
37 34 24
56 27 22
69 16 81
7 82 64
7 77 16
90 15 83
46 82 82
60 37 8
69 50 29
18 5 5
48 80 91
85 84 6
46 70 46
24 11 27
15 58 64
12 38 69
64 18 28
57 4 36
60 77 5
41 32 92
29 22 23
68 45 15
47 85 44
52 24 46
78 25 28
36 55 13
45 71 73
40 59 25
18 55 85
33 60 41
85 21 28
14 58 88
69 65 26
21 15 83
62 89 33
25 68 46
23 14 77
12 92 23
16 26 86
22 32 22
56 7 31
34 3 17
50 70 45
8 36 91
63 55 71
6 88 83
44 4 74
56 78 35
83 55 86
70 61 32
59 1 62
16 25 46
19 58 44
71 41 86
31 25 70
70 54 12
62 12 78
60 35 21
79 59 18
6 14 13
13 50 81
18 77 68
16 17 22
59 80 79
77 26 71
63 58 77
9 81 89
69 26 5
53 65 34
71 25 82
88 10 80
24 39 11
68 46 32
70 61 6
12 27 30
34 64 35
1 80 8
74 15 87
65 69 47
83 15 67
50 86 71
3 14 85
10 71 6
22 24 27
19 31 58
45 43 38
58 37 8
85 92 70
20 40 47
44 51 12
71 91 28
17 92 49
29 59 19
17 88 82
37 56 81
31 62 71
60 38 79
35 5 70
86 87 91
57 83 16
36 77 82
56 22 28
49 9 53
23 89 50
56 81 80
5 6 54
89 25 43
69 78 34
42 28 57
47 22 43
47 60 92
65 84 16
31 11 77
55 40 62
27 48 14
86 3 16
91 90 33
83 4 88
6 60 30
37 29 26
11 32 20
59 54 20
51 23 33
79 91 36
80 25 35
26 72 61
27 66 69
71 51 91
39 64 92
40 76 74
40 2 37
17 54 42
54 75 23
27 25 79
16 26 79
21 87 90
13 81 26
47 77 64
72 66 31
63 60 34
16 60 25
46 50 37
56 61 86
49 70 45
46 47 23
80 44 59
30 58 37
74 28 72
54 70 49
11 60 9
68 8 17
83 69 69
53 60 24
83 67 54
21 53 45
90 34 17
40 88 23
47 60 19
75 23 59
55 51 8
67 86 35
8 23 16
81 19 50
32 85 91
1 13 89
37 1 90
45 27 35
17 53 43
82 8 1
60 40 8
89 18 14
45 82 1
91 3 14
87 90 57
33 14 63
39 77 40
76 53 14
76 80 51
2 27 10
5 77 15
16 56 92
61 13 89
10 90 34
7 17 72
39 48 72
44 10 13
59 73 86
59 43 29
36 29 86
58 28 89
8 79 4
68 34 56
21 67 41
19 32 6
49 60 53
12 57 65
38 60 82
45 33 78
57 84 58
45 53 52
70 4 36
1 18 80
78 83 1
38 50 54
61 47 52
60 82 68
59 80 85
38 59 80
78 76 15
78 36 53
37 46 66
67 50 10
32 47 22
50 69 59
60 63 21
24 3 79
15 62 30
46 65 21
89 78 60
4 81 83
48 39 43
46 34 80
19 38 52
15 8 77
76 64 21
92 74 78
92 37 42
66 21 37
24 52 1
6 54 15
79 30 86
61 50 2
41 69 90
44 70 78
88 42 55
54 90 70
1 54 30
33 48 62
70 79 16
4 28 76
40 2 58
41 15 5
12 56 50
85 53 37
85 85 31
48 79 86
1 1 33
3 22 80
7 48 52
31 16 25
10 76 69
31 16 10
75 15 18
42 25 92
31 75 59
29 8 8
76 34 2
35 51 8
47 35 76
54 21 2
80 5 80
75 36 14
51 64 50
84 4 9
46 65 14
52 21 25
22 42 54
34 15 38
20 73 90
24 12 43
16 52 53
61 86 18
72 46 35
11 69 62
73 8 69
86 13 66
86 26 86
47 64 56
28 14 16
53 47 2
14 4 43
48 62 62
65 90 18
47 92 45
41 35 54
33 86 92
13 16 33
87 46 21
31 37 44
31 77 21
62 73 71
43 69 47
10 37 49
21 69 63
40 52 32
82 76 56
20 47 8
35 47 20
85 50 57
51 86 65
18 74 22
29 80 77
49 25 50
62 79 13
71 73 7
40 41 91
38 80 35
83 83 17
26 85 13
68 26 19
3 35 79
4 55 88
36 19 48
10 25 22
70 69 20
69 6 39
17 44 37
11 81 8
22 91 11
18 65 11
58 55 13
44 19 27
69 41 19
34 69 32
22 10 18
39 22 33
91 83 43
64 37 75
78 32 18
65 2 87
85 69 27
60 47 13
4 12 66
46 36 79
53 86 88
75 84 76
25 80 38
81 25 80
22 61 34
76 76 86
14 26 64
66 46 51
6 19 51
61 27 47
33 88 61
46 9 26
29 18 8
53 75 16
27 40 83
87 19 51
53 54 38
17 88 28
58 42 38
34 67 26
83 35 12
75 84 65
26 4 79
67 92 8
74 51 60
69 49 48
46 32 77
11 38 47
66 15 43
71 5 85
68 75 53
28 84 13
75 46 86
22 37 54
28 26 9
16 59 42
91 54 36
46 17 74
6 92 84
47 89 71
64 52 67
77 40 76
25 58 50
28 78 75
50 27 25
5 81 17
64 41 79
92 41 84
9 50 32
12 14 86
22 92 84
1 16 37
4 52 34
42 43 25
46 69 53
77 45 92
55 54 11
55 2 30
85 73 69
19 46 56
83 89 88
57 78 87
30 70 28
23 13 19
64 69 68
39 57 68
7 23 71
84 54 47
1 4 68
65 56 64
11 53 87
84 65 36
45 71 87
75 33 56
4 50 24
66 77 90
51 58 71
11 7 30
69 9 24
85 74 47
59 15 65
85 15 24
48 84 48
57 18 9
47 45 8
80 79 32
50 64 58
61 3 35
73 18 56
20 58 18
26 77 31
15 55 78
16 61 4
48 68 26
60 51 85
70 75 90
21 16 32
19 21 82
27 3 37
78 1 89
42 13 18
16 55 54
65 32 10
87 17 27
39 45 14
41 1 62
29 56 45
21 19 55
4 9 67
71 46 3
4 53 35
12 59 88
6 11 40
66 33 30
73 72 41
46 66 18
64 89 20
83 31 71
36 49 73
21 73 30
70 7 9
78 37 70
74 3 27
52 38 60
18 74 30
52 43 55
1 27 75
9 53 10
6 18 70
14 74 27
19 90 44
27 71 6
19 80 16
17 51 70
38 10 64
63 90 75
30 50 32
68 61 56
47 22 43
53 90 50
78 86 7
24 12 79
61 39 74
32 12 89
87 70 34
49 92 30
50 60 25
9 14 71
64 65 18
12 76 47
11 19 50
78 32 10
43 73 91
41 87 30
78 24 86
53 24 63
66 9 17
17 18 60
69 72 69
39 64 40
63 5 49
32 27 71
2 91 61
24 51 35
6 58 68
54 89 49
44 45 50
11 46 14
4 23 89
5 33 3
76 92 15
51 7 3
52 18 81
30 47 56
44 65 89
46 71 35
8 71 29
56 90 9
13 19 62
46 63 66
58 70 66
28 53 89
20 81 47
38 8 84
48 35 74
22 49 21
34 39 80
2 71 32
5 46 81
68 61 75
25 62 56
86 39 84
81 8 5
53 18 86
3 84 70
48 83 14
79 14 13
47 15 82
41 33 87
51 45 57
17 89 32
51 64 91
17 19 6
2 8 85
27 35 43
43 13 54
70 45 23
62 51 10
89 15 45
8 79 6
77 51 89
36 32 16
1 1 23
80 47 73
92 48 17
38 77 75
50 46 74
31 2 46
46 26 7
21 90 58
66 70 13
50 1 73
67 55 28
88 15 18
91 5 24
16 53 32
10 47 7
36 40 89
58 74 66
25 49 57
39 71 65
79 37 47
52 16 75
38 57 35
91 53 26
2 68 81
55 89 11
4 86 19
23 7 91
81 13 79
91 36 9
42 17 82
48 3 37
45 35 4
12 39 91
40 68 84
80 47 53
85 89 29
5 85 81
52 77 52
72 63 20
78 92 69
15 64 4
51 50 7
4 69 32
8 15 77
74 79 68
21 15 18
47 82 3
66 14 21
42 83 71
20 79 50
36 29 73
24 86 56
32 37 89
54 28 89
50 60 11
9 37 13
86 19 59
56 6 37
73 66 7
11 72 19
61 68 37
52 1 36
79 53 24
29 19 83
7 91 12
27 38 50
87 45 57
16 82 21
62 65 80
61 53 46
20 61 50
67 61 87
2 84 80
19 92 89
24 79 81
1 14 50
82 48 70
19 20 11
36 80 84
16 15 6
31 35 37
77 63 35
90 38 88
45 64 14
56 50 44
16 25 20
64 54 15
45 37 80
32 87 30
16 43 14
57 20 92
81 3 92
24 20 11
43 89 35
82 51 7
7 28 26
3 45 81
71 76 10
53 29 70
71 41 39
90 81 74
34 26 8
90 37 24
41 31 26
17 27 34
16 20 39
85 5 21
59 59 31
36 77 87
83 4 33
14 37 13
84 32 29
73 86 92
6 64 8
28 69 25
34 22 49
76 89 64
32 58 45
67 62 75
89 69 73
80 86 32
74 57 39
56 67 68
6 9 50
66 92 46
6 45 35
47 47 85
6 41 84
63 21 25
51 73 55
6 67 53
33 20 38
25 62 77
48 90 70
87 33 84
50 87 12
37 84 61
23 71 4
19 22 84
75 16 26
67 14 31
55 36 27
28 65 70
48 38 28
28 80 2
18 84 35
77 35 87
24 80 18
32 68 27
48 34 91
63 10 48
83 55 62
13 31 78
9 50 80
22 43 41
8 3 84
41 9 2
89 80 89
76 28 76
24 67 29
55 40 83
79 35 60
31 3 14
88 79 49
30 15 14
76 66 25
85 49 13
76 50 52
9 72 87
54 30 32
30 1 50
36 33 86
33 19 36
46 27 10
69 3 73
30 8 69
30 83 26
48 27 36
45 22 24
70 63 39
81 81 21
26 18 58
20 83 9
68 81 14
75 2 42
28 56 6
81 53 12
9 64 14
6 15 15
51 66 17
87 10 19
32 18 90
7 29 81
31 80 64
92 58 7
10 67 20
44 61 28
6 59 34
57 18 71
91 66 44
9 66 46
34 88 39
30 90 69
41 49 91
65 22 45
27 92 85
29 67 80
44 77 50
70 13 62
31 5 88
67 40 81
30 27 75
44 32 76
60 41 50
35 80 43
23 64 48
10 37 15
13 18 90
57 66 75
85 54 26
12 43 9
21 52 19
9 47 53
78 15 55
41 5 89
74 34 70
32 78 68
73 78 56
64 39 7
67 35 80
25 55 58
76 75 79
61 64 86
55 24 46
45 59 25
63 61 9
54 88 60
85 40 77
67 36 27
90 6 68
90 90 53
30 10 12
65 43 58
86 65 69
39 45 59
48 14 89
11 67 62
64 44 43
50 38 89
19 54 36
87 28 3
46 50 1
65 84 59
83 81 3
64 5 55
13 31 3
23 46 18
62 91 32
28 50 55
89 2 88
62 39 10
61 47 39
37 50 75
48 36 50
56 34 60
58 70 7
81 32 11
27 60 9
25 13 25
67 32 17
11 4 22
8 87 33
60 65 87
62 89 67
43 69 3
15 57 75
27 22 87
27 34 84
5 29 30
72 30 67
13 41 27
2 80 4
30 92 68
43 14 37
92 42 50
35 37 29
55 92 14
18 59 17
24 30 73
89 13 38
64 17 8
16 39 2
49 81 14
71 13 8
82 31 90
82 69 82
13 64 65
37 92 90
30 84 23
35 43 89
46 56 4
6 79 76
57 14 84
84 81 32
82 21 37
36 1 37
41 71 31
84 37 27
30 12 43
6 3 2
24 72 70
19 5 59
41 79 1
61 2 27
91 71 49
4 45 53
62 1 76
7 50 58
19 61 21
87 12 19
33 27 57
3 51 5
36 74 1
54 21 75
24 35 52
63 4 91
5 46 7
56 26 60
79 79 48
47 78 2
67 53 83
48 21 51
42 2 65
52 14 17
27 40 30
83 71 48
60 80 11
2 35 38
20 3 4
29 16 34
61 73 33
1 3 69
4 33 76
86 83 38
1 44 81
37 71 23
9 47 36
87 90 2
60 46 53
11 28 14
37 72 45
15 88 49
90 32 52
62 65 37
9 44 54
70 32 10
36 35 85
38 49 65
38 71 17
86 9 33
92 50 71
12 33 54
72 80 79
51 51 68
53 64 58
18 12 40
38 77 22
62 7 60
91 1 37
5 46 18
80 7 24
12 37 72
46 50 43
1 88 60
40 8 22
2 35 83
59 91 87
88 39 52
66 27 14
15 39 80
79 50 17
65 13 47
88 64 72
13 64 56
41 35 24
62 36 58
83 13 30
70 42 75
92 30 41
92 67 31
18 39 88
16 3 18
80 30 50
71 91 13
45 50 12
7 88 79
58 33 63
20 85 25
52 77 86
13 39 5
21 18 52
69 9 35
81 61 10
85 31 29
12 44 46
24 72 88
78 68 35
91 4 36
32 84 14
9 47 24
77 30 44
12 25 77
39 27 46
35 15 47
76 65 6
11 13 56
9 63 16
29 69 24
36 70 1
10 17 38
47 34 61
78 31 69
72 15 40
8 52 41
26 61 60
52 26 88
75 53 77
51 27 63
77 75 76
4 72 46
17 9 70
69 38 73
18 1 89
28 43 24
14 72 36
48 26 84
12 47 14
37 34 67
64 24 62
85 14 14
33 29 78
83 80 22
21 19 8
5 90 62
58 92 61
81 9 92
2 87 80
28 83 50
11 57 89
78 29 27
67 34 83
57 11 72
79 15 49
58 28 12
24 18 61
7 18 7
68 22 83
38 61 86
72 16 77
28 26 28
67 88 45
5 71 80
41 42 14
55 34 91
61 62 5
27 20 69
67 6 55
29 61 84
81 42 32
72 40 86
49 64 5
1 24 37
46 27 39
15 70 5
83 26 34
8 52 11
45 7 4
86 16 20
66 74 12
54 21 39
15 48 75
65 50 52
58 15 8
17 22 26
88 65 75
91 32 92
44 70 53
23 47 35
18 60 35
69 61 49
61 31 31
69 11 86
51 27 88
91 7 87
13 73 48
32 60 45
78 73 26
90 25 15
8 42 19
64 35 21
12 89 85
74 7 73
72 43 22
62 57 64
68 63 24
75 23 86
10 86 16
1 19 43
54 64 75
35 44 52
37 26 24
35 7 28
52 75 74
79 56 22
77 71 46
21 53 8
26 63 2
43 55 8
25 49 31
83 26 15
6 65 19
63 32 22
17 22 13
74 58 17
55 31 81
24 10 70
43 35 84
41 69 84
42 62 31
40 45 16
23 86 11
32 47 55
82 91 74
31 18 56
88 45 5
44 53 5
33 34 8
12 66 10
36 57 5
19 84 7
32 57 56
41 41 17
32 15 31
67 70 88
45 10 12
66 72 43
58 59 66
9 32 78
11 61 55
25 87 80
78 34 47
54 90 57
22 32 71
72 32 76
30 22 41
71 1 3
51 77 70
60 29 52
53 50 56
54 79 6
3 12 53
91 32 6
35 66 41
10 30 14
10 50 37
38 50 9
47 13 87
76 66 75
25 7 7
73 65 86
58 35 22
51 76 13
39 3 9
45 43 21
28 81 84
69 23 3
16 37 70
22 49 71
6 51 67
75 69 20
16 89 58
49 2 69
52 47 65
79 33 19
35 69 31
56 31 29
16 1 92
73 87 88
9 87 6
20 75 35
48 67 88
7 46 5
89 54 81
82 70 34
23 47 82
45 85 10
19 71 6
68 40 17
40 63 92
12 10 90
92 8 9
16 23 2
49 68 64
73 55 9
41 48 1
38 26 18
30 73 25
58 72 80
60 19 48
2 78 90
65 33 23
88 9 15
7 30 38
68 49 33
3 48 37
71 92 6
29 17 78
77 50 9
66 3 20
3 85 38
48 76 83
60 16 24
50 39 75
30 14 29
29 45 86
62 45 5
78 50 74
55 80 71
74 85 13
46 15 37
46 29 75
62 82 92
16 53 65
36 9 32
50 59 16
77 17 5
23 37 73
31 60 29
86 82 18
4 25 87
30 64 16
10 44 74
37 15 41
20 6 35
44 29 63
74 7 73
53 64 1
84 78 7
55 13 76
80 52 6
39 63 52
57 11 68
41 44 2
21 77 72
25 23 22
21 76 56
53 52 70
19 92 32
36 44 38
32 50 89
75 21 11
76 43 67
69 15 35
92 58 40
14 2 25
2 21 59
43 80 7
30 44 29
57 78 29
7 32 80
30 27 56
51 17 36
80 64 30
69 48 72
9 53 11
35 67 57
4 92 75
71 59 16
31 38 92
77 89 25
49 55 76
63 44 32
28 57 92
66 8 8
62 67 81
68 19 92
29 70 36
48 4 34
65 42 43
13 30 49
46 35 37
53 52 75
44 31 9
75 33 48
82 68 68
63 22 85
9 41 23
8 69 72
47 21 57
43 65 83
54 21 49
65 70 80
87 67 75
59 66 20
76 85 16
68 47 67
72 80 30
84 64 90
65 17 9
74 14 90
73 21 44
44 22 2
65 4 54
47 80 66
68 33 19
17 51 4
76 74 26
37 16 37
65 25 37
39 61 56
14 32 76
59 2 82
82 3 69
75 1 31
89 85 86
25 50 14
31 2 16
83 5 9
3 37 33
10 22 83
54 77 89
67 53 34
69 21 77
22 74 68
5 2 31
88 78 82
76 88 72
35 85 68
5 57 64
45 25 63
25 85 77
39 80 9
10 40 21
74 78 49
64 21 47
41 76 24
46 84 75
70 26 19
22 13 87
18 18 11
86 4 79
52 84 84
72 69 46
48 20 62
34 50 51
59 80 14
61 84 63
14 92 50
92 62 77
65 60 27
11 66 18
6 12 48
58 24 82
59 1 74
42 74 91
15 80 47
88 56 21
8 70 77
30 58 35
58 53 40
4 55 31
51 12 77
25 67 22
73 90 13
63 69 66
4 18 66
22 86 75
7 20 24
86 15 39
14 63 86
4 50 29
39 64 7
87 49 18
88 64 80
16 85 28
46 69 86
80 51 60
60 77 69
52 12 20
35 24 40
50 21 2
78 73 77
54 44 8
48 56 61
92 15 87
2 20 91
54 50 30
38 29 64
63 71 55
65 65 10
71 19 79
38 33 50
79 60 9
66 14 62
35 27 37
25 39 30
8 53 16
33 85 83
5 16 46
2 66 1
18 13 66
10 24 36
10 91 6
59 67 3
62 24 48
80 31 87
24 44 58
23 20 51
60 62 22
61 57 88
81 56 64
53 62 77
88 44 82
2 10 81
78 77 5
39 91 65
14 46 31
4 37 68
60 25 54
6 8 15
66 40 70
7 15 33
70 47 14
64 88 14
1 32 71
4 67 33
61 60 88
56 33 11
39 74 32
51 84 62
51 74 42
22 63 3
67 15 16
20 4 63
38 3 75
64 9 88
13 32 26
67 27 15
54 24 20
9 4 1
61 52 83
68 22 63
90 15 43
13 26 40
83 13 3
22 19 19
14 85 62
68 53 82
11 36 78
7 68 89
66 81 78
63 3 61
12 45 38
90 63 11
38 74 48
30 67 47
24 23 57
45 82 48
54 76 51
75 50 81
56 56 32
37 6 83
28 34 81
87 9 11
78 23 58
33 12 39
24 89 34
46 61 35
48 43 69
76 22 6
76 49 6
25 88 7
68 69 26
22 14 11
6 86 42
90 43 85
7 87 1
84 79 86
8 64 1
50 33 37
73 53 40
17 68 51
42 39 71
32 52 9
23 68 78
9 65 87
64 83 64
16 88 41
27 43 62
70 61 40
63 74 25
68 76 58
9 48 15
79 8 14
60 35 71
55 49 65
60 66 27
2 34 53
17 17 84
54 82 43
59 28 31
51 22 28
29 62 58
79 23 38
7 17 50
20 37 65
2 9 61
32 51 52
17 34 30
27 88 85
45 68 18
28 11 15
50 45 62
82 11 60
14 27 58
7 53 26
82 31 50
79 79 53
68 17 92
65 22 11
61 38 53
83 11 82
29 37 1
13 17 88
53 79 43
67 29 89
83 80 18
88 25 29
87 7 32
11 15 51
4 51 70
91 55 30
57 62 2
17 92 4
63 65 51
66 63 71
81 91 38
45 61 25
15 49 45
33 76 54
26 26 61
32 49 40
18 90 33
85 2 32
42 31 50
15 65 88
21 21 43
24 84 12
69 2 31
5 71 74
55 21 75
90 38 3
70 46 47
12 87 91
7 69 42
47 31 80
83 9 27
16 8 24
85 28 74
43 26 10
78 11 38
91 47 49
47 22 37
32 9 14
9 21 47
43 58 85
34 84 32
3 15 18
28 62 34
16 27 46
79 43 66
28 16 18
48 52 63
72 40 81
16 84 51
88 78 88
8 85 45
50 75 37
46 60 58
75 20 14
2 91 54
63 69 49
65 51 49
86 27 30
17 16 89
25 85 17
86 65 90
36 85 52
64 22 47
12 41 70
51 82 62
87 20 20
49 56 45
88 59 46
70 15 88
20 10 41
73 56 25
5 5 17
67 76 89
92 18 12
67 28 32
34 71 79
41 11 44
26 33 72
50 58 85
69 62 21
49 52 71
92 87 13
92 52 91
90 77 3
62 76 77
91 17 79
13 24 67
82 32 48
21 90 67
13 17 69
31 54 85
72 22 45
20 27 79
5 58 34
86 26 10
42 22 6
58 43 84
83 56 80
66 30 72
83 62 60
21 1 35
13 87 91
33 63 49
60 15 65
57 1 22
22 25 27
20 64 48
10 69 48
1 45 16
33 68 26
28 38 53
8 86 2
51 16 22
22 67 4
24 83 83
68 17 86
78 64 35
54 35 53
54 18 48
89 72 48
2 16 30
70 9 72
66 65 85
10 25 5
24 7 55
1 11 17
16 4 13
30 42 44
81 16 3
55 1 49
83 55 90
92 83 40
50 85 26
35 80 54
61 18 43
9 77 55
79 17 60
30 70 16
33 16 38
25 20 32
45 40 82
89 66 5
25 42 23
82 64 19
2 81 26
1 68 9
91 39 10
69 34 14
87 40 76
68 4 73
90 59 38
49 5 46
60 45 74
69 17 62
90 43 50
55 14 81
55 61 78
22 70 46
37 55 47
12 58 46
13 52 91
18 90 77
60 64 92
68 18 85
47 76 36
7 16 57
68 80 66
22 36 86
91 6 29
54 52 7
3 56 74
40 8 33
88 27 25
27 44 79
26 12 85
59 49 46
89 14 44
62 64 68
35 21 88
32 40 24
38 91 92
36 26 91
92 62 16
43 18 32
36 63 64
38 77 12
33 56 2
36 61 15
44 70 65
11 92 37
16 40 50
88 52 70
89 69 28
45 39 77
5 34 74
64 30 4
28 92 37
12 82 91
55 18 91
42 45 35
8 27 43
24 21 6
41 12 14
14 17 29
12 54 91
8 58 70
81 75 50
55 6 3
62 86 2
92 89 62
76 19 9
59 31 73
3 62 24
7 76 24
71 1 24
58 51 45
80 88 21
62 31 10
34 58 71
27 40 29
80 2 23
53 12 8
55 59 35
18 23 55
75 56 17
64 35 75
41 75 61
46 60 59
60 35 57
56 35 37
68 90 34
5 27 10
92 24 63
92 42 81
29 83 39
53 19 75
17 91 81
45 30 17
11 9 64
54 34 12
26 80 40
85 49 10
36 62 38
44 83 16
55 90 68
6 41 40
80 79 28
41 80 36
85 19 69
26 55 67
6 25 79
78 50 51
40 23 28
44 26 66
17 55 25
15 68 71
56 15 67
48 14 66
75 33 34
48 21 38
18 3 12
54 85 22
87 62 33
80 27 56
77 5 1
6 89 16
63 56 44
31 80 19
51 46 31
26 72 2
7 83 76
57 26 65
6 91 6
26 35 34
57 9 52
81 16 37
38 5 35
88 70 3
74 73 14
24 52 21
25 19 74
45 21 78
25 75 61
89 84 77
44 76 90
4 8 20
91 63 39
17 62 65
29 1 26
8 22 18
38 16 67
56 88 54
26 65 55
48 42 79
78 60 58
89 33 82
53 36 65
49 60 1
37 14 68
5 20 76
74 53 39
65 9 7
88 27 82
39 66 63
65 18 64
3 49 66
75 48 63
35 54 56
25 30 24
34 81 8
85 19 92
48 38 67
58 3 37
57 91 13
26 55 33
31 26 60
10 38 26
6 35 69
92 82 63
57 20 53
62 66 35
57 89 33
42 48 24
31 32 73
17 67 12
78 15 87
31 37 26
80 89 73
5 71 19
16 78 89
2 90 31
73 18 71
51 18 72
55 73 1
63 18 80
42 27 56
51 75 6
48 92 57
62 17 92
88 46 41
26 41 92
11 54 53
52 58 30
13 50 31
71 73 43
49 85 27
54 88 49
79 23 57
60 5 76
64 55 56
67 33 48
9 79 35
49 28 15
89 31 16
43 14 13
13 52 16
57 76 76
45 55 61
46 68 53
81 15 28
48 92 15
24 1 34
15 74 27
3 5 41
88 47 43
49 67 68
8 54 89
37 62 69
18 87 2
53 89 77
43 52 47
13 8 37
65 67 18
41 30 35
74 87 59
32 9 91
30 44 30
7 72 68
34 25 87
70 38 31
57 51 64
59 52 76
24 80 52
76 3 20
60 5 28
73 26 64
5 56 6
21 48 48
53 47 89
86 35 81
92 5 8
20 74 9
87 80 79
34 41 73
42 37 77
55 27 58
73 69 86
12 6 11
47 45 46
8 54 49
61 1 25
29 28 41
88 67 49
3 27 23
74 83 47
69 56 30
36 80 44
18 90 61
26 8 6
89 71 87
12 31 63
76 30 47
44 27 75
54 4 46
36 26 39
63 92 29
13 59 57
9 8 86
45 19 40
68 4 42
17 77 19
62 60 28
33 21 55
47 45 90
76 44 86
7 69 89
23 88 42
11 69 57
59 75 44
30 9 85
83 14 22
90 83 20
63 80 21
44 24 56
70 75 82
3 17 38
82 14 66
52 49 64
58 19 85
62 30 62
36 33 34
11 1 88
76 37 29
30 63 48
87 8 28
58 83 9
92 10 47
90 14 16
72 29 20
20 76 3
90 73 47
79 19 12
51 9 45
2 33 79
55 16 1
92 66 44
51 9 11
74 9 11
4 12 60
30 88 87
89 30 87
69 89 79
44 46 65
67 8 90
33 86 21
61 29 30
22 78 57
72 18 74
34 47 87
46 53 39
11 27 16
39 16 50
62 63 30
85 27 59
89 77 72
7 17 72
69 40 30
58 82 32
6 36 86
53 31 54
2 47 59
81 55 76
21 80 75
88 47 80
62 75 16
81 84 24
23 19 78
50 25 59
31 31 52
47 18 59
6 10 84
47 61 24
46 39 21
24 22 44
66 47 59
85 5 26
77 29 59
89 64 83
9 61 79
59 42 88
13 18 34
1 65 54
41 19 67
56 21 64
4 18 36
74 69 2
66 74 89
9 66 38
2 41 92
37 16 56
1 28 20
85 36 17
87 48 2
1 56 71
47 48 50
19 5 54
89 3 27
3 37 25
1 81 77
3 78 3
49 86 10
77 17 72
70 51 26
24 55 55
61 22 64
47 3 82
14 37 70
51 92 85
92 26 17
28 50 2
24 31 29
34 48 49
68 83 71
90 41 19
64 69 38
80 75 88
38 52 15
88 3 31
23 29 32
47 88 27
38 45 3
27 24 76
46 44 80
79 51 86
29 42 84
55 17 11
73 17 67
57 6 86
60 67 49
64 2 68
42 90 67
54 8 13
63 24 2
3 73 3
48 92 23
15 32 19
39 72 92
88 49 10
19 67 36
73 56 88
8 12 65
35 48 54
18 15 34
1 18 11
77 61 19
9 77 23
88 70 57
3 9 82
73 55 89
45 67 53
80 52 24
43 28 86
92 60 89
78 72 6
43 75 72
24 50 50
84 48 66
51 37 38
7 18 34
43 57 77
11 18 58
2 91 32
2 8 62
76 61 87
32 62 72
45 8 81
76 78 17
85 72 87
90 17 53
57 37 36
15 62 38
34 74 71
70 87 58
41 37 14
77 91 68
9 86 1
38 82 13
16 9 68
47 56 92
31 89 19
37 42 60
59 37 39
51 65 79
76 22 58
76 41 2
73 29 86
35 17 24
27 10 21
92 19 31
30 12 2
70 64 47
17 24 8
58 27 55
35 23 84
35 25 84
17 56 8
80 66 73
20 71 63
19 28 42
53 75 63
23 39 80
35 42 89
92 41 66
72 79 21
29 52 60
52 88 12
86 15 63
42 92 57
73 46 36
4 51 28
22 92 26
33 66 77
67 69 83
35 31 56
29 66 22
8 73 81
3 75 60
49 79 91
14 8 90
49 25 15
31 76 38
50 4 85
51 84 76
37 38 29
44 77 89
70 80 40
34 41 57
57 18 23
59 21 60
74 19 24
62 85 7
33 3 2
89 2 34
28 47 79
70 22 76
30 60 89
82 54 13
15 4 7
21 42 50
5 51 58
9 53 20
13 89 92
9 6 84
80 63 69
16 83 54
83 39 4
40 43 11
92 8 67
51 27 86
66 21 71
86 45 35
8 73 4
57 54 91
11 49 49
23 10 82
73 77 63
1 38 56
17 63 89
76 14 8
28 34 24
6 9 75
59 17 23
39 37 4
44 65 53
68 33 51
74 22 86
21 81 50
74 40 56
52 72 37
31 53 4
74 71 10
76 28 81
43 5 87
75 23 86
74 18 67
15 24 61
51 16 29
88 4 28
74 34 69
87 65 44
8 70 10
16 1 65
85 72 22
82 35 75
39 26 85
82 92 6
5 34 10
88 45 34
26 35 80
35 49 71
50 51 32
27 34 67
8 4 52
82 26 74
74 25 92
11 55 10
12 48 3
11 54 22
67 34 28
42 91 28
77 60 53
2 64 12
40 17 12
41 12 58
9 18 17
6 21 33
15 18 52
82 25 80
28 1 31
32 91 39
79 39 2
29 25 1
27 64 28
70 45 86
26 63 42
43 16 58
2 90 73
60 64 48
36 2 89
17 80 87
53 79 91
26 25 56
75 10 9
34 44 54
79 32 45
26 8 8
69 64 89
60 82 46
28 10 23
61 38 58
87 31 67
50 32 60
45 35 84
13 55 6
16 18 10
41 42 8
77 65 47
47 86 39
17 38 29
36 9 60
49 54 1
81 7 90
27 47 9
9 2 89
66 51 30
15 61 43
92 86 71
57 27 68
35 55 67
2 24 74
25 16 26
62 82 52
57 55 32
83 3 11
6 10 89
84 49 54
7 22 76
68 64 49
39 21 3
86 23 35
79 3 56
88 4 61
58 1 48
46 13 20
90 62 33
25 31 31
90 25 48
9 38 36
59 50 56
89 84 72
39 60 70
61 11 90
8 71 84
12 25 71
41 16 75
10 18 5
43 89 12
27 59 87
75 42 7
6 48 54
57 81 82
31 88 53
40 40 68
38 67 77
89 91 88
80 66 32
13 37 63
78 59 33
10 74 75
48 13 62
67 91 19
8 83 50
72 13 86
51 8 46
44 86 46
47 80 26
69 82 49
49 51 14
13 23 57
13 28 17
33 65 61
52 88 58
80 86 91
54 90 84
2 85 36
37 23 26
12 42 92
66 81 41
6 8 27
12 62 33
55 45 19
9 54 18
67 4 15
42 28 72
89 91 44
77 65 2
73 78 39
69 69 60
30 36 60
63 85 79
38 80 82
6 44 50
40 7 65
7 89 15
87 50 30
19 19 64
24 13 34
69 68 76
18 38 68
77 40 90
42 70 40
34 54 3
79 92 69
21 91 28
7 8 44
41 86 38
17 61 5
25 12 2
72 32 79
41 90 9
17 74 23
91 40 71
18 72 30
62 33 71
64 15 58
49 61 10
83 24 25
8 47 84
35 1 92
43 77 52
48 34 25
22 34 73
86 8 69
40 59 91
51 67 90
67 38 27
81 54 74
43 62 50
36 8 54
62 58 90
82 46 61
33 90 63
28 63 28
28 27 89
52 29 20
20 33 17
42 45 15
87 69 49
77 48 86
25 75 58
24 47 71
17 4 14
3 36 5
19 65 91
33 52 15
34 1 53
6 73 88
28 85 4
8 59 58
89 66 85
23 51 33
8 38 35
39 16 45
31 3 58
45 53 9
45 56 35
86 20 87
10 4 15
58 36 71
45 4 60
16 16 43
38 59 22
63 15 9
58 46 90
64 50 33
5 73 74
39 42 86
2 23 2
39 56 74
11 64 35
71 50 43
5 77 53
10 45 92
60 66 5
60 50 26
13 22 86
59 21 26
85 85 31
39 14 40
80 28 10
1 27 26
34 34 33
82 81 44
60 41 21
7 89 79
89 50 11
81 64 32
42 41 20
64 79 13
1 34 10
50 17 36
38 25 20
92 34 82
14 9 40
37 33 55
22 67 40
43 20 10
77 76 13
7 5 71
41 73 58
89 62 31
68 86 79
37 50 65
56 27 56
49 79 13
43 18 55
68 42 44
89 59 65
22 49 73
68 50 55
81 30 19
30 92 68
48 34 21
81 49 83
70 70 73
34 77 4
42 39 41
50 81 9
23 10 82
54 77 63
60 85 88
77 33 72
61 83 33
67 42 37
70 54 52
25 27 1
91 69 64
33 67 24
28 17 26
11 44 48
74 60 34
74 84 22
22 60 42
18 24 68
39 72 14
88 5 63
86 30 74
31 26 25
13 68 32
54 24 42
21 86 81
20 6 7
57 16 2
14 59 17
72 56 23
51 20 20
15 3 25
3 86 62
10 51 79
75 25 25
67 42 76
43 52 15
84 87 15
47 51 31
39 83 51
73 76 89
49 61 72
80 85 37
70 49 3
68 18 49
6 41 26
79 80 75
64 25 59
11 68 49
18 76 75
61 14 59
14 61 21
48 52 76
10 77 61
73 65 37
2 52 53
59 46 24
41 40 65
65 89 84
56 10 26
6 23 77
77 2 34
14 60 19
46 42 33
68 5 24
82 8 61
14 4 6
14 3 13
66 31 8
3 64 5
23 58 6
6 12 87
12 21 51
92 51 1
24 48 42
23 36 43
66 15 17
53 8 41
11 7 59
71 89 9
28 67 92
9 82 37
58 9 35
46 34 2
77 48 43
34 28 87
27 68 39
12 61 52
45 46 67
20 73 73
53 15 26
49 25 31
74 29 49
60 48 45
16 19 17
17 59 55
69 32 51
73 21 17
22 39 5
11 28 27
20 62 4
78 8 6
63 90 23
74 75 8
29 12 64
78 22 35
62 43 85
8 66 69
42 92 72
24 65 9
64 9 62
78 3 43
53 70 38
88 16 59
74 18 72
12 78 47
19 42 64
52 25 21
76 56 23
56 10 59
19 46 75
85 16 87
45 18 88
14 49 45
88 8 40
8 74 19
24 50 9
15 51 45
32 42 76
56 83 84
34 83 9
13 55 65
19 51 47
11 18 41
40 14 47
36 49 27
38 41 47
39 88 66
67 7 67
12 78 16
30 15 17
83 58 4
17 8 36
72 39 26
16 1 5
52 14 4
60 60 75
16 25 50
63 66 55
22 61 19
9 17 88
25 59 63
75 83 83
73 46 60
50 9 23
86 85 64
23 84 25
90 74 20
79 76 84
68 28 70
76 48 40
29 73 22
66 6 49
83 57 14
29 10 13
79 61 72
81 86 15
25 79 87
62 89 65
73 53 55
61 24 33
10 65 24
6 70 23
89 25 87
90 65 64
66 29 54
66 53 14
58 27 13
51 86 60
63 61 59
86 84 82
92 42 42
44 65 70
55 56 60
71 33 83
19 72 24
74 88 16
24 79 39
53 25 12
78 45 91
36 86 43
76 39 43
46 8 51
18 2 85
3 28 24
1 20 37
37 13 61
89 88 64
90 35 73
67 52 18
75 73 85
46 14 53
76 9 69
13 61 17
27 15 6
60 74 44
45 16 1
84 71 7
54 39 54
27 72 80
76 27 41
26 12 90
70 8 60
20 38 50
64 2 1
78 32 11
25 29 64
85 21 67
26 88 59
81 47 45
22 42 79
88 52 12
26 51 8
76 14 85
35 17 82
85 58 15
6 32 17
74 47 64
21 70 89
48 14 5
39 14 56
8 55 61
81 86 12
76 25 62
9 50 79
86 22 53
54 73 39
62 75 69
25 24 20
62 49 44
26 32 6
76 87 84
25 9 92
89 51 76
35 9 52
55 76 30
64 62 83
46 10 64
16 32 78
13 22 92
18 91 19
3 66 22
43 73 20
78 7 58
26 54 12
58 67 43
34 50 39
5 47 80
29 70 61
63 7 31
68 53 14
46 79 38
53 7 42
24 63 3
57 70 50
23 40 18
83 2 8
73 59 47
80 27 1
46 68 58
12 14 73
62 72 75
3 56 78
88 70 61
65 24 69
85 49 76
68 80 26
70 5 86
23 39 44
7 17 83
10 42 84
6 90 77
22 11 55
63 36 39
45 83 52
18 87 72
2 65 16
62 91 47
23 86 33
74 52 44
41 86 22
1 1 63
37 21 41
35 72 5
49 92 6
18 29 3
91 21 20
75 11 9
26 92 39
3 22 10
75 56 43
29 81 65
65 19 48
4 16 49
76 6 55
38 71 16
45 66 92
17 46 34
66 39 34
75 7 1
8 31 42
45 62 64
78 21 47
21 47 14
58 57 37
44 74 2
36 77 17
5 28 33
76 65 57
79 63 43
8 19 7
13 73 72
33 8 90
13 57 73
57 76 32
28 62 87
83 73 3
84 82 4
39 67 24
25 46 58
72 54 4
9 4 51
41 48 81
33 52 4
52 38 58
45 74 44
33 68 6
43 23 49
51 80 52
36 48 67
17 77 21
38 22 49
8 79 67
44 46 46
85 31 76
14 40 55
85 14 14
86 43 7
56 17 42
44 63 50
36 2 52
28 88 55
13 2 63
78 46 14
4 29 29
53 28 30
81 70 92
29 53 66
88 42 35
88 7 9
9 43 11
36 63 83
39 52 2
27 89 10
31 86 43
19 15 63
71 51 7
11 23 17
74 1 39
7 36 8
46 16 90
65 88 85
50 4 36
51 3 73
82 80 59
42 92 4
61 20 82
10 51 45
22 4 11
85 55 18
4 35 40
7 90 77
91 35 75
47 26 92
6 40 80
84 73 17
91 6 8
19 57 27
52 73 15
35 91 91
69 68 42
7 8 33
52 36 37
10 22 70
86 55 59
63 53 58
48 48 78
59 86 39
72 81 75
65 22 36
91 39 16
70 82 74
70 85 39
13 51 16
61 3 63
9 85 88
9 10 36
89 27 78
51 9 25
21 79 87
91 34 78
53 7 13
9 79 56
68 6 46
40 71 83
92 22 82
29 37 83
19 67 36
39 69 90
20 82 73
47 72 61
79 72 49
22 37 61
51 80 47
80 86 63
19 17 42
84 16 83
60 25 33
11 48 24
37 22 64
7 50 41
30 4 81
80 37 37
49 82 48
58 10 24
75 64 58
6 5 21
68 16 53
77 50 27
74 53 10
18 1 4
30 17 91
87 87 47
51 71 43
41 13 71
6 87 82
29 20 50
7 53 44
76 3 88
79 1 45
89 52 58
84 9 6
84 87 4
29 38 26
43 11 61
17 56 65
41 74 76
44 43 7
24 92 34
39 7 42
8 4 85
2 3 33
11 28 10
14 46 17
73 32 1
18 54 42
2 74 71
39 38 62
34 64 71
67 52 18
56 61 47
8 12 47
31 73 56
40 15 4
50 4 53
43 71 22
26 48 51
45 48 83
1 46 78
51 1 10
47 25 74
28 58 10
86 13 64
92 1 4
65 69 77
26 58 81
8 71 65
53 21 39
45 66 32
33 6 87
42 77 54
63 37 77
27 15 21
19 79 53
16 48 8
27 43 73
20 4 18
65 89 78
58 21 14
74 85 57
39 6 82
65 15 80
32 14 60
78 32 27
33 86 63
73 45 91
40 91 76
23 56 28
46 62 7
55 18 69
84 9 53
71 12 58
76 73 44
35 52 26
58 15 24
65 49 26
39 16 80
84 22 34
8 80 69
51 65 66
66 4 53
7 80 86
51 47 35
91 9 19
62 53 86
18 62 38
80 75 76
74 18 59
5 76 40
91 59 91
20 71 69
90 53 65
42 22 20
53 41 25
47 25 7
90 10 80
33 30 53
71 83 31
46 43 34
83 91 6
57 32 11
81 10 83
24 24 52
35 12 41
58 80 63
56 89 51
57 49 74
14 84 46
44 69 73
81 12 30
53 88 12
47 87 73
59 84 84
64 72 52
66 52 31
61 5 33
85 39 73
19 34 41
39 50 90
53 28 89
50 90 30
91 69 64
74 66 84
74 61 83
92 36 42
77 29 22
63 90 82
74 76 10
75 32 84
3 70 64
76 4 27
76 38 3
48 67 43
19 72 40
62 12 30
57 19 1
56 32 15
86 50 10
35 45 59
79 7 1
47 74 92
31 39 2
92 82 65
84 66 87
63 32 43
46 74 79
14 32 33
78 85 43
1 71 80
67 92 61
68 91 9
88 15 14
82 63 64
65 7 53
86 62 60
16 44 68
47 82 91
55 21 58
12 36 1
42 82 51
81 55 21
66 82 76
41 49 58
90 16 69
71 83 61
53 10 83
22 44 19
42 39 75
1 36 81
37 83 79
50 57 23
31 45 7
49 9 56
23 86 78
73 41 62
69 90 25
15 75 56
7 25 91
67 42 79
47 90 60
76 22 49
35 66 84
89 80 54
30 72 18
51 70 15
39 13 18
69 75 23
26 78 10
64 17 36
66 34 18
5 68 49
53 28 64
40 56 22
37 5 38
36 45 64
74 86 52
11 56 23
41 10 64
69 73 24
69 41 51
13 86 47
46 49 66
29 27 21
9 54 46
75 56 9
68 77 34
32 3 3
28 35 61
30 17 33
69 75 56
91 41 9
49 19 72
75 67 82
26 55 11
13 72 25
57 54 72
70 68 37
28 29 78
52 63 76
25 24 9
75 10 21
73 22 7
78 21 50
83 55 2
82 73 63
13 76 86
53 58 77
78 49 54
48 24 60
45 77 70
19 52 23
84 37 27
62 10 20
86 20 77
40 53 85
86 41 1
32 66 76
62 90 66
39 70 42
33 29 70
33 16 51
32 47 80
24 64 82
32 14 30
52 76 32
86 91 71
41 57 75
2 39 15
79 37 66
16 35 28
43 9 77
67 48 34
68 80 40
28 31 25
71 88 1
88 16 49
79 74 17
2 15 50
6 90 7
44 55 61
80 73 2
72 13 52
10 14 16
16 68 32
20 64 2
19 32 36
24 74 24
49 73 13
56 90 74
79 68 33
42 62 12
63 44 63
58 70 28
79 23 5
92 9 91
49 19 18
11 23 50
74 64 14
77 62 7
3 41 39
79 69 90
18 86 27
53 86 64
37 66 4
77 21 22
41 75 23
9 21 17
67 56 27
22 23 25
71 26 28
23 78 26
33 38 79
69 4 73
18 15 81
1 90 87
56 34 46
74 45 59
22 89 12
28 30 34
78 6 17
42 4 46
55 30 11
29 85 7
34 92 77
2 76 16
29 53 10
72 16 5
15 15 92
8 21 35
57 75 68
78 7 13
50 4 20
71 70 71
84 68 61
71 64 32
17 57 45
16 80 69
73 42 77
2 63 40
22 68 78
31 14 56
26 89 41
83 39 80
3 62 37
73 79 17
54 79 77
80 22 26
7 4 9
91 11 86
64 54 73
69 60 48
66 18 9
20 43 36
90 36 64
61 43 20
32 73 50
51 8 23
38 92 92
12 8 84
14 16 38
9 89 69
52 49 17
38 25 4
91 5 80
65 73 82
3 14 53
85 31 53
73 71 53
40 60 76
65 74 62
25 62 89
62 39 12
36 36 68
26 57 44
35 80 5
18 70 18
19 72 24
30 49 68
58 72 83
56 46 61
4 80 49
3 69 59
