10000
38 81 45
13 76 11
37 62 78
60 35 25
16 57 24
56 28 26
35 26 32
77 67 13
80 7 36
48 74 37
43 3 84
70 22 13
11 55 58
24 66 3
52 75 32
50 36 35
80 68 42
78 70 85
41 3 31
56 17 55
74 56 67
32 51 16
28 12 74
76 23 17
85 17 23
5 41 62
31 5 63
44 14 48
58 4 39
5 18 85
37 40 14
83 30 10
22 20 70
65 84 19
35 38 73
27 64 23
15 51 52
23 17 20
7 12 50
30 10 10
45 83 20
22 63 39
36 51 74
37 47 38
84 76 14
70 13 39
51 82 44
33 5 17
48 12 81
41 49 61
2 34 16
6 24 43
8 53 58
23 65 66
31 10 37
72 5 56
18 48 78
15 50 51
44 77 84
72 83 73
65 71 46
40 36 4
84 43 25
60 31 49
30 28 78
55 34 50
60 48 84
9 12 4
39 79 58
11 56 5
65 47 71
11 31 40
31 78 23
50 84 46
58 43 34
60 22 33
8 21 75
77 82 46
10 37 66
28 29 55
40 70 80
66 22 60
29 58 84
11 24 23
72 55 35
52 44 42
58 3 25
60 65 70
6 63 50
71 40 11
44 52 49
25 85 14
39 63 13
85 35 13
84 62 83
14 80 36
44 50 8
61 81 81
35 51 16
20 31 21
28 72 69
29 11 79
78 13 57
44 24 65
75 70 79
77 84 61
16 21 34
7 20 16
28 43 2
62 65 22
68 8 28
2 21 78
70 19 44
8 76 44
18 22 8
19 78 20
38 1 81
43 36 85
52 15 9
53 17 42
27 15 54
41 59 58
6 13 61
17 55 27
55 61 60
62 21 80
59 15 5
22 17 39
85 43 25
63 9 13
8 55 17
21 3 48
78 71 43
59 48 28
21 26 56
1 63 54
63 34 58
73 40 81
16 78 66
67 83 52
68 30 79
1 83 82
51 50 73
14 19 79
53 63 11
30 85 41
47 18 18
49 47 36
83 60 16
18 25 4
3 69 38
62 21 69
58 58 43
71 81 50
71 33 8
13 41 68
42 17 71
2 32 77
81 56 60
25 17 83
24 35 55
41 32 12
75 34 31
18 68 30
44 31 15
56 23 60
55 78 10
32 13 31
50 11 20
79 21 18
53 39 23
65 52 73
37 43 43
61 19 83
42 11 38
75 29 23
46 36 73
63 54 62
26 15 78
54 11 75
19 53 25
13 77 30
69 66 67
19 36 23
32 42 80
77 58 12
42 31 81
51 8 49
60 52 49
5 33 81
34 23 1
60 4 5
14 77 8
82 23 16
19 69 13
13 50 42
28 1 52
66 37 84
71 19 60
39 78 79
68 25 53
73 52 58
21 31 7
41 11 48
14 31 13
85 23 45
43 3 13
33 76 48
18 1 17
31 53 13
59 18 46
37 62 67
22 51 49
77 30 78
19 40 44
26 78 65
68 41 65
63 8 34
23 53 69
42 33 40
72 51 15
71 75 79
17 50 67
16 59 33
58 16 82
47 78 5
28 53 83
18 48 4
17 44 27
26 14 9
61 4 42
51 71 48
70 12 36
17 17 11
11 43 77
85 64 45
7 19 35
83 28 73
9 27 30
58 57 47
46 28 15
53 38 67
52 27 69
63 8 3
62 62 77
22 25 10
10 50 17
75 70 65
85 7 22
49 70 64
79 57 42
24 36 24
16 72 84
19 13 63
30 51 19
77 80 63
41 58 53
69 46 15
10 65 69
29 28 71
60 69 61
67 10 79
38 13 46
9 75 31
7 64 60
40 41 14
32 35 3
65 74 68
3 67 32
23 51 78
28 9 68
84 49 79
70 9 20
82 8 36
57 30 47
73 15 43
77 34 17
42 41 25
14 48 9
2 6 68
73 33 73
74 54 32
85 63 5
22 37 7
15 32 39
17 77 47
18 12 71
23 72 10
38 77 79
12 57 7
49 74 76
33 63 30
27 74 68
47 27 41
85 56 84
61 68 65
70 26 83
65 25 12
29 76 68
10 33 2
20 45 14
49 34 64
81 45 28
56 80 59
61 42 70
68 12 21
60 41 63
15 44 84
12 14 11
10 1 72
38 45 17
59 25 10
62 16 56
11 54 67
76 45 37
83 37 55
35 51 55
34 81 56
60 36 43
38 8 1
46 84 6
8 48 38
8 21 53
72 28 47
20 74 53
49 60 27
59 54 34
56 16 42
29 74 36
47 70 31
3 7 85
30 54 71
5 27 68
50 75 62
29 77 27
7 72 73
81 6 76
13 51 54
14 50 44
56 84 10
15 24 15
7 35 80
46 28 43
60 44 7
36 6 63
72 38 58
30 44 12
61 82 50
85 35 8
14 73 73
40 32 11
12 17 7
32 25 54
19 55 66
23 21 59
69 56 37
50 6 48
16 85 62
19 33 41
78 57 61
49 17 47
57 32 78
22 47 64
52 59 68
9 50 22
19 44 75
36 80 8
74 34 6
69 66 48
33 20 17
70 17 22
74 45 2
33 52 38
26 6 30
82 28 17
56 36 19
23 33 50
40 48 47
66 71 17
45 2 31
79 49 81
63 52 29
71 66 60
67 28 79
30 47 31
54 25 85
60 78 77
38 25 16
74 68 11
13 48 83
69 77 29
8 19 43
49 20 6
34 29 24
22 32 51
77 59 35
12 39 44
25 85 43
2 80 51
82 37 69
15 2 9
52 43 26
12 51 80
73 3 60
71 82 35
31 66 24
36 43 57
16 46 84
55 84 71
44 5 39
71 58 27
17 10 22
2 17 33
12 43 14
13 29 63
38 28 2
51 74 2
70 25 12
40 41 32
34 36 70
60 45 65
17 24 26
39 56 22
2 30 28
42 71 81
9 20 14
8 50 20
15 68 83
3 49 25
44 8 44
1 6 84
45 83 74
62 35 9
7 34 42
17 22 49
69 14 61
4 35 68
45 68 49
8 33 2
12 68 66
2 57 36
65 11 62
60 22 68
76 50 74
13 82 85
83 66 61
78 76 24
15 48 4
70 32 77
15 63 67
7 38 13
84 27 22
82 83 54
40 37 73
63 56 76
61 64 76
44 4 13
61 5 57
11 24 53
72 33 15
2 41 10
11 75 26
14 45 3
44 17 13
62 12 76
49 34 27
60 73 65
29 69 16
58 24 74
36 49 85
75 32 57
46 61 7
56 26 58
48 70 31
80 32 14
57 32 54
17 25 33
7 7 52
83 44 85
28 42 36
51 18 56
2 27 42
58 31 80
53 36 67
10 55 50
42 13 69
60 60 34
59 14 45
23 83 55
5 71 24
57 44 1
28 16 32
13 71 12
25 9 51
67 60 76
44 25 3
54 23 50
29 42 64
30 18 63
77 27 59
22 5 2
71 85 27
62 21 41
38 12 60
47 23 55
40 32 23
57 29 77
84 49 75
18 69 85
53 12 52
54 82 29
44 35 30
14 48 19
19 38 84
59 47 44
38 51 79
8 74 64
54 21 57
17 44 33
29 49 37
56 62 24
19 8 5
2 49 8
1 38 16
77 60 19
6 48 36
70 55 42
38 59 64
54 24 22
79 65 14
57 68 37
10 20 25
3 34 41
38 12 23
52 11 15
25 68 74
81 14 10
62 61 79
71 1 15
38 75 31
75 27 14
22 75 49
28 28 35
62 72 39
8 8 20
8 73 13
65 79 54
58 67 35
19 69 1
37 77 8
3 60 47
79 22 23
11 20 13
45 1 61
49 40 49
79 30 5
79 60 51
54 26 76
64 12 37
14 13 37
78 31 15
6 67 52
83 70 20
17 17 47
24 34 4
67 59 2
82 27 24
56 28 49
32 53 17
43 68 69
68 39 5
59 9 54
50 3 62
9 22 29
82 17 61
9 47 55
85 33 6
67 37 56
71 58 16
22 8 43
55 39 46
51 30 36
67 66 32
48 44 63
33 6 11
23 9 53
33 74 11
84 7 53
43 80 3
15 44 79
10 3 25
47 85 39
79 13 50
63 26 75
35 44 75
32 46 20
2 16 84
67 23 77
78 66 33
31 68 48
10 49 83
76 11 50
79 62 14
26 81 23
26 12 48
1 38 43
71 78 74
37 56 41
40 74 69
65 10 8
13 82 54
83 54 45
82 61 38
11 6 17
80 65 82
77 71 58
23 2 56
10 51 19
66 42 50
74 7 51
24 61 4
29 18 43
12 68 56
85 14 20
17 85 14
41 31 6
65 44 49
66 67 75
1 21 43
17 27 48
36 70 5
67 33 15
4 19 32
12 56 77
18 40 58
26 57 72
25 15 9
7 8 15
67 53 14
20 75 11
81 60 16
80 80 53
24 54 5
41 56 54
23 43 9
67 52 20
6 33 34
62 2 71
27 1 65
57 10 43
28 53 17
13 46 42
44 43 8
81 11 70
47 23 47
71 26 84
67 27 80
32 25 25
42 69 38
74 1 76
46 17 56
53 66 72
45 67 36
63 44 74
45 76 74
25 69 21
76 80 75
10 33 61
47 43 14
84 29 28
64 49 54
30 49 78
38 65 73
17 59 22
77 60 8
65 79 73
44 16 8
82 8 76
29 59 66
76 57 29
69 46 80
47 9 43
77 72 16
64 67 29
35 63 61
42 46 31
58 73 71
34 39 18
4 2 37
41 53 37
17 43 35
26 74 41
66 71 26
11 37 81
69 51 62
29 60 8
73 34 61
45 39 50
70 54 67
66 24 13
32 51 28
33 80 66
56 52 4
73 5 41
28 24 17
2 46 45
47 49 18
81 78 19
57 80 37
62 31 37
77 35 14
37 78 50
5 50 74
67 70 67
50 7 62
21 65 79
5 79 82
61 35 20
40 37 76
68 63 64
79 17 8
26 54 24
17 5 17
64 7 74
8 52 71
78 47 83
1 9 75
53 61 20
78 22 5
55 81 72
77 10 46
28 8 18
57 16 37
22 23 67
75 31 83
58 75 25
34 24 32
39 83 26
26 83 11
6 62 41
14 16 76
1 45 65
24 47 41
67 61 31
16 6 69
80 38 74
71 3 79
58 5 27
3 1 20
64 36 9
43 48 31
40 79 36
23 51 6
81 52 82
37 77 22
77 81 71
62 55 32
5 6 19
29 40 85
36 38 36
79 10 83
36 53 32
77 45 64
21 69 69
15 81 66
5 78 24
41 33 10
53 32 11
14 39 12
78 6 11
81 65 76
35 59 7
21 35 78
3 1 24
41 73 74
84 34 69
31 55 46
59 11 62
23 24 80
2 37 11
28 16 28
24 4 83
40 85 58
29 1 14
44 56 52
61 64 24
25 74 49
30 33 68
10 11 22
47 34 73
48 71 6
38 71 72
60 10 25
60 48 3
13 70 24
66 21 38
52 67 39
40 17 54
36 62 61
68 18 40
71 74 85
5 48 25
14 41 19
6 44 61
43 27 17
84 48 59
37 47 43
16 66 39
48 49 32
11 47 47
4 53 65
75 55 26
40 83 76
18 11 31
2 18 3
81 49 51
83 73 8
9 47 72
36 70 21
60 67 42
24 81 61
71 71 60
64 34 39
66 5 23
51 20 46
28 75 23
14 67 5
52 30 36
72 82 6
37 17 81
33 16 53
69 29 14
65 53 32
44 31 36
62 53 1
39 35 27
64 50 43
19 15 67
76 65 3
76 46 15
72 56 41
51 12 58
52 25 3
31 2 63
65 47 26
21 23 36
46 52 38
19 39 67
67 15 13
29 15 65
83 39 15
58 46 74
70 18 11
78 77 44
75 31 22
65 10 76
5 78 80
78 51 1
34 50 59
74 52 37
14 29 11
52 64 12
25 64 45
82 22 64
61 68 56
26 47 8
82 61 77
61 35 2
1 24 20
21 46 9
40 62 26
18 26 79
7 79 11
65 75 30
18 71 84
26 19 40
77 21 50
26 75 7
49 1 9
8 73 43
20 71 3
71 41 23
80 32 80
29 80 34
64 1 23
13 14 77
63 29 34
21 52 69
44 11 22
85 77 36
30 7 20
62 30 33
31 6 68
53 65 43
79 56 79
14 20 33
25 76 84
6 1 55
72 47 3
15 51 65
44 54 8
62 30 45
82 80 5
44 15 22
59 25 36
66 47 66
76 60 29
3 80 55
24 71 29
56 56 77
10 13 49
37 47 25
75 55 70
57 21 71
45 65 45
20 47 46
62 51 45
62 62 37
28 3 6
77 31 49
54 43 46
68 71 33
19 83 22
4 15 76
29 8 39
10 79 55
72 14 22
45 6 7
69 46 2
62 78 4
5 14 13
30 20 51
75 67 73
80 69 81
59 60 25
29 11 47
50 78 76
53 68 59
26 18 81
19 60 8
9 53 50
81 69 46
6 63 70
80 65 41
51 27 76
47 77 70
37 85 78
58 20 50
38 20 40
15 79 21
18 48 28
46 9 33
78 76 39
26 34 63
44 31 70
70 6 48
34 59 33
19 4 16
41 14 48
58 73 16
65 53 2
23 4 7
43 61 48
17 39 16
8 22 69
63 14 45
38 71 72
69 77 72
74 62 15
29 8 20
69 76 11
60 36 37
64 84 14
61 45 32
69 11 48
4 17 12
15 85 57
26 12 22
73 24 64
60 12 13
28 61 52
4 48 19
56 64 51
43 62 3
3 27 72
14 64 29
26 8 71
22 64 30
10 13 56
61 53 12
49 4 6
12 67 69
80 34 16
4 76 32
44 9 83
66 40 60
26 14 67
12 51 51
79 69 55
1 85 84
13 31 82
67 26 44
21 3 71
54 60 77
72 63 42
29 59 34
58 20 57
47 16 25
27 32 64
9 28 43
80 33 60
59 12 44
8 7 49
65 37 66
32 30 82
5 56 61
7 30 38
31 73 16
2 84 36
58 67 51
17 71 56
17 16 14
78 22 5
18 10 23
28 78 23
76 66 27
33 85 59
82 54 14
74 17 4
45 48 55
5 59 25
58 18 13
44 85 3
21 53 32
4 57 36
1 76 36
20 12 63
47 19 23
84 67 68
37 14 17
5 38 62
2 2 40
28 52 48
56 51 47
85 67 69
50 21 20
47 62 37
21 24 16
78 71 33
63 74 22
34 84 55
24 68 4
12 29 66
52 19 75
66 70 40
31 16 15
52 40 28
73 69 1
53 73 43
32 62 11
29 39 46
84 35 80
10 30 68
26 67 71
45 27 18
83 57 76
85 74 79
21 45 37
81 78 50
76 42 44
33 70 17
40 72 43
38 56 72
21 33 46
14 31 68
43 55 40
70 78 52
46 70 67
13 41 73
29 56 9
56 1 29
61 66 48
77 2 66
31 13 76
41 44 72
15 62 19
47 44 38
49 64 1
56 15 25
11 24 41
17 81 76
48 2 5
32 60 51
43 28 30
6 65 38
57 57 21
27 63 60
16 28 10
14 27 14
52 57 33
62 15 74
3 10 41
66 58 43
59 67 33
37 63 83
1 45 25
74 70 83
83 4 70
53 48 39
45 4 63
58 17 4
11 29 41
33 80 33
81 1 72
41 69 5
84 63 75
19 61 2
28 69 28
67 54 37
19 7 58
73 73 60
66 43 70
7 71 56
58 44 39
83 5 17
34 55 38
54 81 17
13 34 39
44 29 84
4 81 39
49 45 38
69 30 47
83 3 66
22 83 47
28 82 28
67 39 77
47 5 18
27 21 10
52 20 72
66 16 55
33 75 49
63 13 71
84 36 67
20 56 76
50 17 5
83 21 49
6 73 68
59 29 31
53 83 13
16 80 7
83 69 52
16 27 13
20 65 83
58 75 40
30 62 40
31 20 36
60 8 36
48 2 69
64 85 70
82 5 69
55 42 52
49 83 28
84 68 30
11 25 75
43 43 55
22 23 1
62 69 68
58 33 69
60 27 29
35 72 4
35 22 81
8 55 77
18 85 36
80 50 78
19 11 8
13 45 28
17 57 61
32 64 53
82 73 59
37 26 59
9 20 69
49 24 6
58 19 67
20 16 6
17 80 20
23 47 60
71 59 5
1 66 58
26 62 30
27 78 4
78 13 56
74 26 19
60 13 17
79 50 17
59 8 10
50 79 67
11 73 65
13 71 30
81 48 24
75 46 44
47 24 81
59 32 73
58 31 17
84 7 58
21 19 21
34 8 44
3 33 70
74 47 3
72 71 72
41 2 52
67 36 28
13 70 56
22 47 12
44 40 70
23 52 62
44 69 47
51 83 18
19 69 48
62 47 59
46 23 45
10 78 65
48 8 82
17 17 84
75 6 53
35 9 56
30 31 35
6 68 28
43 39 84
45 83 6
16 8 25
83 21 79
45 52 68
32 72 20
53 52 81
68 62 78
43 34 22
57 11 17
24 51 66
50 54 33
41 80 11
26 66 80
66 42 43
84 50 3
12 47 21
79 63 17
26 31 23
71 19 9
35 34 50
28 53 27
1 17 23
72 43 4
10 57 46
85 18 81
12 34 50
21 46 53
76 37 56
49 26 71
22 24 62
50 1 70
1 41 54
10 81 73
69 43 40
85 49 66
55 79 49
69 56 72
13 8 47
49 30 62
30 60 71
68 5 28
26 27 53
60 27 2
8 41 53
2 53 7
30 83 30
58 36 35
75 51 83
20 63 77
44 52 78
12 66 15
83 37 79
36 12 79
1 82 55
44 14 36
21 29 26
17 51 33
42 78 25
55 18 24
70 40 70
82 8 10
14 22 15
12 6 14
9 34 80
70 59 13
27 21 4
9 4 34
33 84 25
22 12 47
42 42 30
66 60 54
84 79 48
11 39 20
8 68 18
33 29 82
58 39 85
8 21 52
63 11 80
64 68 56
70 45 64
4 5 12
51 80 70
82 51 59
40 85 30
77 15 66
74 25 6
9 22 32
23 8 33
9 31 27
73 23 2
63 11 68
73 21 17
58 56 6
81 78 66
54 41 31
64 63 61
50 27 50
77 33 12
74 48 50
16 59 27
58 25 21
24 10 72
24 35 50
20 76 53
2 9 85
78 66 81
3 47 60
64 27 73
30 80 24
84 62 77
25 78 16
64 28 79
73 49 16
59 36 53
27 53 1
22 30 49
41 24 39
56 25 31
22 36 84
6 59 40
55 3 12
7 41 36
23 44 4
20 40 47
46 4 70
29 57 12
24 59 81
71 80 38
75 69 7
71 62 41
16 39 51
70 10 7
34 43 81
71 27 31
67 66 50
76 28 1
38 72 13
65 41 37
9 73 60
8 38 60
75 62 20
1 36 10
27 72 67
20 2 57
37 82 49
16 47 84
73 75 24
7 53 20
79 53 27
63 36 44
74 74 34
37 27 84
85 21 37
83 13 71
29 16 56
2 51 21
57 60 25
49 6 11
61 35 60
61 58 21
17 34 83
35 66 15
41 39 80
84 36 53
70 61 17
9 40 38
83 49 33
30 45 67
57 67 19
48 37 38
73 10 43
10 35 53
15 41 68
34 24 26
54 82 55
25 10 52
26 13 83
1 56 31
22 52 46
48 66 30
56 47 9
80 70 76
65 8 29
13 16 44
37 57 27
18 29 70
17 1 16
1 33 19
12 26 69
42 17 7
40 69 7
62 54 76
23 19 74
52 50 53
33 82 22
15 78 42
33 42 40
71 71 85
84 33 56
84 59 13
50 83 61
68 81 48
77 2 66
8 73 54
16 73 46
36 74 22
4 31 5
40 38 38
23 30 31
42 36 10
30 4 10
30 13 12
57 58 2
63 80 61
57 27 64
74 20 7
14 74 71
73 18 60
29 80 1
27 27 65
51 78 15
83 81 44
4 53 18
10 66 18
21 34 3
7 38 14
16 34 63
27 65 47
9 82 15
60 80 30
1 58 8
34 11 67
11 15 16
52 68 34
54 27 47
48 58 26
7 53 36
45 7 63
9 63 19
28 8 83
27 20 24
49 30 56
31 69 80
76 79 47
51 70 40
22 63 72
77 27 21
30 85 3
36 7 85
19 10 47
82 21 48
23 55 61
54 16 12
67 6 17
49 21 82
12 72 59
52 10 34
48 15 17
42 35 79
2 65 25
43 9 1
60 60 2
31 5 50
48 63 6
18 56 80
13 32 9
1 46 32
82 3 85
15 28 1
5 79 43
28 68 28
50 1 19
75 51 15
8 15 31
51 73 9
78 32 30
33 62 41
22 75 65
72 58 17
37 69 1
47 64 30
80 75 75
10 60 50
8 67 58
65 45 59
48 58 19
16 20 69
39 80 75
35 4 41
79 43 11
5 49 30
60 47 83
49 33 80
29 20 71
17 28 40
70 45 52
76 9 40
70 84 12
71 7 7
53 62 10
1 61 21
23 41 76
5 73 61
15 20 53
31 29 27
27 79 65
66 13 29
36 46 77
3 3 70
22 30 4
71 46 80
19 56 3
53 63 39
26 67 55
63 12 35
14 9 7
5 79 64
58 62 42
39 34 85
13 22 34
38 2 3
19 33 82
7 81 7
63 16 33
48 49 5
37 18 54
81 20 48
58 1 79
36 76 41
11 51 74
23 64 3
7 73 59
10 22 50
6 21 63
37 4 20
32 7 3
79 73 62
76 2 82
64 42 78
7 53 45
15 12 84
12 5 31
60 38 32
64 53 11
15 15 13
64 78 19
37 16 73
72 36 51
50 31 3
27 57 25
31 52 40
58 22 73
42 74 59
28 60 32
78 67 1
12 35 31
85 50 84
11 65 42
70 40 7
13 69 61
34 75 14
45 60 9
11 39 64
84 76 29
17 41 24
32 84 23
72 26 27
47 22 26
73 2 26
7 28 5
77 69 85
73 39 69
27 52 13
77 6 4
9 51 1
29 41 39
76 34 76
85 46 38
75 43 1
70 50 23
31 27 1
78 24 30
30 39 15
22 51 5
62 14 62
24 27 47
20 6 64
82 48 25
22 42 41
21 11 36
35 11 5
5 18 27
49 18 68
75 12 25
26 16 36
2 24 23
37 71 79
82 22 66
15 13 11
21 48 28
75 66 17
19 65 21
82 71 52
41 18 49
37 80 13
20 42 31
79 80 3
70 57 50
6 44 38
9 82 3
47 26 55
19 78 23
7 66 75
58 2 48
72 33 54
53 76 39
79 77 48
3 68 31
70 59 16
83 34 82
80 77 74
85 62 15
16 73 37
49 46 35
47 12 35
38 70 51
21 67 29
44 66 44
31 4 83
67 58 75
82 38 38
65 80 55
28 38 5
46 68 38
8 8 76
13 57 2
40 10 56
64 77 28
83 26 74
52 57 43
12 61 4
15 45 16
52 47 83
51 3 45
40 53 55
25 51 50
84 36 62
34 2 43
68 48 47
14 77 79
48 14 43
21 40 27
13 50 56
58 11 40
77 40 42
77 50 53
82 9 59
57 85 41
50 31 3
37 11 58
74 44 66
22 59 14
24 4 54
46 21 21
4 55 80
67 62 47
67 30 51
11 50 16
45 44 34
43 76 60
72 61 1
66 41 12
17 70 3
2 15 28
56 82 60
58 37 25
71 7 65
25 79 50
4 71 16
43 17 31
71 66 70
40 4 40
34 57 33
47 67 16
59 23 81
57 40 26
19 24 44
40 37 63
4 71 50
49 74 68
20 38 11
26 10 22
2 55 76
5 66 45
64 62 3
9 56 27
73 13 70
6 46 84
73 24 21
78 76 84
22 71 12
9 72 7
4 16 80
21 50 74
53 8 3
68 49 48
82 62 60
75 44 1
51 29 41
61 35 45
62 25 64
38 15 65
58 8 60
57 51 33
9 52 82
28 79 46
64 44 55
22 76 69
79 76 37
72 10 67
70 74 43
27 2 81
18 26 44
20 45 71
64 20 49
69 58 46
13 58 46
16 6 66
85 11 5
45 11 74
49 54 13
85 48 84
62 84 11
74 14 62
85 16 13
74 1 24
72 37 1
37 48 72
24 45 5
20 79 55
60 6 73
42 12 83
33 2 3
26 76 77
78 77 41
59 16 47
73 63 9
83 2 58
12 67 81
24 50 4
70 85 80
52 74 49
43 35 46
62 7 42
40 45 75
65 83 79
23 35 71
32 25 17
75 34 32
71 29 32
32 54 58
46 58 71
41 36 39
11 63 43
14 37 10
83 42 18
59 11 63
71 29 23
24 11 60
74 78 45
47 20 13
83 27 68
50 85 72
32 50 36
59 26 83
82 29 4
49 53 45
82 34 5
38 76 25
54 35 9
67 44 51
41 13 62
74 71 50
39 8 39
15 6 7
8 3 30
36 44 56
50 11 11
68 29 53
47 34 19
68 38 37
39 1 45
39 66 8
33 8 85
58 46 15
47 37 2
57 82 70
51 11 22
60 20 73
50 8 26
31 34 73
43 36 16
78 4 40
15 69 38
50 12 61
24 40 73
19 23 36
29 58 64
47 65 61
7 22 21
2 73 42
69 2 67
68 15 4
45 79 42
10 6 66
3 58 32
28 5 29
25 34 24
64 4 47
85 61 85
4 77 26
39 37 56
12 30 76
56 44 1
6 20 7
69 79 78
15 62 43
59 67 26
7 13 11
43 13 4
46 54 20
66 72 50
74 84 83
37 57 49
51 50 53
19 69 58
28 84 72
44 65 29
80 68 22
51 53 38
33 2 77
79 28 20
36 30 77
58 38 46
82 19 46
58 28 8
68 17 50
4 21 57
3 72 52
67 25 7
77 52 33
26 28 32
67 75 2
85 1 64
12 55 46
42 15 57
4 46 41
37 85 4
76 33 63
78 84 77
2 61 69
74 49 18
76 21 78
30 40 58
75 74 71
56 38 10
76 77 80
81 10 51
74 77 74
7 46 47
29 49 42
45 61 75
24 46 71
84 64 27
66 17 2
69 6 33
34 24 83
68 28 64
77 7 69
39 43 72
76 50 36
5 74 27
23 73 11
67 54 85
19 81 40
23 54 23
61 53 11
15 21 27
71 54 52
38 53 49
10 41 15
34 57 20
45 26 18
20 71 40
38 24 17
13 37 9
1 28 49
5 84 55
1 9 30
4 29 83
69 80 68
25 32 13
84 14 66
15 40 50
52 78 30
43 82 34
16 20 79
74 79 78
1 46 68
3 73 70
4 15 65
29 17 23
8 16 52
29 1 65
3 10 26
61 21 50
16 64 29
25 23 36
11 36 37
49 74 68
73 74 40
73 38 37
1 74 46
81 80 25
56 43 67
63 37 78
73 49 51
62 84 9
45 27 67
70 47 4
36 16 38
53 66 48
51 63 20
13 65 4
13 46 70
72 52 29
5 23 21
58 35 62
50 31 25
28 84 81
76 15 83
40 26 17
78 39 32
52 40 68
64 52 49
23 32 75
3 21 13
48 47 47
4 12 83
14 46 69
33 82 56
10 83 48
44 46 57
40 1 31
23 5 39
34 65 39
26 20 74
72 23 14
60 51 61
43 10 26
83 11 56
54 47 9
13 47 10
30 59 1
57 11 26
16 55 4
44 8 18
49 75 81
60 17 6
27 28 72
67 62 7
17 34 66
82 7 3
53 68 71
21 52 37
28 85 30
16 55 30
77 4 31
10 75 79
32 35 85
2 79 72
35 18 5
36 62 14
83 53 70
29 71 39
26 43 27
83 18 70
80 58 18
21 52 53
12 55 8
13 20 65
65 62 64
58 37 29
82 3 26
43 15 30
45 37 6
4 37 76
17 12 31
53 72 9
57 71 51
78 63 43
85 41 43
42 84 42
82 40 26
59 39 41
43 4 76
78 43 51
37 64 74
77 33 70
73 21 1
62 53 59
12 49 61
55 20 17
85 7 12
54 62 21
1 82 9
2 53 57
65 30 83
78 27 85
35 40 54
65 79 73
22 27 3
43 50 81
73 8 47
46 10 33
56 33 70
62 8 33
23 3 57
67 76 69
79 82 65
13 25 8
78 41 36
72 71 16
27 15 10
30 41 40
21 70 27
68 70 63
79 19 47
20 67 61
7 84 11
13 79 76
50 5 2
35 18 62
74 18 41
10 52 24
22 77 26
39 27 8
45 85 40
41 37 11
77 54 17
17 65 77
61 62 57
78 80 21
74 65 20
43 1 15
68 68 48
72 58 69
75 9 12
12 84 25
80 67 32
49 8 53
77 54 22
47 59 73
13 57 81
40 20 32
33 33 79
82 64 34
17 19 35
64 30 46
32 34 36
85 27 60
84 19 50
31 73 35
72 83 23
1 61 62
2 42 31
65 58 51
70 52 79
82 31 45
43 42 64
54 29 76
79 19 57
70 55 75
22 82 57
58 83 40
74 16 42
45 39 67
45 51 84
41 81 56
1 8 2
54 16 73
61 73 17
76 84 4
50 82 53
51 13 1
74 23 26
56 26 47
13 46 25
47 21 60
40 75 6
35 44 66
19 49 50
24 42 13
49 80 82
60 84 76
7 2 26
67 60 66
82 78 67
25 38 70
43 39 3
80 72 76
16 55 34
68 30 38
69 8 49
2 80 51
62 85 46
28 14 49
54 41 15
52 36 32
39 26 75
4 65 58
62 11 30
68 19 66
77 17 19
9 42 6
74 39 45
14 78 30
79 84 8
29 29 8
63 35 16
64 42 53
33 41 37
22 74 39
76 70 80
52 85 81
31 20 34
19 37 39
7 35 83
18 76 3
74 2 74
5 5 82
9 84 74
19 45 40
68 49 80
60 56 53
34 16 31
84 26 29
84 18 78
60 33 66
38 42 15
39 13 76
72 28 69
37 67 44
11 11 21
46 82 23
30 11 17
17 62 10
32 1 70
72 1 45
79 46 2
51 1 36
40 21 52
63 58 80
82 47 3
62 37 25
63 34 77
29 82 49
29 25 63
60 58 3
16 65 10
10 51 43
18 31 68
65 18 9
3 24 70
75 2 76
17 67 13
75 40 68
58 12 45
64 47 85
48 15 3
12 36 82
37 64 24
64 14 47
19 11 32
72 48 53
46 48 56
49 83 27
74 58 43
81 21 41
6 3 1
39 36 6
64 78 35
30 79 27
49 81 3
34 70 33
34 74 53
77 10 41
17 53 60
54 49 65
65 79 50
71 43 9
55 62 75
83 41 65
70 27 4
52 53 44
20 30 33
25 63 81
57 41 46
44 5 72
39 3 60
17 15 8
83 5 57
31 22 56
54 24 31
6 17 22
9 30 73
75 84 10
61 71 65
44 51 68
59 79 58
5 50 11
6 76 79
20 9 24
75 46 32
39 35 66
51 52 46
82 41 25
61 7 40
71 78 38
5 60 76
6 77 56
27 35 37
26 5 64
2 48 27
60 35 59
46 25 14
78 60 46
59 74 63
66 72 41
8 73 60
30 41 28
34 69 20
9 22 27
73 70 84
41 71 73
61 12 24
13 4 9
26 69 52
3 26 71
74 73 51
15 23 65
6 10 56
72 9 72
4 39 23
48 27 13
52 85 53
84 48 15
23 57 78
83 8 84
18 19 25
62 42 39
46 31 57
32 47 66
13 52 4
52 24 76
49 39 71
6 37 3
60 61 21
7 26 36
25 12 41
72 13 68
77 64 8
29 67 17
48 33 3
17 80 12
20 51 23
38 17 77
70 51 35
71 15 54
31 47 13
48 78 46
74 22 75
82 63 7
6 56 60
61 39 25
14 55 75
28 68 53
3 38 31
11 48 17
72 55 24
60 28 64
35 63 50
82 49 76
63 11 53
8 33 81
29 4 19
9 3 43
30 10 9
52 67 32
31 32 67
42 12 63
28 22 75
50 60 10
18 48 57
13 40 28
40 78 8
38 57 37
52 48 58
82 52 65
64 10 38
61 75 35
21 84 76
67 11 52
13 57 61
35 38 78
9 76 21
34 79 12
52 38 84
56 44 27
55 71 25
71 80 66
59 25 54
35 80 54
11 20 5
51 45 79
31 48 32
3 1 42
36 13 24
42 85 76
83 73 59
1 71 73
72 35 53
19 44 41
28 44 65
56 34 85
52 54 16
82 73 23
13 9 27
12 5 84
82 43 36
68 85 30
82 57 29
34 30 24
3 58 51
79 50 34
16 32 5
45 18 24
44 30 77
81 63 33
20 84 41
16 17 85
82 52 40
54 83 54
6 35 53
44 57 45
53 67 11
49 77 32
14 52 44
78 64 71
2 60 37
27 18 34
28 54 48
37 21 65
41 4 51
66 47 35
60 60 73
1 59 9
78 10 68
11 41 2
82 71 11
13 55 67
75 84 42
39 59 57
59 39 33
81 56 24
70 32 8
40 38 46
77 49 84
85 69 29
34 67 76
84 18 26
8 81 19
76 41 7
57 82 42
17 6 55
12 33 6
83 7 66
22 57 36
15 17 59
78 48 4
35 36 43
53 5 47
17 8 71
51 3 68
54 83 31
44 4 70
9 64 32
14 48 49
29 81 50
15 68 11
57 16 12
58 71 64
64 14 1
67 80 32
39 7 76
29 73 69
12 2 58
72 71 16
44 14 31
36 76 25
31 42 17
72 15 36
50 49 4
60 14 5
66 82 38
62 18 1
43 17 16
3 55 76
73 13 47
67 16 77
27 83 33
61 3 45
6 5 61
71 25 37
49 77 83
51 9 44
59 50 6
28 16 6
71 62 73
64 27 50
22 8 53
54 6 27
16 2 56
30 17 22
74 31 61
41 28 55
54 54 61
33 54 40
80 23 26
24 39 13
50 74 75
46 80 71
60 59 60
59 52 25
81 30 48
8 14 52
25 82 76
55 45 1
69 85 55
1 49 51
69 63 52
67 16 21
73 61 75
83 64 75
20 8 25
66 47 27
78 9 55
23 38 84
63 38 30
33 34 39
9 48 40
40 46 32
20 71 58
59 82 54
45 8 28
73 69 2
1 27 55
40 17 1
14 45 6
22 73 61
14 83 21
3 49 73
21 59 59
55 64 35
77 17 42
18 14 69
35 44 9
73 14 49
68 13 58
30 1 49
84 13 7
23 75 24
43 24 13
68 61 68
11 26 3
14 70 55
31 51 43
2 14 4
14 39 10
55 28 30
41 79 8
85 19 56
39 43 11
9 3 67
68 47 74
44 74 40
1 15 29
72 64 17
63 37 57
18 48 77
60 37 7
3 72 84
67 71 52
42 70 83
65 1 30
68 66 61
35 40 29
22 46 11
84 5 42
53 76 35
34 15 71
54 2 30
18 24 8
56 28 43
8 44 36
32 35 64
3 47 36
26 11 36
59 57 28
29 20 36
52 59 6
12 68 76
81 5 6
76 39 37
14 8 6
3 18 69
34 16 70
52 17 58
6 1 33
74 2 78
59 46 57
49 70 55
76 56 16
72 18 54
58 49 79
41 51 21
18 80 32
75 64 79
27 1 41
8 18 52
46 20 60
23 71 79
50 55 65
56 24 26
1 46 59
10 55 13
77 68 28
37 16 5
14 59 70
6 46 43
65 2 7
38 32 24
69 41 55
67 6 38
18 35 2
61 25 13
70 12 36
12 48 4
44 46 57
82 36 81
75 33 77
68 34 82
80 10 67
7 28 51
6 74 78
38 35 84
13 79 21
72 37 25
15 17 21
36 15 13
71 8 17
19 5 58
62 65 34
44 41 2
56 27 25
16 65 53
45 68 56
35 7 65
56 34 42
48 75 3
36 85 14
51 34 68
50 61 34
74 38 41
4 43 65
1 22 21
75 56 45
29 70 17
23 75 35
61 24 53
13 3 81
42 28 8
34 16 38
9 28 21
70 83 16
26 48 47
6 19 70
77 15 5
20 39 62
2 6 65
81 39 43
82 48 67
54 4 44
31 28 57
15 47 77
76 63 48
33 48 53
63 3 38
2 57 16
17 43 5
63 23 56
73 59 7
47 16 10
22 59 41
15 74 30
26 23 33
6 85 35
13 53 27
7 38 57
5 76 23
18 23 42
43 39 36
29 14 15
24 40 9
80 18 38
3 42 42
25 5 84
19 20 5
65 20 18
72 48 57
29 49 47
38 15 85
45 47 37
44 71 80
48 26 64
83 52 41
16 69 69
71 2 32
65 77 81
66 54 25
83 31 82
82 25 66
32 69 34
31 59 54
83 15 11
43 5 60
52 28 15
18 74 46
24 6 60
9 63 11
27 69 85
7 34 44
77 25 7
82 84 36
70 10 23
49 41 18
55 6 42
3 48 17
64 30 69
43 82 37
1 82 81
12 79 21
61 67 77
20 51 43
6 81 16
64 61 25
20 71 56
38 37 58
33 52 58
19 49 38
24 64 62
21 34 11
65 9 79
45 75 26
83 46 46
78 31 45
45 45 54
35 38 75
19 47 17
56 51 41
79 52 66
64 54 59
41 5 43
48 7 41
73 25 29
44 60 30
79 26 8
30 56 5
81 26 76
54 67 69
69 70 15
4 19 13
54 45 49
41 78 74
8 58 69
63 34 21
5 18 3
51 7 80
30 32 29
27 66 7
49 23 57
52 85 65
34 63 40
42 38 34
84 79 11
77 39 12
1 10 50
14 44 25
14 10 42
2 35 40
47 44 73
54 81 9
84 48 62
83 21 51
25 47 26
79 1 48
26 35 84
84 19 69
72 85 73
13 15 33
15 30 53
62 82 48
54 81 81
53 50 26
76 64 74
72 41 26
68 72 3
40 49 57
33 84 44
13 69 53
41 69 15
55 2 17
46 55 50
23 76 3
83 74 59
27 61 4
9 47 32
50 29 54
31 43 9
84 63 35
20 15 7
74 61 10
53 43 72
19 4 15
42 66 69
30 52 56
52 48 11
60 64 32
28 63 15
7 11 11
57 48 70
55 72 71
9 28 59
79 56 79
54 67 48
80 14 47
84 62 17
62 13 7
85 1 57
36 19 70
68 30 20
17 35 71
83 45 83
16 60 75
14 42 8
14 75 47
34 5 67
32 71 61
63 76 72
67 7 37
73 85 41
31 35 28
47 81 2
72 58 62
1 77 26
78 52 38
84 31 44
51 27 65
33 49 28
65 25 35
53 76 61
35 82 39
39 54 41
77 71 82
74 43 18
31 2 69
17 31 19
66 25 66
53 49 15
81 52 79
51 34 68
14 13 66
11 76 63
61 18 38
61 32 43
78 62 7
55 64 6
43 28 14
55 34 55
50 26 59
36 7 14
11 18 85
33 69 18
30 28 17
7 66 28
37 83 20
60 11 42
59 13 84
11 10 46
47 66 51
83 53 38
53 20 19
36 35 77
58 22 62
31 63 69
82 57 46
32 63 79
23 22 85
57 40 45
50 15 1
27 3 53
60 27 49
30 78 3
40 47 19
69 38 22
65 14 50
42 70 1
3 10 75
72 6 24
11 30 80
50 78 36
20 3 42
12 43 79
5 5 39
61 5 77
14 2 77
46 10 72
21 1 67
45 82 29
72 53 75
51 15 15
83 20 32
64 47 10
43 1 12
3 31 17
65 67 82
24 20 43
76 24 46
85 42 73
45 50 31
32 31 73
71 63 62
6 37 62
46 38 56
1 6 43
84 43 28
41 76 53
22 11 63
36 43 54
4 77 74
73 32 63
83 64 32
42 41 22
38 9 23
46 12 67
16 42 27
79 8 22
60 18 28
67 25 59
57 79 33
53 53 27
4 35 13
10 31 55
23 38 39
36 34 47
72 23 31
30 47 12
37 48 67
12 44 24
85 58 38
52 39 77
23 27 59
8 82 72
83 24 55
66 34 8
68 22 27
9 10 12
26 48 17
72 12 64
25 34 12
25 60 23
56 34 56
55 79 5
24 69 32
40 27 10
12 21 9
54 11 52
4 16 72
42 3 73
42 82 31
77 59 22
21 14 52
64 11 85
33 10 45
29 6 27
18 20 80
62 23 24
11 13 40
60 79 33
42 49 73
25 50 29
48 80 16
28 82 82
53 14 10
27 52 25
77 57 83
11 40 76
48 51 9
60 27 55
35 82 51
43 23 78
50 49 52
73 37 57
14 60 82
67 6 39
41 71 80
54 32 6
35 2 60
64 49 50
15 42 60
21 47 64
50 59 28
3 50 9
25 14 27
30 54 44
13 21 12
47 74 7
34 57 69
33 61 30
52 64 77
83 5 40
73 72 9
48 15 53
73 52 59
39 43 23
78 84 44
39 78 6
64 83 37
28 50 39
10 64 80
47 3 42
58 52 53
69 61 78
22 73 79
67 25 78
75 46 46
18 83 82
20 64 28
38 29 73
45 83 31
12 68 20
30 8 34
32 28 74
63 26 43
74 75 72
67 85 62
38 37 9
66 73 6
3 70 58
65 76 66
50 29 17
40 63 18
29 40 66
17 29 49
71 3 40
49 80 48
22 45 69
82 54 16
11 39 39
85 14 19
66 63 32
57 2 49
58 78 18
5 12 81
84 62 6
63 65 66
68 73 67
68 69 70
31 76 9
7 14 43
2 17 23
75 38 47
63 31 73
80 21 85
23 68 5
85 22 54
18 82 37
40 79 16
20 76 59
8 38 44
10 18 16
35 41 22
24 53 47
29 42 7
20 85 81
6 20 11
46 47 33
19 28 27
13 25 56
4 31 22
3 7 83
57 21 30
32 13 71
70 43 16
14 22 40
24 85 46
82 45 7
45 12 67
32 40 10
71 18 79
7 80 29
52 64 41
43 49 44
77 43 43
38 82 73
68 39 34
40 3 4
45 71 28
20 84 74
8 9 8
30 47 53
8 9 8
5 83 31
3 78 16
76 42 84
27 77 82
73 81 68
17 59 21
52 83 85
66 9 36
41 1 55
78 72 21
22 15 32
81 44 55
15 46 28
22 18 1
53 65 16
2 63 52
9 27 73
33 52 59
27 44 49
29 74 53
62 71 27
40 39 7
32 33 61
81 38 56
41 1 56
75 4 65
47 61 52
6 40 69
14 14 28
10 45 57
69 70 83
59 60 84
46 5 19
9 68 59
56 23 5
3 65 50
45 30 37
72 24 63
44 2 50
60 83 9
62 1 55
62 75 47
40 49 21
9 5 58
78 25 80
47 70 81
44 51 84
15 66 13
43 66 57
80 44 54
71 51 20
11 60 61
32 47 73
62 41 41
43 38 25
45 30 78
82 27 53
5 19 35
32 49 29
16 65 78
25 76 8
40 85 42
70 57 6
20 52 66
39 58 29
74 39 42
21 29 11
2 79 12
77 12 42
15 37 65
58 45 29
39 83 23
64 6 54
77 11 21
65 34 70
82 31 57
13 85 63
12 80 32
75 27 35
29 70 34
46 34 60
31 79 10
82 53 76
68 47 60
4 78 52
25 77 44
39 16 25
56 45 54
7 9 8
76 44 80
6 58 41
61 64 54
57 13 17
52 61 55
38 67 18
71 39 65
2 83 30
32 82 70
22 85 6
21 38 40
20 7 34
38 47 53
23 21 56
17 27 39
30 54 31
20 33 55
1 44 3
62 60 63
70 26 69
7 82 64
17 35 56
25 37 55
22 24 36
58 79 47
2 18 7
10 63 12
61 82 1
27 85 84
34 78 21
75 51 76
2 18 33
11 73 30
14 50 1
44 23 26
53 75 46
48 32 38
14 44 53
77 9 7
15 78 11
82 1 8
83 4 49
58 5 69
48 48 77
40 51 24
54 81 1
80 71 75
73 36 2
76 60 57
14 82 12
70 54 46
36 29 67
18 84 25
58 2 76
58 22 82
7 55 73
21 38 69
82 42 56
84 77 57
61 65 17
50 2 15
76 32 46
32 60 32
70 28 11
66 28 74
44 2 63
81 79 81
78 47 51
82 14 6
48 7 9
55 25 25
13 51 36
42 76 78
25 20 46
57 39 10
69 60 54
52 72 9
50 84 77
71 15 72
54 32 74
84 18 83
1 58 19
54 47 34
29 51 77
46 39 36
78 56 38
23 75 24
72 73 60
28 83 21
79 72 48
58 25 23
54 58 9
28 44 5
52 12 39
24 25 61
83 70 24
71 17 69
4 71 58
62 48 41
46 44 46
2 18 8
81 13 32
68 10 60
45 34 32
70 25 42
40 48 60
42 51 16
50 60 19
62 78 28
17 57 82
41 82 46
52 82 55
50 30 79
81 36 35
29 58 44
54 33 9
76 80 63
38 61 57
12 12 12
5 14 69
27 35 79
61 10 9
35 11 12
61 26 13
77 54 73
55 59 52
44 78 33
46 8 52
35 10 60
62 38 46
41 48 57
2 77 71
23 10 13
11 33 10
18 59 73
81 48 79
42 53 38
57 23 6
80 79 34
72 35 18
30 62 7
51 74 51
14 46 31
16 44 58
44 64 82
63 45 20
63 82 81
77 20 34
43 18 76
29 29 14
30 60 59
75 16 13
43 51 24
49 65 8
29 6 67
71 85 66
28 58 84
5 31 33
61 35 58
84 48 44
80 66 85
73 12 72
18 8 59
55 81 13
39 24 44
19 11 66
77 58 42
25 35 54
69 1 27
17 62 21
6 67 72
69 23 21
18 46 74
74 35 79
16 10 57
85 84 10
55 40 62
19 84 15
18 70 2
5 45 22
48 53 77
16 76 20
49 39 38
29 18 40
56 8 21
13 47 51
62 4 36
38 39 78
7 63 12
73 62 24
71 32 73
77 4 6
52 85 48
41 70 79
5 15 10
6 52 47
37 72 19
10 19 46
57 72 15
79 20 38
73 58 26
46 26 44
41 25 34
25 67 73
31 65 10
6 60 55
37 57 77
66 67 31
67 33 43
62 3 43
48 25 77
33 60 53
7 59 58
62 19 32
82 21 4
4 3 59
30 24 60
1 85 67
50 14 52
50 11 85
17 4 66
67 55 52
55 56 7
60 78 14
11 31 14
76 3 73
23 19 34
37 51 55
71 64 15
23 64 74
47 72 19
68 62 26
52 45 4
45 62 21
67 53 58
17 45 33
61 69 17
45 19 49
10 31 77
4 14 25
15 82 48
82 36 77
14 35 51
15 42 50
70 25 83
58 12 67
31 31 29
56 43 20
17 71 35
54 2 28
46 42 57
28 72 20
53 10 38
79 9 78
27 77 21
62 34 26
41 48 46
22 6 58
78 32 33
51 39 8
27 54 65
84 7 40
49 44 75
57 43 52
63 83 82
67 81 34
6 22 39
81 40 59
30 45 64
36 20 64
23 37 44
58 9 45
47 11 54
41 12 55
11 14 48
67 4 43
6 16 8
47 3 29
22 76 61
65 27 11
54 40 76
67 30 52
38 76 8
47 35 71
39 13 55
59 7 49
79 40 20
57 36 79
78 49 8
27 70 75
12 45 12
36 38 24
24 29 12
51 35 57
79 83 75
27 38 79
46 59 72
18 23 10
5 34 25
53 6 75
16 38 40
62 35 67
45 51 46
17 28 16
42 43 2
66 73 78
76 35 73
80 32 45
49 49 66
42 3 21
42 23 4
17 53 41
8 4 49
30 60 73
5 62 37
15 6 34
3 6 20
72 44 29
43 36 8
54 56 50
13 67 9
54 10 54
4 44 63
81 17 77
61 80 22
36 20 7
51 81 62
13 12 55
4 57 54
24 82 19
32 30 85
29 28 29
43 72 9
43 5 58
76 59 30
31 34 66
56 57 57
1 50 37
35 54 65
83 83 35
3 39 23
34 37 12
71 76 53
55 40 71
31 30 17
5 15 78
54 32 28
15 26 73
67 40 25
45 22 66
3 63 80
66 73 27
78 25 39
66 64 54
18 28 38
27 77 68
27 60 64
32 12 21
56 79 4
31 22 11
84 68 29
29 63 63
11 13 50
32 54 18
68 27 38
77 12 30
71 14 47
5 35 79
50 58 36
21 84 44
1 61 66
24 44 37
61 29 62
41 29 56
47 64 59
73 1 2
50 8 29
66 31 37
50 26 33
26 78 78
56 83 77
40 62 7
27 84 79
4 20 51
21 15 46
41 48 61
72 63 68
51 50 47
76 25 23
33 75 1
61 2 19
29 46 73
23 18 45
17 11 83
48 27 53
62 33 75
16 57 13
8 78 28
36 21 10
82 61 54
43 12 6
72 48 85
81 6 33
66 82 44
34 33 63
39 20 25
35 83 7
14 32 66
63 12 28
52 37 20
26 7 66
27 13 78
38 85 35
74 65 64
76 9 73
67 15 62
75 49 64
77 55 64
1 51 43
65 72 66
50 41 44
62 17 21
8 58 73
58 45 84
84 6 84
11 24 82
51 24 12
63 41 65
35 58 46
64 26 77
78 79 25
54 6 45
2 13 68
21 32 50
49 62 21
67 78 62
18 44 64
18 36 48
51 67 5
15 64 41
10 29 14
31 20 53
18 8 82
39 28 79
14 16 44
34 26 61
82 51 67
26 74 10
67 37 41
37 39 28
38 12 78
61 70 14
30 42 40
35 31 20
16 47 42
23 14 68
23 13 56
72 24 32
21 52 85
28 36 61
31 45 81
10 30 34
9 76 21
81 46 22
67 26 6
10 21 4
2 67 52
32 29 11
18 80 76
66 30 15
73 49 20
77 26 58
33 38 80
79 81 21
34 2 37
65 23 72
63 42 6
27 49 51
65 12 21
6 21 15
29 68 30
81 59 72
62 74 8
68 40 31
37 45 79
55 81 44
4 42 62
26 52 35
30 39 55
18 19 67
40 21 76
71 26 63
81 49 33
16 54 32
58 23 72
53 24 33
48 13 79
82 12 69
15 4 54
1 66 25
10 21 83
67 48 31
72 50 63
58 35 72
13 3 60
61 46 31
6 37 20
63 68 56
4 83 81
64 73 67
79 24 40
17 75 20
37 57 82
36 45 45
50 46 5
63 85 42
66 59 26
1 80 50
36 72 57
52 29 80
37 48 60
41 50 62
55 23 18
85 49 11
10 31 56
76 78 76
76 42 16
76 70 66
45 4 45
44 1 22
81 72 64
46 11 20
32 36 37
57 59 17
13 76 15
27 73 68
72 37 85
10 29 53
7 84 2
36 55 21
55 17 53
13 67 85
43 31 77
18 8 17
73 80 41
38 64 74
74 18 57
13 83 17
55 34 76
58 44 85
49 69 33
53 29 47
71 33 17
56 28 23
52 49 9
27 75 39
69 83 21
5 46 38
54 53 47
7 69 35
20 14 23
63 65 4
41 81 52
72 37 48
29 29 78
43 50 41
76 69 31
9 33 3
78 22 61
13 54 44
65 74 7
39 42 41
45 26 55
25 7 12
62 11 70
64 1 22
24 34 40
83 58 1
58 39 63
55 14 62
73 31 42
79 28 45
20 64 13
3 81 70
46 27 59
69 16 52
31 56 42
37 47 28
5 52 29
65 80 57
10 16 40
85 2 72
25 64 22
52 26 5
81 51 60
49 69 44
75 62 50
78 26 10
75 67 65
61 32 73
20 39 66
66 28 76
49 62 55
5 7 47
54 26 14
52 40 66
42 49 70
50 79 18
61 54 4
20 51 62
15 67 48
45 81 77
1 30 38
38 1 54
39 85 13
78 38 76
76 79 73
46 26 47
67 73 53
40 6 71
23 38 23
33 22 24
66 48 61
13 6 16
12 2 50
10 69 26
48 62 43
85 4 79
9 40 81
69 38 28
23 51 53
74 41 1
10 74 72
39 70 57
48 1 85
74 75 52
34 72 40
12 29 36
40 77 2
42 43 63
47 85 72
30 72 60
44 27 60
14 42 7
34 4 10
51 80 71
82 39 36
22 60 3
85 33 38
69 41 51
33 73 31
45 26 65
72 14 39
35 31 7
76 19 49
8 21 18
9 71 75
74 81 57
12 9 69
38 17 2
71 72 81
68 9 56
69 1 82
27 68 76
16 38 58
57 51 79
78 3 36
6 37 22
46 60 46
69 27 57
12 84 70
4 62 37
69 84 33
37 24 32
63 38 47
3 46 70
11 12 72
25 61 76
22 1 60
73 32 26
17 13 73
39 65 85
59 35 75
30 26 56
21 9 8
3 13 30
79 47 49
22 27 55
54 47 42
50 53 18
50 60 48
57 32 79
67 29 9
10 27 55
30 70 9
14 80 1
62 52 68
55 46 2
73 9 45
41 55 17
68 42 38
48 20 39
32 45 80
52 77 65
8 42 25
84 11 51
75 17 69
40 65 63
46 69 40
27 84 68
52 49 8
73 50 59
16 67 39
21 33 23
31 32 59
2 48 17
45 68 70
34 34 50
61 16 6
29 51 64
63 23 11
46 41 53
29 44 31
51 15 63
79 58 16
14 45 61
6 71 74
74 75 41
13 31 58
26 18 18
35 29 60
68 60 14
83 44 28
61 60 40
71 70 55
38 25 4
12 11 82
61 64 9
51 70 55
76 57 21
76 12 66
35 51 59
7 25 50
85 47 28
56 6 49
43 70 41
36 68 24
32 35 17
44 42 7
71 37 79
46 8 84
54 4 31
7 13 54
6 76 20
29 31 74
50 61 36
9 82 32
50 48 60
9 72 21
69 67 36
67 3 13
19 84 73
62 23 62
22 79 10
53 6 46
67 25 8
52 59 63
70 18 20
73 84 72
57 71 15
68 26 30
52 65 23
73 43 14
81 52 62
83 50 25
60 76 53
32 50 84
84 74 62
47 44 34
53 62 38
71 29 54
24 39 82
58 47 14
84 8 36
2 64 54
15 29 8
31 58 5
17 7 38
11 62 51
61 55 66
28 37 39
63 4 35
64 26 82
24 22 37
51 43 50
17 18 68
13 50 34
66 26 2
36 79 80
38 1 57
13 19 29
75 18 47
54 71 30
33 8 70
54 15 28
65 28 50
71 77 34
85 36 2
55 14 66
70 32 25
17 4 62
75 56 13
5 11 74
9 8 63
14 39 65
74 30 24
12 44 6
50 72 69
84 52 65
20 34 3
20 8 4
61 18 57
11 79 6
74 39 61
77 70 39
65 21 27
60 17 6
15 24 32
31 35 56
6 72 15
59 47 68
74 34 3
42 24 14
61 41 53
24 63 54
49 65 18
18 40 58
16 79 35
1 48 56
48 13 30
7 41 46
29 59 41
21 26 51
15 47 39
57 79 62
30 64 59
10 52 41
52 59 82
78 16 24
63 85 12
13 57 57
23 50 1
36 56 33
11 81 60
16 10 65
58 39 70
74 9 27
64 13 77
67 7 84
70 7 58
78 7 19
10 72 49
59 20 46
35 35 79
60 63 61
43 75 4
17 22 63
62 64 38
24 82 13
45 36 32
81 73 7
12 81 55
32 40 13
48 57 43
6 30 62
75 33 59
67 67 24
3 41 28
23 22 40
77 84 31
64 61 56
50 46 27
42 73 50
77 77 40
12 9 65
47 62 78
28 40 32
48 75 15
81 79 10
49 27 17
53 5 20
46 41 20
10 82 38
53 61 54
9 35 68
74 17 24
23 39 55
79 76 21
10 46 15
47 55 30
55 83 67
10 81 69
57 46 39
27 70 33
30 22 25
72 70 37
81 50 43
30 74 40
53 69 62
36 29 27
60 46 4
16 58 1
23 25 73
56 70 10
40 56 40
85 43 70
8 71 78
21 56 31
24 55 11
46 36 44
76 59 15
53 4 19
39 32 54
85 44 75
41 44 32
32 56 24
39 31 61
67 55 2
38 82 78
23 5 28
6 23 68
75 25 6
7 37 82
77 4 55
75 57 61
82 21 60
35 84 52
43 19 2
7 68 82
39 14 14
23 21 10
6 12 59
63 47 44
4 43 61
68 45 28
60 28 50
57 40 52
22 4 5
61 38 8
84 20 45
71 55 85
14 58 66
69 35 61
5 68 28
10 31 45
16 13 56
10 71 22
46 6 55
10 73 6
41 59 20
42 15 51
78 53 21
25 80 6
18 23 12
80 78 22
16 34 38
48 42 78
21 25 11
75 57 22
7 56 6
22 27 2
10 5 50
17 47 61
75 22 4
72 50 33
48 24 32
46 81 79
74 12 3
35 14 30
23 61 83
71 28 68
74 67 71
8 25 85
81 9 83
18 62 43
60 38 2
47 11 78
9 52 48
53 4 61
55 54 11
43 50 40
56 15 51
8 1 43
44 61 53
70 77 13
43 46 85
70 19 54
3 19 74
53 9 55
60 7 38
42 9 12
24 22 77
53 58 70
2 70 50
61 67 34
44 38 70
35 58 37
41 85 5
3 74 36
51 37 30
6 53 40
33 44 83
51 9 33
48 67 14
46 43 64
27 80 23
31 71 43
44 40 20
14 72 55
23 78 62
58 45 7
63 76 62
18 75 64
38 74 42
72 26 83
7 20 44
70 4 83
10 14 80
6 23 13
84 43 6
8 5 37
2 25 65
66 55 85
5 56 44
27 17 76
50 74 24
40 70 13
62 28 77
59 28 30
7 3 33
46 23 74
46 14 49
26 73 31
79 70 57
31 41 52
24 46 57
3 27 28
59 41 65
9 56 37
81 53 63
70 26 30
70 33 18
18 77 14
59 3 24
60 14 25
47 9 66
9 11 46
51 32 50
27 76 59
23 36 84
41 28 74
77 6 10
26 50 7
26 81 17
49 38 44
62 16 84
44 85 16
29 7 29
24 8 31
83 71 25
8 39 14
29 39 30
63 68 76
12 61 83
16 40 22
43 85 63
4 46 36
61 27 60
78 51 2
38 56 38
20 77 20
53 7 69
57 38 7
39 25 13
37 84 58
54 58 40
27 5 70
56 21 47
70 36 17
82 79 6
34 37 43
29 60 18
11 45 83
46 38 77
58 65 70
9 34 48
37 4 37
36 19 32
33 55 7
79 55 45
12 3 77
60 79 55
55 4 9
28 10 7
77 35 55
10 79 57
81 2 9
5 74 68
77 39 15
66 34 49
29 7 41
82 3 53
25 42 44
3 20 14
25 4 75
1 27 34
68 6 43
26 4 20
16 2 75
59 5 76
10 59 39
15 61 70
48 36 25
34 80 12
63 56 37
78 30 45
21 43 56
78 6 55
55 16 85
81 21 22
80 67 21
8 64 66
13 54 37
24 14 58
72 54 31
25 44 20
79 6 43
13 14 26
4 9 12
12 2 61
77 55 27
56 38 43
6 68 20
17 45 23
67 38 18
18 50 3
8 79 20
68 19 22
77 13 5
58 4 47
72 70 23
48 76 18
36 70 69
5 79 51
15 3 50
26 67 71
47 13 63
34 55 69
35 67 72
40 23 5
15 84 17
73 58 64
42 50 79
20 32 38
85 3 6
61 37 29
58 53 25
48 28 42
62 17 15
76 26 1
81 55 2
59 81 33
52 64 19
81 80 3
42 18 9
45 39 53
77 45 11
25 58 11
60 9 80
22 82 42
83 2 70
39 67 41
34 21 29
19 32 63
60 32 67
40 65 36
45 20 85
13 59 6
25 77 61
45 2 52
73 50 65
47 53 55
71 39 54
18 4 5
14 85 65
85 5 80
38 16 81
23 20 33
7 37 50
39 37 54
30 14 54
24 16 22
19 75 17
83 27 72
36 37 4
48 30 46
56 60 35
11 39 8
10 31 43
24 58 63
10 42 70
28 75 27
13 3 7
75 32 2
35 69 57
31 10 39
8 71 48
59 66 56
20 55 52
71 54 43
60 31 83
60 67 46
29 65 28
46 18 3
45 12 23
24 71 52
19 17 23
69 52 30
25 57 38
57 64 60
20 12 78
43 24 7
76 17 25
74 12 42
65 81 7
57 22 42
69 36 42
50 37 58
39 41 38
1 70 24
71 75 61
25 63 43
15 27 61
20 46 62
17 15 35
2 82 6
43 18 7
56 26 7
40 16 3
26 35 27
20 39 13
42 85 5
30 76 24
27 52 8
75 76 4
72 63 66
41 50 53
85 51 33
63 68 67
76 30 62
69 29 12
42 81 41
39 59 19
43 45 37
31 17 34
4 45 75
52 63 77
38 24 60
41 4 26
39 81 47
60 36 34
8 80 32
29 15 21
25 32 45
10 59 45
67 16 77
21 75 7
15 23 30
62 34 34
26 49 71
13 2 20
37 78 34
37 21 29
49 15 35
24 50 59
24 37 28
5 59 83
19 78 53
66 53 46
9 36 28
52 59 20
45 23 67
64 30 55
61 41 16
42 18 50
28 20 30
53 28 28
82 59 47
71 9 44
64 81 74
13 26 79
70 17 40
75 72 13
16 30 23
35 43 7
39 64 22
19 63 79
68 53 20
1 21 32
36 55 48
5 47 72
36 52 29
81 79 48
18 47 72
31 69 64
36 62 48
76 52 73
32 6 80
5 49 53
56 39 58
41 48 63
54 47 56
31 23 13
63 84 38
77 8 81
85 28 73
17 26 31
73 68 10
83 46 30
52 75 32
28 34 57
77 50 58
23 53 64
65 62 36
13 37 15
40 43 44
81 17 15
36 51 30
29 54 41
22 26 56
63 70 63
35 61 41
47 29 19
5 7 80
23 1 40
32 73 1
22 46 33
27 50 15
65 83 75
39 83 59
56 6 12
40 45 23
40 4 82
6 72 53
44 10 15
85 69 11
44 41 64
75 50 52
19 79 21
74 34 4
50 59 17
44 6 26
75 71 20
59 84 62
43 29 70
30 78 44
64 64 40
12 15 50
17 4 49
1 55 42
28 12 85
26 2 81
16 22 55
82 18 63
44 85 20
51 63 14
38 45 44
3 84 10
8 74 81
44 77 58
9 28 79
31 64 82
43 33 55
39 17 16
1 11 28
44 50 67
16 44 25
23 46 35
85 2 36
37 9 65
2 64 45
71 4 76
82 54 45
80 80 76
16 45 49
56 69 49
36 10 14
4 60 54
25 54 79
47 63 5
42 64 13
47 33 6
8 21 32
72 48 10
15 38 76
26 84 45
23 9 48
79 58 46
40 70 50
17 51 85
75 59 73
62 60 26
37 60 82
15 48 41
5 40 10
39 32 33
5 59 66
75 55 59
33 41 73
26 23 67
17 82 76
15 65 35
24 52 75
30 56 44
48 43 56
28 61 43
78 48 49
69 26 72
64 9 47
8 12 6
31 64 80
82 4 51
19 83 75
30 46 84
8 22 15
65 57 9
70 58 59
63 64 20
56 17 82
22 9 26
38 10 1
52 71 38
22 15 31
31 48 15
4 37 39
77 40 62
38 28 67
1 23 70
6 13 62
7 76 15
84 15 75
31 73 13
24 52 35
31 17 85
73 15 4
18 31 47
54 11 83
83 69 73
73 44 72
82 55 18
72 12 1
40 42 20
22 29 47
27 32 1
67 15 12
73 35 25
35 80 82
66 25 14
12 26 58
36 35 35
34 25 39
39 32 5
26 41 22
76 23 69
23 73 31
42 7 85
70 25 68
38 50 54
35 35 77
18 30 64
78 52 29
22 5 21
56 70 84
13 13 53
9 38 81
84 17 9
57 74 69
13 64 20
76 79 79
31 74 81
67 50 68
23 60 70
73 76 20
14 28 2
3 77 42
30 53 26
77 70 26
49 64 71
32 44 4
76 46 45
61 76 19
12 85 34
69 18 71
81 79 76
74 83 66
48 23 19
31 39 33
30 6 67
68 39 10
29 83 13
43 9 24
41 7 68
75 46 78
36 42 38
6 79 33
31 15 24
23 29 10
82 19 29
27 64 81
22 67 32
63 1 85
41 31 56
37 81 16
4 42 40
10 63 78
23 46 20
46 16 56
15 67 23
70 61 55
11 2 64
55 15 28
73 5 29
85 61 53
70 61 47
27 7 30
8 11 63
55 46 71
1 82 77
16 58 51
68 85 64
45 50 5
8 16 21
19 80 38
48 45 14
12 31 69
42 58 81
85 56 66
5 73 12
78 65 19
11 66 7
85 82 41
7 19 71
66 28 74
32 56 70
69 48 39
11 84 42
55 41 83
8 54 56
75 17 36
23 11 6
30 9 9
45 76 65
25 38 38
25 39 20
45 30 23
51 54 22
83 85 81
31 1 85
47 72 35
9 27 40
81 19 54
53 28 43
52 70 4
24 3 22
55 74 28
51 53 11
60 30 60
80 27 50
43 27 45
24 35 54
33 37 51
56 23 7
63 53 75
10 63 79
82 62 24
61 6 72
15 54 64
64 3 11
69 30 1
10 69 33
61 18 22
82 43 29
69 63 14
18 57 78
78 59 76
33 65 70
15 29 7
17 82 11
84 17 3
43 21 67
64 41 83
5 18 33
8 58 15
24 58 11
60 70 63
30 34 66
25 76 33
15 50 85
15 69 77
70 34 68
19 34 72
6 2 61
80 24 85
43 63 69
52 55 38
61 60 32
16 76 45
10 76 50
68 46 15
36 50 54
9 8 70
82 43 14
60 42 81
49 72 18
75 79 65
59 17 19
6 9 79
63 73 31
20 33 36
40 83 72
85 52 72
3 67 68
18 22 36
46 29 9
11 38 53
38 36 61
59 25 39
44 70 41
19 63 51
37 15 66
3 85 38
6 15 40
13 55 6
7 25 4
68 50 75
22 77 33
15 21 60
57 4 36
35 26 19
57 72 41
80 10 51
22 54 24
23 47 21
54 56 33
62 2 6
20 79 37
49 85 82
25 26 57
33 79 1
84 33 51
50 65 42
16 8 52
29 8 28
24 24 56
81 15 53
60 67 42
30 21 41
79 27 26
71 34 13
71 60 39
9 36 12
50 4 12
58 66 33
1 36 41
59 79 11
67 84 61
78 44 66
57 16 49
11 74 61
65 23 42
70 64 41
53 52 70
43 49 27
51 1 63
14 60 18
28 23 11
1 13 31
9 30 20
17 34 32
39 50 22
52 67 84
10 57 76
72 9 46
25 4 38
76 71 64
81 18 44
54 62 38
83 35 38
14 57 70
72 4 5
50 10 72
43 55 64
56 21 12
81 49 38
22 73 60
74 67 40
63 42 84
6 23 82
18 49 39
73 22 44
28 42 13
85 39 58
62 11 53
45 62 3
51 82 25
76 56 4
13 72 17
34 69 73
35 43 30
49 44 8
63 69 65
52 32 30
1 74 19
81 29 66
26 53 7
1 70 85
13 13 50
72 32 1
30 58 15
15 61 29
78 45 56
41 6 60
27 60 7
14 25 73
34 27 16
65 23 30
7 34 23
33 6 20
61 19 60
21 39 75
56 31 53
50 4 23
58 33 5
61 80 76
78 5 81
52 64 1
38 17 59
71 38 1
34 81 8
43 38 41
27 55 33
77 75 5
16 40 76
22 59 32
28 73 51
70 2 6
69 48 37
30 28 62
1 6 50
82 24 28
55 64 50
40 2 26
65 81 57
56 1 80
69 58 34
47 47 26
55 31 51
66 68 23
31 53 59
45 10 13
33 5 57
10 15 69
39 78 67
37 52 60
82 62 20
23 24 67
9 46 60
31 4 68
85 23 57
50 54 29
21 25 44
22 43 32
12 65 63
65 44 14
85 41 85
61 14 7
34 13 78
16 17 23
52 53 39
76 81 65
56 41 9
32 37 27
13 53 39
45 63 40
11 31 66
74 74 17
3 28 54
82 52 80
73 84 76
41 81 41
36 59 59
21 20 12
39 46 16
79 34 78
72 30 75
9 2 37
42 27 4
64 69 74
20 10 34
63 36 42
8 84 52
81 67 23
44 3 21
26 63 44
3 16 31
53 77 3
28 51 10
24 7 68
72 63 54
2 30 49
70 36 51
27 13 61
26 74 60
32 78 48
1 45 52
85 2 85
68 17 33
41 8 9
81 8 38
65 1 2
20 55 22
36 1 67
36 53 15
41 77 81
47 8 51
18 58 20
59 38 84
13 72 36
18 8 58
9 81 18
52 9 17
71 4 51
45 60 60
60 26 17
32 49 82
10 35 17
34 49 1
33 18 14
32 4 20
7 11 32
67 53 72
5 68 29
56 12 84
59 24 41
18 70 81
23 37 84
62 59 82
17 69 58
5 68 37
8 13 30
7 18 66
33 42 78
44 23 1
16 82 33
7 38 71
21 12 24
11 52 75
16 7 80
53 61 85
58 56 83
14 3 3
54 58 83
34 35 61
29 22 78
58 70 79
43 17 79
42 3 84
37 36 71
51 70 47
21 24 41
25 17 35
84 30 36
22 20 51
83 68 74
11 53 71
42 73 77
47 67 73
75 59 39
21 81 28
42 70 29
73 74 16
30 64 40
81 8 27
27 35 44
85 29 1
48 10 5
63 21 55
78 13 37
17 81 69
85 12 32
37 57 45
64 45 20
76 31 15
23 16 62
68 74 74
30 6 43
67 63 77
26 40 2
7 71 40
35 1 3
14 30 73
25 58 43
73 58 75
76 41 80
11 15 62
73 52 17
38 75 58
21 35 13
60 39 9
48 81 20
62 80 20
34 65 80
12 54 84
26 42 40
4 37 75
47 80 51
18 15 14
2 49 74
76 31 30
38 49 43
33 78 65
10 67 81
27 18 48
38 44 30
84 36 64
55 73 26
84 64 83
27 68 39
64 84 75
23 42 55
21 15 39
8 25 45
12 47 9
30 5 52
36 27 48
74 41 51
14 47 48
3 53 20
67 62 43
58 49 14
8 37 61
31 83 51
42 11 73
35 20 62
27 78 27
25 40 66
57 64 64
11 16 75
79 34 76
82 83 76
33 15 21
8 52 7
17 78 11
60 7 17
26 44 54
38 54 16
28 78 40
71 21 76
83 43 80
68 66 71
8 79 6
1 6 44
68 46 80
33 7 79
33 65 69
72 26 16
33 71 2
48 81 40
81 9 58
53 45 52
5 59 27
48 82 62
34 51 2
61 75 67
6 62 20
68 41 78
81 14 53
3 27 81
30 82 33
74 24 9
72 34 28
28 14 3
43 16 13
70 27 29
48 20 52
44 17 15
53 80 20
4 22 85
41 51 37
59 23 46
76 5 7
30 37 30
81 37 53
75 32 2
8 26 67
9 30 53
19 71 53
55 16 48
27 78 52
63 9 21
18 6 33
34 74 65
36 37 41
2 25 18
35 22 19
15 7 34
17 35 70
2 83 12
9 82 81
44 76 23
47 55 67
29 34 45
47 62 21
33 45 8
50 75 15
85 81 18
78 61 11
49 77 64
46 50 2
47 52 65
15 39 52
47 15 18
67 81 65
37 28 1
12 18 74
73 6 46
54 16 65
11 63 44
35 60 80
3 66 71
34 81 35
52 85 11
37 26 16
75 8 14
27 70 34
25 26 68
84 61 66
14 31 70
2 83 28
10 52 84
30 28 65
27 85 15
11 74 7
77 53 47
15 6 40
30 44 46
51 42 84
65 26 8
3 60 33
21 13 33
38 16 30
35 19 28
50 2 81
9 32 56
35 85 77
59 64 74
38 36 64
69 2 41
55 42 40
71 56 84
79 83 41
7 67 16
3 10 18
55 55 66
73 7 40
48 59 32
6 62 44
66 55 59
34 31 71
80 64 69
60 58 85
56 7 32
62 63 50
77 21 56
25 26 59
55 14 82
70 76 17
38 75 47
82 30 29
76 55 41
36 17 9
2 80 46
54 40 57
10 61 32
75 80 74
9 70 30
76 50 55
32 45 54
49 50 37
49 18 56
12 24 51
48 25 3
43 5 57
17 11 74
83 49 59
56 81 57
80 14 82
32 34 76
54 21 3
25 58 71
49 11 7
12 39 3
76 79 53
76 30 36
34 64 1
13 52 17
74 50 18
28 81 67
46 55 20
10 59 39
51 62 57
59 11 23
57 70 20
25 33 48
37 75 29
56 47 24
82 21 22
13 42 32
48 67 32
14 16 58
21 13 12
67 67 34
60 11 7
6 19 48
11 20 7
2 67 14
35 3 73
52 47 10
14 13 59
13 10 51
34 69 71
55 12 81
81 82 60
82 68 9
32 49 8
51 53 17
52 81 14
18 46 25
48 27 46
25 12 12
50 19 11
67 18 24
57 31 34
52 73 20
16 27 77
48 74 72
52 85 39
54 38 76
76 21 61
64 2 3
53 38 78
79 67 17
66 63 31
40 71 30
42 54 40
48 74 78
50 4 40
37 47 2
55 33 77
23 18 81
60 73 11
38 33 81
21 23 57
19 32 51
53 75 18
32 34 25
69 31 6
3 9 46
77 77 48
54 80 29
7 7 50
21 2 85
56 47 10
46 14 14
9 31 41
82 7 9
64 48 19
14 56 64
31 78 26
55 29 30
8 48 5
67 59 1
77 38 85
70 43 62
16 79 23
61 5 25
37 46 62
28 80 69
73 81 8
2 64 21
36 49 71
14 46 6
82 78 83
10 25 5
9 47 21
47 53 48
11 14 15
61 66 52
30 40 44
55 18 81
4 34 34
11 76 1
11 22 54
33 24 15
7 85 60
75 46 48
65 6 9
41 13 57
75 32 70
57 77 82
57 61 3
12 57 63
61 5 20
32 48 21
42 72 84
52 58 40
78 37 14
74 21 48
22 76 71
33 18 54
60 52 40
70 5 35
43 54 26
21 5 44
58 49 14
64 33 55
67 38 49
40 68 63
49 63 68
76 68 3
22 30 24
26 80 32
37 23 70
17 31 78
1 68 57
44 39 17
58 61 9
73 35 31
46 32 46
54 34 52
1 34 40
40 16 68
22 1 57
49 28 66
30 23 19
69 39 32
29 44 24
83 30 49
47 64 57
37 21 41
18 67 21
54 33 36
36 46 78
13 38 69
30 58 1
63 77 40
62 68 33
50 15 26
66 20 55
16 45 29
36 56 34
68 59 76
72 34 49
66 77 31
7 25 1
54 26 81
65 47 37
71 42 8
52 75 38
28 75 15
14 45 63
16 64 36
56 34 29
9 27 7
40 74 43
10 37 57
78 55 75
67 74 69
7 45 25
58 27 68
3 16 8
44 79 34
11 32 10
61 33 60
33 32 3
31 74 50
80 82 59
20 74 78
11 75 43
59 17 4
27 48 84
67 78 69
67 31 29
81 84 51
45 40 23
48 49 70
36 34 42
35 30 16
16 3 31
72 43 22
84 25 63
65 37 29
51 21 83
80 53 9
54 18 3
38 30 10
2 70 64
17 56 84
6 5 85
18 25 75
44 31 9
67 81 76
7 22 81
2 49 82
65 34 51
47 30 53
80 54 42
63 40 72
25 14 8
49 85 12
60 4 35
47 24 29
67 44 67
63 71 72
85 83 74
11 57 16
57 60 53
62 38 78
47 70 62
7 79 9
68 81 73
49 2 84
75 58 72
21 38 11
15 20 85
34 13 6
69 10 10
22 21 35
81 65 80
38 10 85
30 80 80
60 84 35
51 74 9
67 72 27
71 75 17
79 35 80
45 58 62
38 5 72
56 6 64
60 24 13
7 25 4
29 30 7
58 33 71
46 75 76
12 18 45
28 62 50
55 25 51
61 71 14
28 40 39
64 3 58
79 5 9
75 65 50
8 71 50
66 18 84
85 19 39
59 52 44
9 34 10
82 32 16
53 33 15
19 6 10
44 9 71
52 11 75
58 20 83
23 70 71
8 72 55
35 36 54
42 85 6
61 44 69
83 62 30
16 22 47
64 5 63
55 53 72
13 66 50
67 16 80
37 46 27
26 73 25
54 25 62
32 22 33
62 25 34
33 21 48
62 30 73
55 10 6
1 56 74
39 31 7
78 70 78
44 43 34
55 3 4
50 13 75
33 62 27
40 72 45
37 34 9
17 85 39
84 49 58
3 72 20
41 62 2
16 35 13
58 32 75
9 54 32
8 53 57
35 81 28
1 50 67
64 21 79
15 48 24
15 76 45
18 31 5
71 40 73
21 43 62
49 72 81
76 76 33
22 64 21
42 44 47
56 3 77
48 67 59
75 13 10
35 6 83
46 67 14
71 34 61
80 65 39
14 12 69
72 12 76
17 70 83
78 9 73
29 16 39
75 30 29
2 36 66
75 10 53
63 54 68
84 20 40
81 79 24
28 24 48
64 57 29
46 45 59
19 19 19
76 36 78
14 12 34
20 42 54
77 10 24
42 43 17
76 4 51
31 13 54
49 29 25
11 8 1
71 48 27
68 6 43
70 21 82
67 46 8
23 41 21
79 19 3
48 2 66
15 22 85
50 75 59
59 82 34
59 63 44
83 45 70
23 40 49
77 58 7
71 36 81
15 6 63
15 22 65
29 34 29
84 15 3
1 46 30
59 14 3
78 13 53
83 7 5
6 50 21
17 57 44
65 31 82
15 30 40
3 59 57
28 42 12
36 30 11
7 13 76
34 26 76
79 73 70
54 63 31
20 51 37
11 33 27
74 85 4
36 61 10
55 76 63
69 50 9
14 58 64
17 68 75
55 44 71
61 56 14
61 39 26
81 24 12
27 25 62
23 39 66
58 9 56
24 15 24
52 4 31
46 27 21
55 23 73
12 81 42
51 84 5
3 49 39
9 52 39
78 17 35
22 21 82
28 6 77
54 70 19
62 59 71
21 33 43
60 9 10
25 33 47
44 73 46
3 22 9
3 56 15
72 45 55
31 53 10
76 70 61
22 7 75
72 30 74
36 4 22
60 75 6
34 38 18
22 4 51
52 2 82
1 10 61
37 7 2
80 81 9
82 6 81
55 67 43
17 38 66
56 9 12
52 60 32
69 70 8
57 53 75
30 56 37
17 5 84
78 47 33
18 62 71
6 47 57
28 17 32
18 28 33
70 63 85
4 84 20
10 30 34
17 28 71
51 34 52
76 15 63
26 30 5
57 41 84
70 70 45
38 42 2
73 32 65
23 77 20
54 58 9
54 85 52
62 78 37
10 69 44
48 6 61
2 56 64
39 11 6
24 37 13
66 24 54
55 68 80
61 80 26
61 9 74
67 77 69
9 54 27
30 23 35
43 41 52
84 7 46
1 19 83
40 50 46
80 50 72
64 55 74
50 77 17
2 63 74
3 64 24
2 50 61
22 82 42
51 6 54
9 27 36
9 64 37
19 31 34
66 44 73
62 17 3
63 23 29
6 77 8
1 25 83
28 5 54
83 38 37
80 65 44
26 80 59
37 84 61
34 76 13
53 25 4
30 72 34
72 63 53
42 49 4
71 50 59
68 13 10
73 34 77
23 75 37
23 38 26
64 19 47
71 55 38
46 68 59
71 29 43
73 28 37
5 41 31
57 48 20
5 63 64
54 47 4
65 15 80
59 60 28
63 83 28
79 59 18
21 63 10
6 52 23
12 63 11
31 39 47
33 69 49
6 63 10
61 72 19
9 26 56
79 81 50
20 55 75
34 40 67
80 50 14
68 22 76
57 35 4
78 15 80
37 64 1
67 5 75
66 3 26
83 55 32
67 38 4
70 56 55
38 65 23
37 28 53
80 56 66
79 45 53
78 33 39
83 61 67
74 43 12
51 2 2
29 26 68
40 23 14
3 25 35
66 26 22
8 42 8
35 84 11
16 51 28
42 53 72
79 19 16
82 85 10
29 37 37
85 19 63
47 46 74
33 8 26
35 33 51
20 42 34
10 84 44
9 50 27
32 42 23
50 55 74
65 61 60
3 76 79
34 65 59
23 37 35
57 64 2
30 59 30
26 2 65
44 12 54
68 28 64
23 76 24
40 11 69
63 25 27
46 85 19
9 4 25
44 30 41
84 46 69
46 21 8
85 67 16
27 50 66
50 61 82
40 30 71
50 14 51
42 44 42
38 36 36
63 3 76
22 65 73
75 76 71
21 1 79
6 19 77
1 62 55
20 29 25
12 50 16
73 49 25
73 83 7
6 51 83
33 85 9
51 20 57
31 82 56
17 65 54
38 32 6
18 8 34
49 45 56
9 70 9
4 54 1
64 12 64
64 52 77
45 81 22
6 39 34
58 41 65
82 4 44
28 28 30
82 60 22
34 25 23
68 1 40
50 72 68
85 54 9
72 18 51
53 82 79
30 36 82
49 30 61
44 47 61
32 41 70
15 71 7
82 25 85
6 63 19
69 32 82
49 51 44
29 18 78
81 47 21
23 64 19
62 11 78
83 3 10
71 47 34
37 45 77
54 37 71
75 52 71
78 54 29
11 81 57
19 10 27
51 65 69
78 76 48
37 22 74
30 50 67
11 26 56
30 81 69
61 50 62
62 23 15
31 17 84
68 67 53
32 27 6
24 51 5
26 75 55
25 51 42
44 45 80
25 80 61
10 40 31
50 56 13
43 27 52
35 31 84
83 64 24
11 37 39
74 28 30
78 32 39
63 56 1
15 45 80
30 27 80
60 46 73
77 64 10
49 49 29
41 36 48
4 9 20
31 80 14
42 38 44
82 25 49
83 79 56
13 5 75
45 74 63
46 10 37
6 27 80
36 19 14
79 43 42
46 32 2
13 63 6
11 58 16
27 34 21
44 12 10
60 9 51
80 3 23
38 63 6
69 6 48
11 52 27
78 62 20
42 40 44
67 65 33
55 32 44
50 25 60
8 62 82
9 10 27
59 58 10
8 61 12
46 45 16
38 36 77
54 45 53
48 29 51
73 72 12
31 71 25
64 63 19
3 68 3
64 71 45
68 13 80
9 41 73
71 31 75
3 66 42
43 30 51
63 28 42
79 73 70
60 5 39
16 62 55
39 16 42
57 83 39
66 47 32
51 23 36
42 16 84
27 30 29
24 25 74
29 69 54
12 59 37
20 80 79
80 48 4
36 1 27
70 8 26
29 1 68
82 35 24
6 2 65
74 13 50
52 28 28
67 9 42
12 52 62
13 69 58
75 31 84
70 14 18
7 55 67
74 8 48
29 31 32
13 75 80
24 84 15
84 81 58
3 64 64
19 21 36
12 19 65
79 17 55
47 47 51
67 74 25
52 14 50
47 25 83
46 65 22
30 11 37
10 78 34
3 65 19
12 66 59
84 3 2
54 69 55
8 13 38
57 23 62
19 16 10
29 15 21
6 21 65
29 34 55
68 44 65
82 42 40
41 59 29
29 57 1
80 72 29
76 41 9
63 32 49
54 66 64
42 43 53
51 75 29
36 72 69
42 9 18
37 64 10
54 11 78
21 64 72
82 74 78
40 58 1
55 77 41
62 33 51
48 17 24
34 76 58
30 28 60
46 19 60
15 6 10
43 81 51
57 78 38
5 40 64
43 56 67
39 72 23
45 11 85
2 57 60
18 30 9
9 42 17
38 39 61
6 43 13
33 4 66
48 81 7
47 72 43
19 33 6
6 10 5
12 14 22
84 25 29
85 3 2
54 15 57
26 37 68
7 55 59
74 34 57
18 3 25
74 27 75
1 58 62
66 67 8
45 49 16
84 36 53
47 2 5
48 54 25
32 52 45
64 48 44
76 58 76
32 32 17
80 39 36
43 13 69
15 12 8
75 55 63
14 38 64
12 55 37
13 41 74
15 62 10
48 69 67
77 82 26
5 10 17
28 79 59
2 49 51
49 37 2
50 65 7
80 61 56
1 30 53
62 14 7
33 76 21
3 37 80
54 85 14
85 85 17
72 27 40
49 45 6
77 14 79
16 55 16
50 15 29
4 64 67
54 15 7
47 13 31
65 81 31
21 55 82
12 80 8
36 21 30
84 44 23
33 62 28
54 37 75
77 30 83
38 24 52
74 62 19
43 37 7
57 5 32
71 83 73
39 60 69
41 32 30
18 81 71
76 38 31
32 47 8
10 34 16
28 61 8
46 51 1
58 49 67
27 39 57
32 4 48
44 5 7
76 22 18
81 44 27
18 76 29
66 57 2
67 23 82
52 16 64
20 58 64
16 53 5
64 59 2
50 77 41
46 74 69
50 33 62
17 52 32
71 4 83
5 23 24
66 16 14
53 20 7
2 81 27
9 67 50
13 4 61
8 48 5
76 26 39
27 27 1
6 80 75
81 77 48
14 5 48
1 62 65
25 83 14
58 20 32
32 33 42
49 39 5
5 84 73
11 61 76
60 51 39
25 36 62
45 58 49
35 85 71
4 2 23
32 23 29
50 85 44
80 13 11
79 8 49
6 66 39
29 22 83
50 32 34
21 52 5
53 55 71
62 39 61
50 46 50
25 75 39
7 41 38
68 78 64
84 31 58
34 43 7
8 2 41
85 22 80
54 16 30
54 8 29
51 18 63
50 63 81
35 80 67
54 85 7
39 2 41
37 48 18
40 59 60
85 47 4
75 19 34
41 72 40
75 75 40
56 19 47
10 25 22
32 79 24
78 52 19
48 44 27
34 37 73
55 82 69
20 74 58
17 61 44
32 58 47
78 66 29
72 6 68
21 22 52
63 44 32
3 26 31
82 30 78
2 45 25
6 72 69
50 50 3
25 45 50
20 56 26
69 66 76
61 13 17
47 44 76
57 1 12
77 73 72
47 66 9
30 35 56
61 14 8
76 85 30
52 43 17
7 16 74
3 78 29
52 30 58
55 26 2
84 10 36
68 5 62
35 54 46
83 23 76
64 27 17
45 52 79
30 53 66
80 66 19
39 37 26
31 57 32
36 32 28
59 20 6
48 39 18
20 78 68
83 70 63
53 71 64
80 17 69
55 56 56
14 82 1
35 78 50
70 32 14
18 14 56
42 5 9
74 63 2
66 18 19
9 1 38
72 35 69
64 38 10
45 38 55
30 21 39
20 80 5
5 27 56
39 8 6
4 39 71
59 58 56
70 46 77
78 35 49
32 62 76
27 19 79
44 70 27
59 38 28
63 5 18
69 11 40
61 11 84
55 59 1
8 60 16
26 83 69
56 19 71
62 77 21
62 24 83
61 71 50
44 54 32
69 25 29
64 85 29
5 34 5
48 42 21
19 49 81
51 69 38
23 65 50
16 2 42
41 11 14
45 18 31
12 68 48
22 66 67
62 48 7
20 78 34
49 40 10
83 77 28
2 73 18
56 13 81
28 48 40
2 26 61
74 19 63
52 66 74
57 42 49
51 51 45
36 5 9
24 8 52
69 35 56
10 33 31
73 62 30
24 67 83
58 6 78
12 48 76
40 1 58
21 37 83
32 56 52
81 35 38
24 32 65
2 37 79
74 71 73
59 59 33
79 36 51
72 56 25
21 54 24
68 39 30
52 5 16
30 12 72
25 6 73
71 79 23
1 14 61
34 85 6
66 79 78
44 60 17
8 71 43
13 27 78
69 73 68
81 75 37
66 5 74
66 54 7
74 60 42
50 26 19
45 60 26
57 18 80
4 79 13
25 25 22
51 42 79
36 29 27
47 37 68
24 70 36
37 50 16
61 18 80
52 35 24
1 49 24
6 14 46
63 57 84
80 2 27
30 9 47
67 50 29
48 60 60
11 45 52
28 67 46
63 54 58
1 61 24
55 5 51
75 10 34
75 5 26
15 62 15
69 84 49
9 11 49
8 25 63
11 56 6
32 3 71
56 7 6
18 63 48
74 5 76
56 71 77
8 74 24
72 79 20
13 23 73
65 59 32
39 67 27
27 26 57
22 69 85
52 15 82
24 21 59
6 49 17
81 40 48
54 59 76
45 16 32
29 51 26
7 70 84
84 70 31
37 82 18
74 34 44
83 31 55
54 19 70
14 16 82
11 1 61
50 20 2
46 57 58
16 23 28
10 44 42
19 27 50
79 22 29
4 79 52
57 47 39
7 23 66
8 85 25
60 80 77
65 77 79
2 11 45
77 34 61
32 28 6
59 8 63
74 31 1
42 47 17
37 71 85
22 1 70
11 67 29
80 48 61
41 11 38
57 78 49
13 10 48
58 4 59
8 80 31
73 38 40
30 25 32
51 21 36
36 27 37
52 5 19
54 61 63
30 74 38
44 5 49
28 70 5
18 77 5
51 20 16
66 19 1
34 5 29
50 52 20
78 38 1
74 1 24
19 75 6
84 37 53
57 9 16
8 43 51
64 25 63
75 73 6
79 63 26
41 76 17
15 84 7
63 41 81
20 17 24
29 58 72
48 19 44
63 76 78
57 52 31
23 74 4
41 34 47
14 63 57
50 18 39
28 35 10
42 67 18
45 60 14
34 11 58
34 21 49
20 67 8
46 4 48
78 30 54
22 35 15
83 46 17
80 63 28
45 18 65
26 70 83
20 16 47
75 61 39
64 50 36
19 52 63
35 47 63
24 45 59
70 12 34
38 66 17
23 70 37
44 45 9
60 34 69
34 79 38
81 18 48
35 39 2
43 32 67
54 81 16
22 41 31
53 51 38
26 40 79
81 12 47
19 12 39
26 42 51
15 83 26
17 47 6
49 51 19
54 74 79
65 74 33
13 66 31
20 66 39
49 15 78
29 7 11
75 84 69
3 37 48
59 23 41
71 32 47
47 14 60
80 57 68
14 42 23
22 67 21
22 66 83
48 68 54
50 23 19
70 45 29
48 7 33
54 1 72
66 72 1
72 35 11
84 42 59
83 61 11
23 68 67
61 33 55
67 83 22
59 71 60
84 67 22
39 3 34
31 46 42
1 26 30
12 74 15
25 79 19
6 39 27
84 27 43
83 78 50
29 11 49
33 25 59
44 11 78
53 39 78
78 9 45
74 43 52
19 26 52
35 17 9
68 33 36
62 80 33
52 79 18
3 37 38
43 60 52
75 50 43
72 12 21
22 12 61
2 59 47
60 11 4
56 28 67
47 13 26
35 39 44
17 1 60
84 35 24
18 53 36
85 76 11
17 43 7
6 46 1
2 7 53
58 84 22
52 32 12
5 18 47
53 40 34
27 39 50
48 46 12
58 25 77
1 1 80
27 71 40
29 10 61
68 19 18
39 5 24
78 18 60
60 12 29
46 37 21
19 23 22
50 20 45
40 41 85
69 57 28
53 65 11
41 15 67
25 38 68
3 37 64
37 37 36
77 59 2
49 62 1
25 7 85
53 34 51
37 3 19
65 18 82
20 47 3
59 76 61
8 73 53
51 42 37
70 85 36
69 14 84
74 26 48
39 65 3
37 17 53
7 48 73
36 43 47
1 64 84
49 82 63
26 37 50
70 74 67
77 7 75
35 45 16
19 76 71
9 21 52
23 9 57
9 2 34
67 13 21
27 27 12
16 31 1
71 17 82
11 1 3
53 54 33
35 40 84
28 24 56
4 73 41
52 12 5
14 60 7
47 37 31
74 28 67
85 52 12
53 48 40
79 55 71
14 36 82
5 34 7
72 77 71
80 3 10
33 9 66
57 54 59
62 83 52
80 72 22
35 8 55
60 63 80
3 31 81
66 4 81
5 34 28
65 4 53
45 23 30
38 79 15
13 18 33
49 23 34
64 22 50
11 16 20
79 56 7
77 19 70
7 20 12
85 55 78
68 81 24
67 29 23
54 5 63
76 47 51
27 33 2
35 12 18
72 54 10
64 51 43
77 49 37
41 12 1
20 20 52
48 51 73
27 47 9
1 72 14
83 15 70
65 21 4
84 7 73
45 80 61
76 10 73
31 71 43
1 44 81
10 11 32
25 32 67
79 38 39
64 20 51
22 46 9
28 67 35
57 54 39
18 55 26
54 50 83
44 43 41
49 55 57
78 79 60
7 36 1
11 20 22
1 5 45
12 76 56
78 33 52
62 49 33
44 13 45
43 79 80
62 36 47
60 17 12
47 78 85
84 2 39
68 66 58
48 50 82
43 32 36
3 55 45
13 36 52
37 70 52
25 7 5
30 57 50
17 38 8
82 60 24
1 66 13
5 41 60
58 80 82
66 45 50
81 15 68
7 72 62
60 22 21
38 84 7
20 6 40
67 40 56
56 25 33
27 53 59
14 58 66
46 71 61
84 37 41
64 8 22
55 20 67
61 58 42
7 31 80
73 13 72
53 28 28
73 82 84
14 57 10
32 68 59
72 7 68
85 47 4
26 12 28
65 3 26
34 58 73
73 53 50
82 41 6
35 30 56
73 16 46
84 46 23
37 31 70
6 8 65
73 55 78
48 19 36
37 32 44
38 71 76
66 55 64
10 77 10
60 21 53
8 28 47
60 50 37
84 13 15
43 60 51
16 2 16
65 46 40
33 12 79
27 1 50
39 29 72
35 77 44
30 66 39
77 77 38
64 67 27
81 68 11
82 70 9
63 66 34
85 37 38
51 17 75
28 84 27
9 79 38
72 4 8
33 30 12
67 17 5
13 26 23
45 65 33
56 31 17
65 85 55
25 75 18
3 68 14
18 60 5
49 21 35
75 18 62
13 70 56
34 59 38
77 66 70
52 26 34
23 48 48
36 45 48
76 13 24
74 12 26
70 53 32
51 3 35
70 16 69
21 10 66
33 56 62
38 18 81
29 75 68
83 26 69
30 27 35
37 29 25
78 9 55
82 17 4
24 28 56
10 39 2
74 62 8
24 49 2
54 40 52
56 32 64
83 84 45
6 31 79
59 39 7
83 81 74
18 3 29
54 35 46
1 27 21
71 78 80
65 69 53
71 44 50
33 54 30
84 7 21
29 79 70
49 48 33
7 75 20
35 55 66
63 48 80
39 73 47
65 46 70
13 14 67
43 64 76
79 56 11
16 1 21
40 19 67
67 4 4
66 83 47
42 52 38
79 2 72
38 31 65
5 3 1
53 72 73
25 52 83
48 71 61
22 63 50
10 65 69
56 21 85
77 41 22
22 53 49
38 10 62
62 63 72
45 28 75
55 82 2
50 56 57
47 33 62
8 40 19
31 55 46
37 77 34
80 51 81
14 5 72
39 81 22
80 70 35
55 6 75
62 39 84
84 56 52
31 12 82
30 49 27
30 7 77
81 70 39
41 3 71
56 68 25
50 38 73
62 66 85
12 18 19
66 28 14
51 42 41
52 53 6
30 72 5
47 74 52
8 18 29
83 10 64
21 14 69
54 43 44
32 6 52
41 51 61
38 73 6
65 44 39
58 23 38
35 84 76
85 55 47
57 51 25
62 14 45
35 19 66
67 56 60
62 25 37
69 76 52
56 12 72
32 38 49
71 29 60
8 23 73
17 9 50
44 59 84
20 75 70
47 37 18
34 2 60
72 9 59
58 21 9
55 53 65
28 11 26
62 58 33
36 78 4
60 59 44
11 41 18
20 72 77
22 67 27
58 32 31
82 47 3
7 68 18
64 56 83
51 18 72
72 82 70
74 3 2
27 41 18
35 3 77
20 55 7
77 83 19
78 36 46
17 16 2
78 33 65
23 1 17
59 44 15
32 73 46
17 3 49
73 18 66
6 28 27
15 1 40
61 10 69
31 56 40
29 20 59
33 55 45
82 71 6
55 3 46
59 60 48
59 13 84
40 26 69
9 52 72
57 51 41
6 34 47
25 10 75
70 60 22
27 51 38
44 45 49
38 61 78
3 67 83
41 34 6
18 41 31
61 14 43
24 64 21
48 50 23
83 38 80
16 66 51
28 3 56
50 34 50
44 30 32
76 63 34
39 19 55
56 22 70
35 57 64
68 80 16
10 72 48
13 32 55
47 18 66
6 48 17
45 22 2
65 59 31
22 40 12
42 29 63
42 51 65
44 44 13
68 34 49
46 69 80
14 9 39
23 72 81
9 70 30
14 19 34
32 7 2
75 65 66
37 9 43
19 32 28
77 11 29
57 72 43
46 40 39
6 5 1
58 73 7
38 77 18
15 22 28
36 77 11
22 20 49
79 67 13
75 65 40
46 78 33
25 80 36
79 60 30
39 31 75
39 84 81
60 82 53
53 49 29
76 35 15
60 77 85
50 67 30
29 10 69
83 44 14
56 40 47
13 39 59
63 47 30
70 34 77
64 56 28
64 45 24
85 12 79
78 64 20
16 38 44
31 56 77
31 23 47
19 9 12
22 58 70
17 31 28
21 40 13
31 36 82
72 27 59
23 70 66
3 4 70
21 69 76
15 45 44
25 49 80
37 22 42
47 75 22
42 6 32
26 15 64
69 40 39
30 63 58
75 35 8
52 17 85
46 54 73
26 50 59
71 69 56
40 10 47
60 9 67
60 18 57
24 2 77
44 46 20
72 65 65
64 19 68
45 64 48
45 63 19
49 62 74
53 48 73
17 25 69
74 38 85
21 2 62
11 37 54
46 5 67
80 43 67
1 66 18
72 36 2
49 19 81
41 74 65
30 16 23
51 2 10
30 60 54
59 6 62
27 20 63
62 63 30
24 56 17
50 81 71
82 5 65
47 10 65
51 37 67
53 82 47
67 3 13
35 28 20
8 48 52
47 40 21
67 68 62
83 53 61
39 13 63
51 22 84
33 35 45
61 21 37
61 75 1
1 84 7
19 16 53
7 59 25
54 11 65
44 2 65
45 5 62
23 16 24
6 57 38
9 71 41
62 55 21
84 15 59
63 4 15
12 56 74
77 27 23
80 64 45
74 59 57
85 25 77
9 80 38
63 24 45
41 33 84
66 67 12
46 51 16
75 11 57
65 75 60
34 10 10
76 77 30
1 36 51
6 21 11
57 32 3
27 81 56
69 38 53
28 46 81
32 16 63
26 82 64
77 80 59
23 60 41
44 24 31
67 27 60
68 23 10
29 78 54
37 18 55
26 58 77
67 79 43
59 81 37
37 40 29
25 69 47
58 68 34
45 64 51
16 4 42
46 25 4
29 5 20
27 4 62
45 62 2
17 1 51
19 72 17
5 16 63
32 24 32
29 9 6
52 36 61
5 25 52
12 5 1
36 81 74
11 32 3
37 80 59
69 22 50
43 27 65
65 65 1
77 57 40
66 54 71
40 62 43
2 6 53
21 70 18
8 16 44
73 75 66
37 67 46
48 82 49
26 55 48
32 38 40
38 58 16
35 71 40
46 16 43
43 6 17
68 50 29
22 39 21
10 54 50
13 34 14
66 31 26
70 38 80
11 56 57
54 66 72
72 14 3
52 36 55
80 29 78
12 20 26
27 32 35
12 26 83
13 43 15
32 72 40
67 48 38
60 62 57
3 38 10
1 51 6
3 33 8
19 28 55
7 47 35
76 39 80
40 15 32
49 44 38
37 3 83
27 60 35
59 42 83
25 53 76
47 11 57
84 71 34
84 22 41
71 12 63
3 49 65
17 15 48
79 44 19
21 32 44
56 83 24
23 80 70
75 16 84
35 43 73
23 33 54
35 21 11
14 73 49
17 14 64
44 4 51
59 38 73
13 46 57
19 56 45
17 30 8
82 1 56
71 36 21
4 1 52
35 82 40
35 36 24
51 83 27
59 26 23
33 62 52
79 78 24
52 55 20
10 40 66
67 70 43
12 46 38
33 6 77
65 18 47
49 51 25
64 36 41
55 57 39
17 68 55
58 77 58
76 58 29
82 15 73
65 17 81
10 76 77
30 31 53
60 57 6
76 7 35
34 39 55
28 27 36
70 83 46
63 45 42
77 65 80
18 48 66
61 61 14
38 4 35
61 17 51
31 72 55
55 44 37
60 80 60
73 46 38
9 85 13
4 17 69
7 38 57
32 84 81
69 69 67
83 81 34
1 27 25
10 73 77
27 44 21
63 18 65
66 57 25
23 8 40
67 70 33
19 9 44
76 74 46
26 13 43
73 41 5
13 3 23
29 13 21
72 83 1
42 20 36
16 32 1
11 64 78
57 57 80
51 71 47
20 32 67
26 67 19
47 27 58
31 61 37
58 16 23
59 69 46
63 3 59
31 38 26
61 28 43
8 1 45
54 80 26
37 61 83
30 66 70
42 26 50
16 26 39
35 54 29
67 10 8
9 51 81
74 9 35
42 85 21
48 5 44
66 3 59
2 3 26
46 81 4
81 13 81
10 58 30
24 50 11
55 82 73
7 62 8
28 12 27
61 6 50
53 8 9
12 56 12
75 50 64
13 35 55
30 59 28
44 19 12
21 26 50
83 14 6
67 83 13
8 2 16
15 67 51
17 8 73
21 30 71
48 71 42
59 77 17
73 5 77
78 4 63
81 4 56
72 16 78
13 54 57
40 41 15
78 19 75
24 3 70
6 6 74
48 30 63
33 78 72
13 21 59
17 31 37
52 46 5
59 47 6
72 77 19
64 66 37
2 38 57
18 79 52
28 65 56
5 81 28
76 15 11
6 46 81
70 40 45
22 23 9
55 25 10
20 9 48
36 1 74
23 66 66
25 9 57
15 12 85
22 37 56
42 5 53
2 43 62
57 37 59
49 43 33
59 20 8
30 55 22
25 22 29
15 52 56
54 65 59
19 26 63
30 20 53
42 31 69
78 15 58
2 26 13
60 54 64
27 15 51
49 19 57
23 59 41
65 60 34
51 34 83
45 55 28
67 17 42
26 9 26
72 46 82
6 59 56
47 37 13
57 62 18
44 12 22
31 77 49
46 66 84
62 4 30
33 49 35
70 45 39
30 50 20
38 18 17
75 81 76
8 18 8
79 25 63
40 73 10
7 16 33
34 32 84
55 43 50
13 33 22
50 77 14
35 44 7
14 44 9
42 25 44
18 78 20
4 16 58
6 38 66
65 57 58
37 5 30
66 64 58
37 32 70
60 83 82
48 50 82
49 67 58
24 35 56
19 2 39
18 64 56
31 37 81
67 3 56
56 21 53
38 32 17
36 51 20
44 82 45
85 40 17
79 39 76
65 25 42
54 19 82
25 77 38
8 77 48
42 63 31
35 9 11
6 28 43
34 16 22
69 42 72
30 9 72
44 78 17
6 47 9
74 36 54
21 37 49
47 80 70
17 26 30
13 4 68
10 43 71
83 36 56
35 24 5
83 41 24
15 77 64
37 11 4
59 24 33
13 68 15
45 76 57
66 59 46
43 32 46
6 25 70
83 68 39
35 72 23
41 13 27
11 85 46
37 10 37
18 63 6
50 25 26
35 43 41
56 11 29
50 35 77
43 21 19
28 30 51
5 63 1
34 33 10
32 78 59
33 44 42
15 67 44
2 17 16
13 7 1
64 48 4
36 4 40
63 67 17
17 38 46
66 45 71
83 20 79
53 21 26
33 67 81
11 13 56
17 49 85
41 12 50
55 51 20
1 77 73
55 56 53
81 42 68
50 67 58
3 30 85
29 30 21
62 38 35
84 80 72
73 66 12
29 38 77
73 67 22
53 35 24
79 28 70
71 45 84
16 55 56
72 27 82
5 11 13
1 59 4
55 18 84
47 15 49
61 76 67
28 11 55
36 42 29
8 80 61
48 43 34
47 33 65
71 74 8
42 10 56
65 52 8
14 65 27
30 52 10
80 81 1
74 85 47
51 9 59
83 15 36
10 17 18
70 67 65
76 5 21
79 74 25
29 69 59
43 59 57
55 42 42
21 48 16
13 14 10
9 84 76
62 36 10
6 56 65
45 15 38
60 17 52
34 80 9
38 70 43
69 77 62
2 38 4
55 56 9
83 5 52
76 63 44
38 34 53
62 71 10
35 37 64
22 33 36
39 72 15
70 74 9
51 36 53
52 40 39
21 31 81
24 37 33
83 49 20
14 9 28
49 37 16
6 21 35
51 1 42
57 41 38
41 23 44
20 26 49
4 11 68
82 4 53
12 85 11
21 15 78
19 33 63
10 29 19
75 83 73
61 73 60
35 81 46
21 17 63
74 74 66
15 3 42
22 66 28
83 50 13
6 55 76
7 61 43
71 55 77
16 34 72
22 85 74
67 73 4
13 59 8
35 54 8
78 16 19
29 9 26
82 15 58
40 40 76
80 56 36
11 69 19
21 28 28
34 6 55
70 73 83
41 70 60
80 11 48
61 39 5
28 76 55
7 5 46
12 39 26
78 69 70
57 7 53
10 41 72
41 22 43
48 46 4
72 10 61
18 60 59
80 70 8
39 15 60
50 77 74
14 5 78
77 63 13
37 72 64
6 84 68
82 7 66
74 75 50
17 13 28
44 32 32
6 66 24
7 71 15
23 10 10
53 45 15
74 2 46
66 9 63
28 47 34
28 9 50
56 56 81
52 31 21
16 6 6
22 72 8
21 53 79
84 24 46
14 57 21
49 69 78
30 31 64
52 54 27
67 38 55
3 46 35
43 66 60
78 70 20
17 53 14
8 63 6
51 74 12
42 25 37
1 19 77
10 51 84
82 56 43
30 34 25
71 37 26
79 13 47
65 68 36
14 80 41
19 67 23
58 47 45
3 1 39
76 65 41
12 45 48
80 75 80
67 49 42
16 38 8
28 74 79
24 78 31
74 38 82
66 2 43
33 59 24
23 85 30
58 76 39
35 4 51
54 74 70
67 1 47
4 77 27
3 24 47
84 10 45
79 12 5
64 11 76
77 77 74
38 4 74
58 50 47
16 59 28
32 81 10
71 84 35
8 73 36
60 75 74
15 59 47
70 66 76
35 15 27
23 53 13
41 60 22
44 77 17
50 74 6
83 2 48
6 82 44
19 48 46
74 85 74
68 24 81
18 79 13
53 78 79
47 49 6
52 2 4
34 9 3
43 36 25
66 67 76
1 71 45
2 75 69
77 1 54
58 70 5
10 5 13
76 51 15
41 24 72
81 50 29
25 67 18
82 46 38
53 9 13
17 51 5
83 28 61
74 64 59
19 83 19
36 14 70
9 73 14
24 45 33
78 24 44
17 61 22
22 18 80
23 49 79
50 80 1
45 53 30
34 78 29
81 63 77
53 81 51
13 26 16
39 13 73
60 48 3
70 62 84
47 85 24
51 53 79
73 47 37
51 70 69
28 8 66
10 37 26
36 77 8
34 26 64
84 72 3
13 6 26
17 16 15
62 58 52
13 54 40
75 57 66
15 55 23
46 43 68
84 82 30
17 25 43
11 13 19
24 10 51
36 37 54
51 60 18
9 11 28
27 11 71
52 34 46
33 42 73
81 50 6
51 85 63
42 46 76
71 42 2
57 33 64
78 68 64
4 28 30
37 25 56
47 15 58
51 52 44
43 39 61
48 30 62
61 27 18
8 78 36
55 70 46
83 40 67
81 20 60
22 85 66
37 9 57
47 47 3
66 36 34
48 16 56
43 71 3
21 62 19
8 24 52
68 77 12
34 8 71
26 23 66
80 81 14
9 54 20
66 38 7
6 28 29
83 82 39
59 83 14
17 20 8
22 32 25
1 52 61
68 52 28
80 68 22
59 83 11
10 55 62
55 31 40
18 80 8
77 58 78
25 49 73
65 80 82
17 49 20
5 13 52
47 66 63
56 12 33
34 60 50
20 54 36
82 23 11
54 43 67
85 41 26
22 38 79
22 13 38
40 74 53
33 77 30
66 55 5
58 37 37
39 58 1
2 72 45
67 7 27
62 31 56
13 50 60
54 26 61
22 7 57
36 16 68
71 83 26
29 50 8
72 29 60
48 60 24
11 41 2
62 48 67
70 77 43
75 77 30
52 58 22
77 62 76
18 5 1
22 58 2
56 44 65
57 24 3
74 76 21
66 29 60
69 45 75
33 12 21
14 13 45
49 73 57
32 52 17
53 59 33
74 37 25
35 69 14
35 78 19
50 2 3
2 76 79
25 14 72
81 47 38
64 46 30
9 50 76
2 61 13
40 59 9
58 66 77
36 48 1
62 9 44
52 29 78
38 68 10
50 11 18
9 68 27
80 42 21
68 29 72
35 44 23
31 56 27
78 44 46
72 71 5
57 4 60
15 81 53
66 50 17
14 36 83
10 20 9
59 42 38
66 9 80
80 77 13
5 73 46
62 45 3
52 83 8
32 50 19
35 68 42
26 68 44
12 46 72
63 31 26
70 71 51
49 39 47
29 41 20
42 84 35
2 72 41
5 69 50
2 52 72
34 67 5
52 23 14
38 13 60
78 35 54
33 36 49
33 30 47
15 28 84
69 21 16
4 20 4
55 27 33
65 30 82
73 44 57
64 66 4
43 80 41
65 78 12
25 78 83
5 33 17
43 70 39
29 10 18
19 26 83
30 2 49
42 30 57
58 15 52
3 66 74
79 44 18
2 1 41
67 76 66
42 75 83
55 27 16
42 82 12
69 74 74
25 36 64
1 79 55
19 62 77
69 7 56
69 37 55
17 35 44
80 26 45
28 71 82
42 1 51
42 79 46
70 45 27
56 1 12
81 35 19
46 48 42
68 55 52
30 50 43
12 75 63
73 59 59
29 73 33
49 7 3
53 49 66
9 48 62
78 23 5
18 7 78
42 53 17
61 25 83
35 17 51
53 61 8
6 49 22
21 26 71
74 26 84
70 2 3
37 23 11
63 64 58
32 36 28
35 13 5
58 62 78
66 81 32
5 17 36
26 30 83
44 1 32
42 55 84
2 77 83
71 65 45
54 50 22
64 39 68
73 62 37
31 11 49
15 43 5
85 84 32
6 81 48
1 58 78
1 12 78
52 69 72
21 14 68
12 38 58
52 29 51
62 1 40
71 38 18
84 24 82
81 63 15
63 63 70
47 30 30
7 48 74
34 83 31
10 69 9
4 10 60
79 64 71
53 74 51
56 72 10
33 30 43
17 57 2
48 35 58
3 66 9
23 67 78
52 68 12
77 36 79
17 17 61
12 63 43
48 15 55
81 4 40
52 70 43
35 8 47
24 12 76
37 78 32
38 15 39
17 82 55
5 78 82
29 46 59
62 35 72
58 60 69
66 38 49
60 30 6
51 47 47
70 4 7
15 81 26
11 60 18
76 21 28
28 48 47
31 51 1
2 15 36
30 70 34
22 67 59
54 75 36
83 21 75
30 3 67
8 79 67
43 79 34
13 41 7
79 20 80
77 57 82
28 41 28
72 21 7
43 77 80
6 49 27
52 17 17
84 9 58
17 85 35
55 18 14
83 42 47
37 79 25
16 39 57
52 67 19
37 30 19
34 6 50
4 4 79
38 5 15
1 43 6
49 52 25
68 5 58
74 3 1
6 19 50
25 67 81
42 27 75
74 47 54
49 68 34
14 10 41
60 78 53
62 61 84
76 62 51
13 74 76
62 78 3
71 25 79
72 2 6
53 31 41
67 65 14
65 14 85
61 14 65
43 29 58
15 27 42
38 61 30
62 52 59
54 4 76
40 40 2
77 41 52
31 61 17
61 45 13
25 72 82
70 22 6
57 42 84
39 23 38
76 58 47
64 37 23
43 36 15
22 19 52
10 45 40
25 79 3
45 22 40
9 77 41
2 30 11
80 79 13
6 19 9
25 82 84
29 1 8
5 69 16
55 66 50
10 15 41
74 12 11
3 67 55
24 72 18
53 15 66
72 77 64
16 79 12
38 64 9
35 51 60
73 34 21
19 4 51
68 71 51
17 58 47
22 49 7
55 82 42
41 6 17
76 73 50
65 10 4
72 77 60
19 1 7
25 19 46
48 33 15
43 1 14
5 83 23
66 58 19
57 72 52
16 41 34
69 4 37
43 49 25
11 79 42
19 80 11
30 63 59
60 59 72
52 74 29
4 66 16
34 58 31
66 40 57
33 42 65
78 51 48
4 6 3
70 26 81
16 42 10
46 39 68
50 11 26
4 75 53
75 77 28
51 31 59
63 16 1
83 2 16
32 73 70
74 24 42
41 4 85
73 58 59
66 14 26
60 47 23
33 19 38
55 6 12
44 52 24
59 41 11
16 63 31
49 37 82
19 8 26
62 78 13
3 34 22
8 24 59
18 27 65
51 1 21
2 24 72
45 17 25
15 40 79
83 25 21
22 10 29
10 62 46
32 32 58
70 31 69
81 41 56
56 48 58
34 78 80
58 69 19
1 38 74
36 30 5
33 1 46
75 9 63
24 75 48
65 60 7
74 35 10
47 8 41
35 4 19
64 80 38
19 76 37
21 25 70
79 79 30
48 33 42
41 66 9
35 15 69
75 84 25
17 29 38
35 79 54
24 30 24
69 66 60
54 49 14
52 83 24
5 2 4
66 63 58
31 16 82
44 31 26
68 30 71
6 36 59
24 59 25
54 85 11
22 15 52
19 37 46
38 53 60
36 9 62
45 60 59
71 60 54
83 64 21
70 61 9
9 81 58
53 74 62
46 18 35
70 63 70
72 28 79
45 80 54
76 27 81
49 60 36
3 35 6
77 8 41
67 77 40
65 42 79
13 4 44
2 13 48
21 81 32
63 45 8
73 24 56
85 49 65
24 36 38
10 14 59
23 75 17
54 55 81
67 35 64
81 7 64
40 30 75
2 30 10
7 9 39
28 26 64
33 2 11
32 14 40
53 46 83
15 61 53
52 10 31
12 68 52
74 35 73
80 43 76
67 77 3
23 44 58
67 73 51
11 2 81
21 56 71
15 82 48
16 66 33
20 57 72
23 25 71
2 2 46
59 64 40
50 61 83
60 80 14
44 45 37
67 50 66
57 3 60
56 82 17
45 54 72
31 19 4
4 10 77
73 22 84
56 37 53
38 83 50
77 50 76
34 34 1
39 37 37
6 37 23
50 35 78
85 34 18
30 73 79
54 62 19
79 3 69
2 15 77
29 6 23
15 29 57
7 79 18
71 80 7
20 25 56
23 50 11
49 85 10
62 4 62
20 60 82
13 18 45
85 9 51
54 20 59
22 62 78
16 44 44
27 62 42
21 72 80
10 13 62
65 21 52
80 27 32
16 72 30
12 22 58
40 79 1
59 52 42
7 79 31
65 83 38
14 48 75
19 66 38
74 83 34
35 22 18
69 3 79
62 25 58
39 70 26
25 69 69
52 67 6
48 50 80
4 84 55
44 40 55
26 21 74
65 5 53
39 29 34
84 38 28
46 13 72
29 37 82
85 74 45
4 67 48
35 66 70
27 72 34
5 82 47
11 63 85
44 70 18
16 76 51
61 5 60
29 17 52
65 70 14
13 60 40
14 50 49
17 46 7
19 57 58
52 44 48
36 23 69
49 2 52
47 24 37
67 78 40
21 71 32
1 55 81
71 21 48
37 47 74
30 53 73
57 82 25
66 33 29
38 34 17
1 15 65
58 71 54
71 31 60
83 71 32
21 46 35
68 62 53
24 67 39
70 1 32
76 31 25
48 23 83
24 10 55
36 73 68
51 62 38
66 40 55
11 67 11
63 1 84
78 60 48
79 34 22
64 32 29
16 78 22
66 53 66
60 76 73
11 23 16
12 62 41
60 33 31
69 46 46
25 49 12
65 8 46
80 41 68
23 14 78
30 41 47
36 17 19
80 75 3
6 23 25
70 45 29
70 17 30
74 19 80
59 70 42
1 70 24
50 20 1
3 80 70
6 26 43
22 3 60
70 57 24
18 84 70
66 67 73
22 20 63
20 51 19
47 54 14
83 45 17
62 67 2
22 62 4
57 58 83
41 80 75
76 31 6
36 73 49
50 63 9
51 51 29
1 67 41
77 68 32
32 60 5
42 30 56
14 57 46
75 50 85
45 55 25
54 3 34
1 53 84
54 45 6
74 75 78
71 63 15
8 29 47
19 40 5
34 18 22
59 83 67
8 47 38
6 26 75
33 83 33
69 59 72
5 23 53
21 9 12
84 9 66
37 64 64
12 35 42
83 66 84
42 84 51
33 85 2
56 7 32
1 10 37
56 85 4
54 9 45
37 69 43
16 71 8
79 82 32
9 32 44
64 82 30
16 85 50
33 1 15
1 7 32
34 67 44
40 67 84
20 82 20
74 22 50
15 83 6
74 85 68
65 78 53
81 59 72
29 30 79
70 10 16
59 64 19
66 75 61
35 71 53
85 76 31
22 84 27
14 34 9
69 61 18
52 2 72
34 23 9
30 47 57
49 18 83
3 39 10
31 75 4
12 28 29
8 84 59
15 36 66
31 18 71
35 51 80
27 8 13
17 51 23
45 34 35
4 16 5
78 60 39
84 51 28
21 36 31
38 84 19
82 9 8
52 61 51
43 48 70
13 83 55
30 5 76
68 73 37
68 60 67
35 13 56
56 84 69
56 81 79
76 43 5
18 6 1
13 71 72
58 34 73
66 79 39
8 9 70
84 31 40
23 68 39
32 14 9
42 69 5
76 49 13
27 16 70
10 9 9
69 85 84
9 78 51
59 68 81
54 51 37
30 72 31
44 26 1
72 74 61
43 53 41
79 66 13
24 41 70
22 56 24
48 21 57
73 57 37
60 39 63
42 25 26
31 58 54
72 55 68
13 10 74
24 52 23
49 78 16
35 35 24
56 64 73
72 67 37
77 27 73
65 18 30
2 8 66
43 52 32
76 17 52
73 81 73
26 14 50
76 38 4
85 46 4
53 32 83
29 46 36
18 61 21
53 53 63
75 84 14
9 54 24
47 1 9
47 50 80
77 77 27
22 61 69
12 16 9
56 22 71
83 80 36
18 25 81
75 32 79
65 59 77
22 21 19
22 3 30
82 12 78
55 5 18
74 36 49
71 50 82
37 85 8
63 34 26
15 54 46
12 53 79
47 84 16
42 41 40
43 6 58
30 15 65
37 28 8
66 25 2
1 81 31
49 65 72
67 38 31
55 59 50
32 28 53
22 29 15
15 39 67
51 60 42
22 69 51
22 73 12
17 13 72
46 60 27
79 37 71
20 5 16
57 6 51
17 61 69
71 63 57
57 42 27
69 8 17
5 7 65
53 29 31
32 56 78
76 24 72
29 49 75
8 59 10
16 22 28
85 74 10
75 66 64
79 45 52
5 37 51
3 47 75
54 10 79
46 83 3
18 8 1
78 11 35
47 46 30
39 2 29
81 44 75
30 72 19
32 58 62
72 35 54
49 61 70
3 75 83
85 76 37
30 43 23
66 36 65
41 47 73
59 41 7
1 12 37
31 42 10
30 53 7
64 1 77
14 51 74
50 43 44
14 6 39
8 13 21
31 64 58
6 36 85
28 36 60
33 63 55
41 18 55
24 25 40
55 29 80
69 17 84
32 57 6
53 73 6
75 62 74
18 40 83
31 75 62
13 53 74
9 66 17
63 61 24
79 63 50
34 57 73
40 26 25
35 54 2
47 5 59
34 83 48
7 4 42
61 79 78
50 18 52
14 63 68
1 39 73
70 22 69
24 20 23
85 82 13
1 78 1
16 78 23
39 60 41
28 63 18
21 48 20
55 41 68
5 45 7
73 61 79
63 43 19
49 34 56
4 7 75
71 71 45
14 35 47
9 44 45
17 71 35
79 57 31
42 80 8
26 27 71
55 71 36
63 60 56
77 69 79
7 60 77
72 48 85
39 80 17
6 41 5
80 20 20
64 40 65
42 27 13
25 30 24
42 77 29
45 20 54
74 38 9
22 12 63
39 22 66
69 85 32
38 12 58
59 74 42
48 3 41
81 32 5
33 47 11
15 66 83
84 5 39
10 67 3
20 41 64
46 64 76
9 13 72
61 3 22
83 14 18
7 2 55
43 76 57
69 32 65
54 11 75
60 52 82
15 4 9
78 80 59
38 66 25
44 45 23
28 20 18
27 14 78
6 60 57
72 37 55
32 37 82
81 60 7
17 32 51
38 14 23
13 46 38
76 75 35
58 77 36
66 40 29
41 63 35
73 14 59
85 28 23
14 23 6
34 8 22
57 67 6
33 12 84
63 59 30
6 34 33
66 4 63
18 14 42
64 49 28
5 23 30
9 78 44
58 76 69
30 83 51
75 83 63
3 27 50
15 58 81
85 23 45
13 36 19
63 1 23
56 27 66
73 49 55
78 28 83
75 23 55
72 67 79
80 9 49
85 48 63
66 34 44
57 18 3
36 65 2
69 75 45
29 68 63
16 15 72
29 37 75
54 31 61
43 56 67
74 60 29
56 63 57
9 67 3
80 16 16
47 20 6
65 17 45
62 23 33
55 41 82
77 43 25
37 61 33
65 24 75
60 60 41
18 68 43
53 36 60
60 76 44
61 15 43
16 53 12
62 62 27
60 67 37
4 23 5
5 63 83
79 21 64
14 37 37
71 1 64
33 4 19
77 46 51
50 51 21
25 82 50
7 16 26
76 63 49
25 23 79
31 65 15
61 52 68
78 81 62
22 81 6
18 63 38
19 6 53
78 49 69
69 9 7
54 72 52
39 4 52
8 55 35
53 4 85
75 1 31
65 64 52
83 36 78
32 8 73
71 37 73
48 42 4
60 47 19
8 67 14
24 84 10
76 29 54
78 48 80
31 79 16
7 12 26
5 49 7
34 29 72
30 82 69
31 40 6
21 2 30
36 29 50
39 2 14
61 13 58
10 41 51
78 35 21
30 67 59
49 66 81
64 52 38
67 36 15
17 19 5
61 77 68
55 39 31
17 56 52
85 46 85
18 18 18
40 20 1
36 71 8
14 10 35
50 43 67
69 29 85
79 1 13
38 59 24
31 11 48
39 68 69
84 60 27
46 6 39
67 5 80
8 61 7
79 60 23
82 19 9
40 74 27
77 15 78
30 72 8
50 48 77
40 4 45
60 77 1
36 52 6
63 83 42
33 49 32
75 7 62
13 15 3
45 49 31
16 74 36
41 46 81
78 9 22
50 64 64
40 55 37
6 25 56
66 21 63
39 26 35
48 7 80
77 19 38
34 63 85
3 53 1
51 44 60
33 34 35
20 41 77
12 85 19
72 51 14
85 15 57
59 33 18
29 41 56
76 69 5
63 21 62
54 75 84
19 36 35
43 18 69
38 11 3
16 33 81
33 42 20
33 39 58
80 47 59
52 73 64
65 13 16
58 34 67
38 22 63
54 55 57
1 40 58
83 66 32
72 30 42
32 80 59
14 17 76
68 7 11
1 74 79
2 83 22
70 40 36
4 19 81
26 19 13
31 44 20
43 46 44
83 76 26
9 28 15
3 64 26
28 12 79
57 71 85
83 22 49
26 7 5
9 29 42
84 66 1
50 77 7
25 17 14
2 76 31
28 83 61
48 76 51
34 33 68
74 3 62
13 55 56
59 51 72
7 47 58
81 41 59
16 22 2
71 68 35
3 16 54
81 12 10
34 39 19
48 44 24
14 56 58
12 38 48
4 65 26
3 14 16
63 45 80
76 1 23
73 34 6
85 31 73
21 62 37
26 16 19
8 83 10
26 41 12
44 40 23
28 78 41
18 60 70
64 38 7
5 76 63
21 6 39
69 14 47
72 12 18
51 19 71
43 25 2
2 57 42
85 29 56
25 44 13
70 72 30
40 45 24
24 53 78
83 43 9
73 19 8
59 58 2
51 25 64
38 44 80
77 64 66
2 81 19
37 51 81
54 4 14
85 23 44
34 50 76
33 3 4
77 53 67
15 46 31
65 26 83
4 78 3
62 24 1
42 76 50
39 61 1
80 21 66
76 85 52
50 62 69
25 6 12
51 10 34
44 66 17
49 47 11
51 26 33
37 4 77
61 73 60
68 40 24
60 32 28
28 13 81
28 47 15
6 50 81
23 35 49
58 34 13
57 33 28
60 54 55
83 46 1
81 81 80
58 30 82
14 83 14
40 70 78
45 21 4
41 11 61
4 53 45
2 70 63
19 25 45
59 28 58
67 17 55
77 3 15
8 10 28
9 70 10
85 47 15
37 55 47
74 7 8
17 51 35
76 38 2
46 27 68
43 73 36
67 78 25
52 75 55
65 84 84
7 67 66
46 18 20
61 4 54
8 45 81
42 66 35
16 37 5
31 28 39
45 25 54
23 12 28
61 48 40
72 53 6
29 36 62
82 30 25
85 58 78
33 50 33
30 8 30
26 31 56
23 58 27
12 40 13
41 61 72
29 77 4
46 26 7
54 29 63
38 18 30
37 34 69
24 62 53
43 22 28
34 69 41
19 70 78
19 72 30
39 3 82
18 24 63
53 50 25
5 46 12
34 60 34
5 2 39
3 12 14
41 5 83
7 28 84
67 62 52
83 28 17
39 74 31
27 23 45
73 53 60
50 24 10
7 11 53
58 26 73
52 37 58
20 54 13
10 61 69
35 40 36
47 81 72
51 82 33
1 72 9
9 58 16
34 23 47
36 80 27
18 75 76
14 31 85
72 78 16
22 9 85
50 52 72
46 49 38
7 71 26
24 2 5
10 70 8
80 83 39
37 54 16
22 53 3
64 71 41
51 57 49
65 61 83
18 30 34
64 21 32
82 1 22
60 11 32
26 82 15
49 42 64
26 84 50
2 74 36
29 5 58
10 85 43
69 77 16
49 30 55
19 20 38
81 55 57
85 13 84
63 46 73
1 82 44
8 56 81
80 60 61
33 58 17
37 38 35
15 84 36
8 24 50
40 57 54
42 13 37
7 11 23
28 13 72
7 45 74
18 50 74
51 3 35
5 3 39
27 81 15
68 75 44
40 2 3
28 62 58
3 67 34
82 9 75
49 63 33
19 36 80
58 7 41
14 59 67
42 5 59
65 64 75
40 9 47
29 62 63
74 71 70
41 52 79
9 14 51
62 37 73
27 10 26
36 19 21
20 59 81
1 34 3
50 85 40
74 31 13
78 27 43
35 21 9
41 59 32
8 42 57
26 7 78
67 70 10
37 71 81
32 18 22
36 23 13
66 33 49
49 66 52
81 60 82
32 67 76
73 8 47
23 30 36
42 79 64
69 82 51
40 67 24
80 71 75
43 4 82
85 58 62
41 39 61
27 24 42
37 70 10
35 45 37
56 1 28
26 33 14
8 30 21
64 14 10
34 2 85
20 75 17
20 82 18
76 38 1
49 75 1
39 69 47
68 31 79
69 49 39
33 23 25
31 75 30
38 35 57
21 65 21
56 10 48
17 79 85
81 35 52
50 38 57
50 10 45
41 5 37
62 62 15
27 11 60
13 46 22
9 1 41
65 73 69
81 6 5
74 15 58
24 49 13
45 46 25
4 49 59
6 6 11
14 68 4
31 62 65
75 28 54
13 26 70
53 37 43
20 27 55
46 17 60
32 63 5
26 69 60
26 53 19
34 45 12
78 56 55
55 57 29
31 72 42
11 21 48
7 18 77
75 39 10
74 74 15
49 40 41
44 65 41
14 1 8
31 18 45
52 14 54
54 85 2
61 18 20
59 65 81
19 81 74
70 21 12
28 63 15
76 37 56
81 57 50
17 42 18
71 21 21
80 55 47
83 83 78
40 61 73
16 48 82
16 7 74
41 39 78
37 6 19
11 76 75
61 20 29
5 85 42
65 26 63
54 76 45
30 85 17
62 81 14
1 24 51
20 29 84
27 3 35
54 11 5
44 20 66
6 30 63
67 65 49
46 75 30
4 79 73
15 58 42
29 71 53
77 43 13
13 81 82
70 33 60
30 70 22
68 25 71
24 37 47
62 44 7
7 76 68
80 45 46
39 50 31
7 58 7
80 39 54
75 63 43
48 53 36
26 54 63
3 85 10
76 80 52
78 41 53
50 81 77
32 16 84
45 32 55
71 35 81
36 6 70
50 48 63
49 6 64
85 4 4
27 45 9
83 7 23
38 50 69
33 4 6
57 48 61
39 15 53
51 68 9
52 31 28
40 58 58
6 17 48
64 19 48
5 15 23
75 23 1
40 83 43
74 10 34
20 59 16
79 56 59
48 6 60
11 46 46
84 79 55
44 55 8
22 10 21
62 12 59
83 66 14
2 40 17
23 66 5
49 46 26
38 1 67
22 17 84
11 11 32
26 49 41
6 61 49
32 32 48
18 53 23
8 62 36
75 16 51
60 62 67
17 44 34
71 21 59
15 74 79
39 63 46
28 22 23
15 71 54
64 56 49
34 32 54
61 10 84
44 10 81
31 84 20
1 7 31
70 62 49
55 72 79
41 36 60
71 27 57
40 28 32
16 14 85
63 17 32
22 85 8
82 23 80
35 42 78
41 40 7
13 69 63
59 41 13
79 61 77
23 19 10
61 72 13
60 69 74
73 32 33
7 63 65
34 60 77
57 29 75
18 66 32
71 15 41
5 2 5
79 73 79
35 12 80
84 68 65
71 15 54
59 68 41
20 9 55
44 19 38
47 4 42
63 81 52
81 69 49
84 27 5
68 19 30
37 30 72
12 36 66
19 21 10
35 5 22
34 83 8
63 57 33
21 19 73
53 25 41
29 71 52
62 46 40
12 58 9
3 72 20
13 24 71
30 75 37
23 80 31
56 9 77
9 45 14
15 23 80
4 24 82
20 64 14
14 28 50
20 55 33
77 30 70
75 47 30
42 78 74
18 71 6
78 8 78
59 76 42
61 61 58
53 75 3
47 55 53
55 71 13
11 41 82
26 3 43
68 40 46
71 7 62
36 3 21
48 41 38
14 2 77
75 64 63
39 70 4
24 31 27
47 12 55
75 46 2
65 43 26
51 39 79
78 37 28
25 23 41
63 73 26
80 17 63
65 77 85
77 49 70
75 22 49
68 55 47
44 18 21
66 45 27
76 41 50
3 83 62
57 35 34
24 82 75
50 42 36
83 52 52
9 32 77
77 47 3
13 75 6
61 51 38
75 67 47
79 59 71
73 13 81
33 36 64
42 33 38
57 39 49
6 51 29
76 11 40
64 74 63
1 53 46
64 59 60
74 3 1
60 28 64
9 49 26
74 77 79
85 30 58
21 75 61
34 84 84
56 45 32
42 14 85
63 54 78
75 2 17
83 73 52
40 1 39
84 55 54
3 40 56
61 44 62
79 44 63
31 12 50
14 3 58
32 49 62
74 30 34
55 66 63
40 41 34
32 51 80
60 47 77
85 23 66
52 44 11
16 34 27
28 77 48
1 45 21
66 32 39
61 19 33
44 16 77
37 63 63
1 73 77
81 33 47
23 19 64
2 83 65
72 85 61
4 75 46
54 55 16
15 10 57
84 54 3
12 73 68
52 34 66
57 69 34
24 20 63
39 57 20
67 49 62
31 60 55
68 57 69
68 22 28
78 49 68
4 23 27
26 41 69
30 54 49
41 58 25
15 57 19
42 50 82
63 32 82
6 60 21
52 58 53
17 71 83
12 36 69
16 47 7
50 63 54
74 74 39
77 8 72
39 62 44
71 34 71
59 54 31
2 32 32
12 15 18
46 11 10
35 71 18
40 40 29
68 62 35
61 25 5
16 13 9
40 19 33
85 56 42
37 66 78
2 82 68
76 23 35
76 9 47
33 11 69
16 5 2
30 16 33
26 32 85
59 60 2
11 42 54
72 40 75
49 66 18
76 13 55
28 82 35
21 82 80
29 2 44
73 59 71
58 6 34
65 20 65
63 23 8
52 20 17
80 33 77
1 9 74
81 5 9
38 75 14
29 75 49
68 33 56
70 51 29
7 21 40
51 2 37
73 84 24
38 65 68
66 19 76
52 24 28
26 20 58
6 9 42
54 66 7
32 70 7
6 70 10
82 18 45
22 18 51
53 32 74
64 34 37
41 75 15
51 75 61
70 54 63
57 23 59
5 61 9
59 48 16
28 44 16
15 20 70
85 83 37
78 3 20
63 65 21
45 82 8
77 60 75
15 47 43
28 76 42
46 79 37
54 42 12
43 41 3
76 53 74
5 72 14
5 70 56
39 31 85
64 84 56
31 73 54
35 43 23
67 53 47
64 16 58
12 36 9
76 29 38
17 79 59
12 58 40
76 31 78
72 37 81
21 23 31
55 80 6
34 71 39
29 85 45
5 15 53
20 22 56
34 8 43
60 18 67
71 35 9
9 72 38
52 76 59
4 70 35
48 3 69
43 18 41
18 50 25
51 62 9
40 17 45
52 85 13
45 73 27
73 67 20
58 21 44
81 21 70
27 31 77
7 2 5
48 20 23
8 48 52
66 79 8
16 22 31
41 81 76
23 21 56
51 12 68
22 42 77
9 58 65
65 70 17
45 63 85
45 63 36
21 36 23
23 69 64
49 51 57
60 60 58
40 65 18
80 20 27
84 10 58
23 58 1
69 14 19
32 55 52
45 66 16
13 4 54
66 12 71
23 37 10
70 7 13
71 65 34
24 11 35
59 37 31
47 24 6
38 22 43
70 79 13
44 1 12
25 63 24
69 54 64
67 4 84
20 79 46
30 14 3
24 66 79
10 32 62
13 19 74
6 4 44
80 55 52
70 1 40
46 84 45
4 47 12
39 13 85
43 40 72
7 6 73
50 3 80
12 53 74
69 80 58
80 84 58
84 30 46
78 2 24
11 64 25
72 17 7
24 57 65
48 11 31
40 52 39
6 6 29
15 81 10
84 1 32
63 50 44
1 52 24
29 72 83
57 4 21
31 49 20
80 43 40
22 60 68
9 79 28
42 70 66
77 58 83
30 57 24
19 74 1
17 61 33
49 47 68
64 8 30
19 35 75
63 12 28
82 38 16
72 36 29
49 53 76
17 57 28
52 32 6
41 21 48
26 75 48
8 68 43
47 32 68
58 41 40
48 6 77
59 4 67
64 39 38
1 20 68
50 52 65
80 75 84
5 46 2
40 50 64
27 26 48
31 66 83
21 4 74
28 24 39
5 43 15
17 56 48
63 41 77
44 26 84
37 82 76
71 69 1
24 2 47
41 53 18
35 35 51
36 49 66
2 85 57
7 53 48
40 30 68
3 50 57
21 78 83
60 16 61
41 24 29
42 43 50
54 10 16
21 83 7
3 4 66
45 15 73
47 55 43
35 32 35
73 45 54
75 52 70
43 49 21
39 23 82
54 46 70
70 74 10
32 75 50
18 16 37
31 72 81
25 48 68
46 41 31
31 79 6
40 83 52
3 12 28
19 49 33
6 65 8
80 1 64
11 15 55
53 74 18
68 77 27
57 24 84
85 50 4
46 24 7
14 54 80
23 8 21
59 14 49
27 85 11
34 65 39
57 42 33
31 18 30
56 53 13
75 15 6
20 23 1
49 58 51
68 56 3
27 80 66
4 27 69
52 27 52
60 21 20
3 59 77
52 70 83
48 67 39
30 13 21
44 33 47
61 27 58
64 61 14
11 8 82
64 56 28
73 63 40
67 68 69
62 26 15
43 69 45
52 36 46
27 28 2
32 11 78
66 84 73
2 7 71
75 71 62
61 9 75
52 48 6
33 16 5
9 75 63
59 22 74
42 82 5
69 33 41
17 76 64
76 19 33
3 8 41
37 79 8
45 46 23
44 21 84
69 39 20
52 16 9
65 35 80
48 51 49
32 32 62
70 4 52
64 24 54
28 43 23
76 61 34
70 40 58
16 48 67
23 7 42
32 3 16
8 77 31
73 11 61
85 6 13
28 5 77
31 26 66
40 57 42
45 12 84
79 57 77
73 36 42
28 54 8
21 74 11
26 33 26
35 37 12
28 68 80
37 20 42
10 69 11
13 77 33
37 84 60
62 37 2
22 65 47
20 50 46
55 46 55
85 65 4
22 20 51
11 64 39
20 60 30
77 26 56
25 52 25
30 4 8
19 5 48
34 4 79
2 65 83
4 32 32
51 13 24
76 44 19
63 10 22
21 16 69
34 65 75
62 35 72
3 6 34
30 36 52
74 46 24
74 79 48
74 6 24
20 39 26
82 24 47
46 16 84
47 58 17
35 80 16
21 18 83
61 23 79
82 52 2
22 4 72
6 65 11
35 15 60
14 5 4
66 63 71
60 25 35
85 10 15
36 9 58
3 77 48
62 67 14
44 42 80
67 41 20
39 36 39
53 1 56
68 29 72
9 49 15
47 48 22
8 62 30
40 78 4
70 57 19
50 71 47
71 39 53
32 49 66
51 7 54
27 67 2
21 8 7
13 75 52
30 76 4
76 29 53
10 6 64
17 33 16
47 45 10
3 60 85
37 81 10
83 11 67
51 7 16
37 45 60
55 21 63
52 53 26
48 41 23
23 19 31
33 30 25
18 5 17
33 27 69
31 74 82
39 25 58
70 72 38
67 85 20
41 27 39
22 52 70
26 43 3
