100
37 46 13
16 16 41
19 10 41
7 46 48
36 11 52
52 33 10
4 49 6
13 24 21
33 36 19
23 46 42
11 3 49
54 42 43
11 1 19
50 4 17
54 33 45
16 25 4
16 26 9
1 55 19
47 54 7
5 6 47
5 51 48
38 45 29
46 26 10
18 17 48
55 23 43
49 18 6
30 44 15
32 30 28
33 18 8
2 12 7
48 19 32
6 46 30
41 21 3
1 25 50
55 17 2
13 21 11
17 42 48
44 32 42
12 44 21
36 4 4
12 42 39
41 14 22
44 1 21
41 23 26
45 51 8
16 24 3
33 54 5
42 17 50
51 1 35
29 50 19
13 44 41
33 46 47
16 39 34
48 40 29
51 10 41
35 55 46
35 1 53
8 43 44
28 6 36
8 44 8
3 39 26
7 12 33
34 43 22
50 54 8
54 39 42
12 17 45
53 42 8
54 25 32
9 36 55
27 5 24
27 18 5
33 23 52
3 54 15
18 40 11
9 12 15
22 32 40
12 31 46
45 10 31
42 44 14
13 11 44
53 41 51
45 20 37
52 14 25
33 22 26
1 24 51
30 14 8
21 5 29
39 47 2
46 55 1
21 28 54
34 19 50
44 6 16
33 36 6
53 25 31
40 2 13
39 3 45
51 17 41
35 24 40
25 20 34
47 31 22
