5000
37 100 72
43 91 51
57 55 30
59 46 46
89 76 61
26 91 91
99 78 79
36 49 44
35 10 46
56 15 54
74 40 77
69 68 44
30 11 42
87 88 43
37 84 14
60 39 76
14 19 37
46 25 60
13 26 22
82 22 7
95 74 64
38 85 33
21 68 13
3 20 28
94 12 37
7 87 71
68 35 19
50 18 24
64 25 79
27 57 34
18 8 57
4 11 63
88 50 32
92 47 36
53 63 76
61 9 39
16 89 99
65 29 74
84 72 39
2 100 80
10 68 87
76 58 37
25 70 69
66 43 60
97 74 1
10 6 39
89 100 49
24 44 3
12 51 22
69 91 90
29 71 12
33 73 71
73 55 67
30 21 38
9 100 86
23 27 91
25 85 77
24 90 36
79 15 84
50 7 34
40 90 77
63 42 35
46 76 36
60 77 98
15 32 58
75 58 29
100 44 55
49 87 19
76 54 39
64 71 56
100 51 70
71 52 28
83 54 13
93 58 80
8 66 53
36 50 24
61 84 49
45 19 65
41 40 68
18 5 77
74 61 31
9 48 41
86 73 43
63 33 9
41 59 97
72 46 62
10 24 83
2 77 90
43 36 52
9 35 30
34 1 7
51 6 70
80 50 90
90 100 5
77 65 25
27 23 14
24 69 17
97 33 1
96 61 74
60 45 17
23 6 62
56 84 73
69 91 100
59 67 81
84 50 3
17 81 13
28 3 1
73 32 54
5 34 93
34 87 16
58 25 90
88 51 76
80 67 36
41 38 16
23 35 47
4 18 37
73 69 20
47 20 70
81 57 54
27 45 96
36 42 58
64 30 23
38 32 44
82 100 29
70 25 17
99 62 84
99 13 69
84 18 48
82 99 16
36 82 20
99 93 34
44 22 84
8 8 18
34 26 81
22 100 79
55 86 25
61 80 59
60 39 66
56 59 84
17 29 41
54 81 25
94 47 61
97 70 14
47 40 59
64 20 61
52 94 4
7 12 68
83 72 100
40 45 40
8 94 86
26 57 21
8 39 30
16 89 41
82 71 26
94 78 83
24 2 99
65 44 11
88 27 34
100 64 63
79 3 10
55 58 91
30 21 19
49 68 21
37 6 70
57 11 70
8 97 3
30 68 16
42 26 45
60 69 83
9 54 57
35 3 92
85 37 38
22 48 50
74 87 67
7 74 18
73 30 51
4 97 80
11 43 62
96 8 56
87 38 44
95 33 3
14 61 42
54 93 24
23 26 62
26 64 59
51 1 66
87 27 69
68 72 44
90 71 17
27 33 83
20 79 45
48 51 51
10 55 85
6 1 52
67 65 40
53 81 83
43 30 45
5 29 4
14 69 52
25 18 8
93 95 87
14 44 41
2 73 62
33 49 52
15 52 22
79 74 58
12 20 23
82 16 61
9 49 47
34 29 32
36 76 98
35 60 52
81 42 79
21 37 8
61 14 39
49 74 73
11 40 64
26 77 40
99 61 71
67 58 42
72 68 97
56 84 8
22 35 16
92 85 61
100 30 21
46 49 16
11 21 52
92 19 40
73 8 27
20 5 35
7 25 36
66 43 89
19 81 22
49 78 9
9 57 84
55 61 21
61 19 25
68 75 61
8 78 1
15 7 77
2 29 4
9 57 59
92 20 99
77 43 87
31 87 64
2 50 63
63 33 49
99 16 41
75 87 7
99 82 83
58 83 91
45 97 24
94 15 44
95 72 3
26 5 47
2 36 4
58 79 14
52 32 4
83 54 54
44 59 26
92 38 82
13 9 64
90 8 6
6 2 33
40 51 27
4 58 52
95 41 8
38 91 84
44 35 9
58 82 96
94 36 86
83 42 47
3 83 98
41 96 90
27 14 87
65 84 53
8 71 83
13 90 42
44 8 47
63 91 31
67 12 50
71 31 75
96 46 22
68 3 58
72 99 25
55 37 84
27 33 30
84 42 8
63 72 1
87 30 13
84 82 55
60 47 67
7 14 80
88 3 96
31 81 23
25 72 93
19 12 68
29 21 71
81 90 54
70 44 40
74 14 24
78 18 78
75 27 57
29 8 60
90 65 5
73 45 95
80 5 8
98 100 98
95 89 22
81 53 84
18 71 91
42 63 16
45 11 85
63 87 57
21 98 56
99 48 32
73 26 1
84 84 67
57 48 89
7 90 7
97 54 55
92 27 33
15 77 14
63 23 35
30 17 20
32 8 83
49 86 1
3 55 9
81 73 92
55 27 84
2 8 63
86 80 73
72 76 17
19 5 91
56 16 98
24 66 85
33 9 97
99 37 48
46 79 79
51 54 28
64 67 73
18 3 17
67 75 57
29 31 75
53 54 47
34 60 45
2 24 28
74 33 40
4 46 36
70 25 97
20 88 62
72 9 20
79 25 58
91 78 61
1 60 55
93 68 84
25 91 24
18 35 18
27 77 72
60 30 49
43 63 3
82 35 41
30 81 79
98 14 95
49 50 41
8 62 23
40 3 23
9 100 98
40 89 39
10 5 65
43 4 44
8 39 17
86 26 29
67 39 25
61 44 98
31 98 42
65 90 20
64 43 31
65 93 52
28 32 48
20 74 98
99 43 2
100 89 60
15 52 71
33 56 48
12 44 59
38 25 51
77 20 68
80 55 12
27 70 45
24 31 4
16 14 74
49 6 76
20 83 21
30 36 32
18 30 95
8 44 99
79 74 96
19 100 96
80 5 40
45 32 67
65 27 13
4 47 15
33 65 31
35 58 72
48 61 48
93 2 43
79 92 35
96 60 25
73 68 83
12 66 100
52 74 56
61 20 58
23 65 50
51 77 77
34 27 75
19 77 82
64 72 41
68 100 73
42 78 97
96 86 52
46 72 59
40 36 17
51 20 75
10 97 23
3 75 89
37 74 19
87 88 59
43 32 9
70 62 89
22 5 89
99 27 80
38 46 9
50 98 10
21 42 85
78 28 36
83 18 79
82 45 35
82 77 62
67 34 78
91 81 55
43 27 51
82 47 41
36 75 89
17 83 22
11 69 58
60 99 14
31 43 37
25 97 80
19 89 80
63 83 81
76 88 62
8 31 21
51 24 66
16 20 55
37 20 90
90 47 46
41 58 7
19 54 15
29 59 35
87 11 65
86 73 69
37 45 95
24 89 95
100 23 27
75 87 40
56 79 86
34 25 8
10 77 56
18 17 51
29 74 2
30 10 94
75 27 86
18 64 73
42 62 8
42 99 95
82 94 4
91 70 30
85 76 83
73 90 65
89 47 12
35 61 50
69 48 81
82 37 80
95 67 46
69 98 46
99 53 35
86 90 91
40 73 55
79 32 59
56 10 37
27 23 53
48 76 72
73 73 18
20 41 76
100 15 75
39 39 33
79 67 42
40 33 60
11 83 95
96 48 46
6 42 43
78 84 6
2 64 28
77 71 88
43 92 67
28 37 15
12 71 61
57 17 50
96 48 76
39 69 60
29 88 85
14 62 92
4 33 80
66 32 87
43 39 1
49 55 75
77 22 18
78 67 37
15 60 78
76 76 61
83 25 19
66 70 89
20 68 33
45 20 92
87 47 9
21 19 97
78 4 23
80 67 82
10 13 78
62 98 36
8 19 16
6 19 30
35 86 93
61 84 26
86 77 52
64 58 30
29 53 97
5 38 39
8 2 60
98 54 86
42 53 56
27 84 52
99 34 60
19 9 29
97 51 60
15 72 27
14 28 28
29 27 91
3 62 71
34 97 10
30 88 88
26 65 26
36 60 11
46 61 3
86 84 21
96 74 21
26 29 44
10 49 56
51 86 51
81 73 55
50 67 70
98 21 93
82 66 35
86 30 42
6 36 69
96 67 43
75 2 84
84 75 90
34 88 50
92 70 88
20 30 6
87 85 75
44 1 16
17 54 59
1 100 66
66 91 53
17 80 63
87 55 7
31 98 2
78 71 45
14 35 85
43 40 4
20 12 63
41 8 59
18 7 99
23 35 46
22 87 86
48 14 22
3 25 68
69 23 53
67 18 73
19 11 59
69 67 20
39 27 94
13 61 65
1 49 64
93 41 49
95 5 88
16 71 53
88 89 81
79 68 68
73 35 99
29 68 5
5 14 64
18 95 28
42 40 27
78 23 93
39 56 47
35 69 9
9 86 51
38 50 4
72 67 26
83 33 4
32 14 66
4 31 12
41 22 88
26 9 35
83 19 7
4 51 89
39 65 4
81 86 34
2 80 65
42 10 61
9 11 76
96 66 42
43 16 95
95 25 44
45 2 79
7 48 68
34 61 48
25 18 39
65 92 80
78 90 80
58 2 89
45 79 28
33 44 93
68 9 54
18 34 51
95 9 50
25 61 78
21 21 75
95 87 49
96 41 95
7 59 39
94 78 69
22 75 62
2 59 82
15 89 11
14 62 18
49 74 66
33 18 17
12 98 100
5 22 24
83 63 34
32 96 98
28 38 4
31 55 53
81 16 32
50 64 84
57 54 21
15 53 64
93 88 22
11 54 52
35 77 2
56 88 78
40 65 5
97 13 42
45 3 71
90 77 9
65 87 85
49 60 25
35 78 74
16 72 6
75 15 98
97 96 34
6 10 69
59 61 10
69 19 50
66 55 58
6 40 58
55 27 59
43 90 75
13 3 22
45 97 2
76 90 55
29 56 55
3 87 43
9 3 17
34 28 99
56 45 78
21 72 67
64 77 14
20 14 93
59 58 10
42 99 36
75 63 76
88 30 99
25 61 91
66 39 81
80 12 19
9 58 17
40 48 78
73 90 53
100 32 48
27 34 72
13 69 67
68 94 47
48 16 51
99 45 12
18 73 16
22 38 99
9 59 62
36 52 11
81 97 37
48 32 96
96 22 67
48 3 66
28 86 58
13 85 60
99 8 72
52 19 54
28 31 90
75 54 29
12 98 74
35 91 9
39 8 58
17 46 67
20 11 51
22 50 77
61 20 62
22 3 29
68 36 25
56 47 56
27 92 39
9 86 91
58 29 54
29 51 76
97 77 38
36 32 98
22 74 13
7 42 80
98 28 80
20 82 89
39 77 42
29 50 71
94 57 98
70 70 67
91 46 83
62 33 78
22 76 28
11 31 70
33 83 70
91 47 24
4 14 55
92 35 19
61 90 96
10 15 15
28 11 5
41 99 38
26 29 11
45 12 8
95 72 56
29 8 77
90 84 83
73 34 80
78 67 44
88 49 99
79 54 95
16 29 96
82 1 47
72 45 74
56 93 60
39 78 100
4 87 86
30 10 42
37 89 28
54 66 38
41 88 10
2 25 21
27 69 74
8 67 22
9 84 6
11 2 74
65 56 28
7 34 55
96 43 39
4 87 77
96 44 79
14 45 46
84 67 30
95 22 20
56 99 85
68 63 65
4 9 87
7 12 70
26 24 62
94 80 76
13 61 18
81 43 18
41 1 23
20 48 18
49 64 38
68 19 3
41 36 20
24 60 88
1 5 61
4 96 99
43 32 45
4 44 33
72 35 74
3 18 33
15 16 53
31 35 6
46 95 75
60 31 81
100 35 55
37 8 45
50 2 21
45 75 54
34 63 69
98 17 91
11 57 25
46 70 40
65 22 51
58 86 30
89 27 53
82 95 8
86 82 75
37 57 71
12 57 33
11 15 51
28 70 27
90 3 21
83 78 56
59 50 2
10 3 34
57 50 9
71 78 30
71 22 64
84 29 16
87 91 54
98 90 66
34 71 85
70 36 47
79 52 47
56 86 42
32 98 82
79 90 91
17 63 20
81 82 99
50 73 1
63 67 67
45 23 56
51 48 96
26 41 82
84 94 80
22 91 59
13 83 28
76 25 22
75 31 64
42 59 60
25 58 19
7 98 79
32 94 74
99 48 22
20 100 82
82 57 81
75 91 81
83 14 52
44 18 45
66 40 86
68 90 74
21 5 70
47 86 80
5 35 96
84 80 55
92 74 13
98 89 9
44 82 82
17 24 87
36 37 95
99 26 15
48 5 51
58 58 21
41 30 2
91 71 36
88 33 99
85 70 97
1 45 39
58 65 93
26 77 32
99 80 82
83 8 46
12 90 100
22 76 10
78 27 24
76 98 23
90 8 56
47 65 69
48 11 16
70 10 5
80 73 78
95 25 11
32 32 11
72 100 50
7 81 4
53 6 12
48 48 15
65 90 94
99 63 72
78 91 13
2 5 35
13 39 69
9 48 30
24 16 92
17 76 80
48 59 43
56 100 63
12 55 34
10 95 85
62 48 43
82 18 90
93 28 6
82 37 34
57 85 19
79 5 26
72 7 73
30 81 57
43 60 34
18 56 82
59 9 35
6 55 11
35 2 32
83 56 5
39 51 86
37 67 50
99 6 5
11 64 77
97 38 45
71 10 69
56 72 8
25 91 44
28 21 11
98 12 37
64 69 55
85 62 48
5 80 45
47 13 70
61 14 78
68 54 94
42 61 90
53 59 20
6 33 61
17 88 63
41 61 36
47 64 84
73 4 70
74 34 42
70 19 66
41 97 9
96 94 69
24 3 65
33 40 81
98 94 23
9 7 42
90 82 23
70 50 25
36 82 26
68 23 37
38 34 31
30 45 1
31 2 49
94 11 79
15 16 44
93 51 27
46 22 85
76 17 40
86 56 41
61 3 41
77 6 14
16 61 64
6 36 1
91 38 64
47 8 51
8 58 88
87 68 82
46 35 21
10 8 57
20 74 13
60 57 10
99 74 94
32 73 76
53 12 26
82 42 70
27 95 1
75 29 44
65 91 80
91 37 59
85 40 12
44 54 77
43 11 38
71 78 49
13 3 73
95 58 3
11 62 65
36 67 75
91 41 98
37 73 32
9 32 28
73 57 34
87 8 60
79 77 8
97 77 32
13 88 91
87 37 39
68 34 51
83 71 79
6 9 62
87 34 5
92 87 57
6 73 14
48 81 7
69 74 76
51 24 59
81 60 94
99 53 29
85 57 26
22 69 16
84 36 69
49 28 4
71 22 77
99 87 7
9 89 5
96 24 82
16 30 50
6 80 61
91 49 61
54 95 86
23 5 14
92 64 61
91 42 67
30 33 7
7 20 47
68 50 62
98 71 36
17 65 99
41 27 24
55 5 11
11 83 15
84 67 83
8 90 73
14 54 58
11 15 21
47 23 66
52 36 49
32 73 52
65 33 53
72 7 93
57 26 4
90 23 87
71 63 77
19 17 81
77 3 69
36 61 48
41 67 53
19 72 71
47 19 58
55 43 82
58 80 37
35 90 80
23 4 55
82 8 23
50 25 94
98 99 76
19 87 42
53 70 33
94 3 65
29 96 97
64 29 100
23 57 55
21 53 68
98 76 69
17 69 82
38 49 51
34 81 40
15 95 5
32 76 60
90 87 17
49 96 63
21 40 77
21 32 9
45 31 4
22 96 1
34 76 12
94 55 50
74 71 49
100 51 75
22 76 64
43 4 2
50 11 3
8 12 95
16 34 96
72 42 28
71 34 76
33 29 82
11 4 82
87 56 47
77 75 24
43 10 3
77 86 97
32 12 58
94 25 76
21 87 73
31 27 98
57 76 96
36 67 57
12 55 50
26 15 1
18 100 87
95 5 10
99 83 43
92 1 37
40 17 65
11 8 43
52 65 35
24 54 68
76 59 80
24 57 47
21 22 48
9 60 7
97 28 52
90 69 30
68 99 85
61 36 20
43 53 2
35 12 11
82 18 16
85 48 26
83 69 14
41 44 27
96 73 98
65 52 1
41 73 48
17 54 11
15 19 22
14 96 51
89 96 30
93 13 9
93 85 17
99 41 47
28 88 36
91 91 2
26 59 95
63 43 13
84 26 17
98 18 35
56 79 30
69 57 3
58 13 31
100 13 30
34 58 56
57 40 40
15 92 67
56 53 68
87 81 35
67 83 5
51 77 51
40 45 6
76 71 34
64 43 65
47 65 75
12 60 36
67 71 83
14 70 19
44 26 84
68 69 6
12 86 61
45 26 19
93 47 63
60 30 23
72 3 69
48 35 13
34 23 35
1 63 67
83 21 28
22 89 68
57 78 71
32 90 42
49 27 65
30 29 11
75 29 42
91 25 22
4 96 20
48 3 27
24 34 62
75 29 89
73 94 1
39 6 28
67 6 15
31 14 99
26 88 35
75 32 8
84 90 88
40 80 90
59 9 30
36 79 55
2 19 86
78 73 50
2 95 78
27 47 20
96 84 51
74 21 95
33 22 83
69 65 94
68 43 39
52 8 58
90 67 57
33 66 15
53 22 15
47 78 63
22 94 83
96 9 18
62 12 56
1 32 32
41 54 76
16 32 62
30 53 25
100 62 91
37 88 29
33 35 38
63 87 81
55 83 88
63 38 93
50 29 68
24 23 78
86 69 46
1 36 27
65 80 10
45 52 27
45 52 12
40 77 12
67 23 3
82 74 99
92 100 16
29 64 1
3 54 43
25 57 71
40 73 92
87 76 32
52 77 35
34 36 22
55 16 56
17 33 35
19 50 18
20 32 72
14 42 54
40 34 87
31 44 57
72 28 75
82 71 14
88 59 41
84 64 100
36 92 29
21 64 15
7 88 31
78 14 97
68 3 19
87 94 58
2 77 95
36 94 40
25 52 95
66 35 36
6 29 94
90 71 28
100 23 46
41 36 71
18 24 14
67 2 72
8 45 75
83 92 51
100 18 60
62 70 2
100 10 24
59 32 60
81 42 68
55 88 30
65 95 20
97 66 21
75 66 96
34 41 54
2 30 85
93 32 47
77 17 79
68 88 23
65 15 51
34 64 94
24 41 46
10 98 81
70 58 94
37 46 7
85 8 1
29 17 85
92 78 44
32 82 51
46 65 95
8 64 74
68 66 18
26 39 12
87 24 41
12 48 42
77 27 73
38 16 3
49 18 74
19 8 54
32 48 49
97 98 2
38 7 9
98 25 36
31 19 8
89 35 92
83 83 76
34 98 33
58 96 70
17 45 14
60 57 40
25 35 23
28 39 5
99 54 57
6 48 54
86 13 48
78 58 24
57 45 47
9 43 10
12 17 87
71 21 51
42 51 36
42 57 10
41 83 79
70 77 70
18 41 5
63 46 42
86 17 15
97 52 85
57 10 34
86 84 87
19 11 94
27 25 71
78 96 42
41 19 29
31 88 59
36 2 90
32 2 69
72 9 42
7 16 96
88 7 74
78 9 60
43 47 48
13 65 47
11 25 7
91 93 50
10 77 55
73 37 50
6 3 1
93 9 71
4 85 55
69 37 80
34 22 8
59 98 2
13 34 41
54 73 87
84 22 100
66 29 36
20 40 65
2 4 26
79 75 48
75 31 75
79 53 82
85 24 74
56 73 58
10 1 73
4 41 41
9 10 18
15 27 33
8 86 39
76 54 28
57 89 40
29 26 22
83 13 77
73 19 73
77 66 21
42 33 22
5 23 46
93 85 26
18 69 74
89 39 50
33 51 45
42 45 56
9 73 72
77 72 49
94 93 73
88 13 46
77 76 26
100 42 41
15 78 59
19 18 12
26 20 50
71 51 53
30 1 66
75 95 70
73 33 76
73 23 32
64 53 40
45 41 66
29 98 16
85 12 57
61 10 58
97 18 10
49 33 33
85 43 92
42 51 83
42 39 40
92 92 96
22 32 70
99 79 97
85 92 60
31 86 59
42 54 80
69 16 5
75 2 100
19 25 1
16 84 44
57 41 49
31 41 67
89 16 9
51 28 86
58 70 90
34 93 18
33 34 83
50 55 92
12 91 4
68 52 49
18 66 9
8 94 47
19 59 44
5 89 83
96 90 66
26 29 92
2 24 60
97 36 28
33 39 12
36 93 19
3 67 52
4 8 82
34 61 27
53 27 80
73 36 33
58 14 1
63 5 15
33 81 69
55 48 65
26 9 22
81 83 5
90 85 54
86 85 85
16 92 71
65 3 48
95 3 14
53 67 54
33 57 42
78 86 93
100 100 58
86 53 86
58 70 47
11 43 78
82 94 58
76 63 35
41 96 88
24 98 30
23 57 58
15 91 92
95 64 81
24 45 74
60 56 13
64 5 18
19 97 77
31 69 83
64 57 9
47 77 51
71 4 25
94 48 32
95 81 83
67 13 81
12 83 69
69 67 21
44 51 60
8 71 68
30 19 98
100 100 75
96 74 7
58 57 90
86 55 100
98 94 81
63 9 18
53 80 21
67 17 97
20 90 75
35 37 69
77 62 73
83 35 30
84 66 45
99 53 89
11 96 76
97 65 97
26 71 19
71 62 53
7 71 81
55 29 12
75 78 55
76 45 17
5 53 9
54 14 71
43 39 14
92 86 36
87 2 62
82 94 13
27 42 9
41 20 92
22 30 60
98 71 72
91 57 86
42 47 24
100 90 81
28 90 43
91 71 21
71 73 28
50 15 60
92 30 14
9 60 11
21 44 73
61 99 89
11 42 48
89 88 51
78 16 42
32 50 20
56 27 91
12 37 63
71 52 85
30 22 60
77 29 7
92 59 63
12 18 60
60 4 94
90 3 22
13 59 3
63 66 57
46 44 27
3 8 13
85 74 42
47 6 60
25 73 13
72 72 39
19 99 32
70 4 64
77 62 5
46 72 83
8 22 25
31 93 41
19 67 7
100 12 23
66 13 7
17 23 99
32 80 41
60 92 77
35 85 61
24 45 70
72 48 16
10 91 82
2 77 16
15 76 20
59 48 34
52 16 12
93 22 94
74 47 7
59 98 47
18 90 69
70 32 44
9 45 22
32 74 19
89 18 32
65 49 58
82 73 42
37 13 91
48 52 93
31 57 12
48 14 48
20 47 28
4 40 95
70 77 66
76 78 62
31 57 30
84 1 97
38 48 83
74 63 79
85 100 54
58 87 58
63 7 89
89 19 13
71 71 65
81 43 60
27 38 40
48 82 22
64 56 46
7 17 4
73 75 34
61 85 39
47 21 91
37 5 12
78 86 46
66 77 89
51 52 58
55 15 45
30 5 36
97 18 51
5 55 69
74 10 81
90 86 94
41 39 55
12 61 84
68 81 19
49 6 9
24 70 85
49 97 21
64 23 88
68 68 41
75 75 77
45 19 53
5 56 68
88 79 4
69 89 18
90 46 16
83 7 41
1 45 73
4 55 38
82 68 50
91 52 26
47 89 77
33 93 11
78 92 52
82 95 31
62 45 82
63 44 43
39 51 61
84 20 4
14 82 16
63 68 23
100 31 6
40 59 19
66 76 73
90 23 41
67 65 70
77 15 47
97 84 41
5 6 18
80 57 55
20 20 48
64 43 86
87 43 73
42 29 75
99 39 62
64 62 77
5 94 73
29 60 34
14 86 40
47 49 32
66 12 12
35 74 32
90 59 21
95 11 11
6 17 33
28 97 85
58 85 98
89 13 50
79 14 79
70 78 96
16 54 48
94 60 20
50 46 14
84 82 4
32 58 86
97 23 50
45 8 47
74 60 43
69 66 41
61 32 33
9 78 43
35 75 26
77 24 98
9 33 59
62 13 14
33 7 96
72 48 75
74 46 55
98 41 98
62 45 89
33 10 15
37 29 9
90 54 100
94 70 34
67 86 4
33 29 69
40 67 25
90 1 29
93 30 60
97 59 11
68 41 13
15 4 74
9 76 72
34 10 77
36 48 5
56 9 43
55 35 28
16 78 58
82 51 12
4 79 46
97 81 63
95 15 24
31 20 4
99 22 4
100 40 91
45 45 43
34 15 81
67 30 46
47 88 46
42 87 14
34 89 67
78 62 34
99 30 28
84 8 21
29 66 48
68 98 22
34 3 14
71 8 42
58 12 7
61 23 50
12 36 13
67 81 19
43 44 30
61 32 35
16 96 44
31 76 31
78 86 22
26 73 70
89 3 12
41 88 16
17 78 1
97 24 30
37 99 89
5 57 90
63 5 91
19 47 32
25 19 86
37 90 78
66 29 73
66 40 22
15 49 48
64 49 96
47 90 62
56 43 19
87 53 28
94 69 39
30 72 39
22 2 68
37 34 91
81 61 85
6 70 56
40 81 45
5 25 77
47 29 67
80 43 54
12 93 78
14 36 38
82 88 88
17 13 56
30 65 22
55 65 17
59 18 67
49 16 36
63 12 58
70 92 25
2 47 23
55 69 30
100 89 9
56 72 78
89 30 44
94 26 35
43 19 49
55 93 38
28 16 49
3 97 49
4 38 73
100 13 42
65 47 75
92 78 43
58 23 28
98 78 23
51 13 74
44 94 30
1 80 36
9 18 4
1 86 48
34 66 66
50 78 22
48 3 38
75 93 3
24 36 33
9 94 10
40 10 35
67 14 81
60 37 35
79 98 82
28 70 95
23 25 47
92 12 4
87 9 2
44 13 23
59 95 61
55 17 82
22 98 86
76 2 40
60 3 45
41 58 58
32 83 7
1 71 3
34 25 92
63 50 98
81 92 84
21 58 10
26 1 10
9 31 39
75 23 72
35 2 91
13 55 79
62 48 18
47 94 62
10 99 88
93 13 24
29 8 13
38 1 70
60 10 89
54 11 10
28 12 89
31 97 68
32 48 100
51 38 14
100 96 65
11 91 86
48 30 68
29 20 17
37 79 80
38 21 49
37 42 25
51 24 41
83 77 17
22 16 32
48 32 78
92 12 57
74 64 81
80 56 37
91 96 13
31 83 58
93 58 68
34 68 63
71 24 88
83 18 77
88 40 65
51 31 47
12 36 77
10 3 17
38 76 50
85 11 2
65 46 86
48 46 20
90 57 37
92 94 65
88 41 86
13 78 55
48 38 65
41 100 92
82 44 61
35 100 96
56 40 51
12 61 58
85 45 51
31 94 73
21 35 85
7 69 8
48 13 77
12 3 5
79 63 34
42 29 82
26 21 41
50 52 92
20 76 25
4 53 74
63 31 63
91 83 86
24 72 25
60 50 18
55 80 51
87 23 11
61 5 72
48 53 97
74 43 93
21 5 12
53 82 58
32 41 63
93 16 97
89 57 64
13 26 86
79 13 14
71 71 82
55 88 88
55 4 9
52 35 86
86 23 83
5 17 93
59 62 58
11 83 26
96 55 24
1 88 32
84 61 94
87 44 90
87 4 23
58 20 77
91 75 53
97 37 59
74 15 87
45 93 29
100 21 61
53 37 45
68 18 3
13 70 90
9 45 34
71 85 32
44 75 73
90 75 34
53 65 10
71 41 22
52 39 19
60 77 15
88 58 61
59 53 61
43 20 82
37 59 33
41 50 86
96 31 15
43 45 21
45 47 52
96 98 7
95 27 25
96 57 68
17 4 89
50 4 35
58 81 100
98 77 62
37 8 100
53 40 65
18 87 2
70 92 40
50 72 48
24 14 100
9 42 72
37 7 22
43 77 64
6 94 98
12 62 70
92 96 83
90 8 35
54 29 36
27 63 66
19 45 73
85 8 11
51 17 46
41 37 75
11 11 57
2 6 18
9 64 78
56 98 89
40 57 79
88 63 75
38 72 97
18 48 24
93 93 77
94 10 68
6 13 63
65 34 17
55 38 11
54 12 98
3 37 99
25 96 62
79 23 67
13 46 36
1 97 77
47 98 62
52 80 48
81 16 10
31 6 93
18 32 38
43 94 38
60 26 78
19 35 67
77 73 13
8 74 25
21 40 17
61 69 29
11 61 79
76 13 18
68 66 35
59 27 80
28 54 6
96 11 91
61 7 79
83 1 48
87 46 25
35 39 78
1 17 22
74 85 44
43 79 16
4 68 97
51 100 53
56 14 63
93 34 72
31 46 45
21 45 44
89 16 38
97 44 30
18 4 71
13 9 17
28 88 70
14 91 94
36 65 12
46 62 93
45 3 15
83 64 14
64 45 5
25 64 12
97 52 78
79 5 17
54 63 33
3 92 97
8 33 71
38 34 1
33 81 45
80 85 19
95 80 45
76 9 33
62 52 32
1 64 15
8 7 91
37 87 67
79 83 70
100 18 4
77 68 43
70 10 34
56 50 76
25 56 35
82 43 88
61 51 95
81 58 16
90 7 39
29 84 60
11 76 51
3 80 95
59 93 21
35 67 100
43 68 52
66 3 40
7 84 23
57 17 85
21 18 9
39 87 87
76 80 90
26 40 61
1 25 71
92 12 14
49 23 72
35 97 49
79 52 27
38 25 28
91 24 66
59 4 95
90 50 56
35 26 10
97 27 51
63 49 20
4 85 81
89 10 87
71 45 73
62 59 90
71 84 35
14 8 98
14 23 32
90 76 84
35 89 22
3 61 32
28 10 14
5 92 47
60 50 95
41 96 24
7 28 55
48 74 84
87 69 29
50 45 60
49 73 43
75 8 30
85 60 98
53 12 64
78 8 97
97 39 8
12 36 9
59 98 72
52 76 75
68 29 26
14 31 98
78 45 55
29 41 43
6 65 59
20 22 40
51 4 60
21 85 43
55 95 96
25 92 9
9 64 64
44 2 74
99 96 85
54 29 41
68 51 32
68 14 19
84 22 47
98 99 33
100 34 49
71 26 76
34 66 14
47 79 33
39 3 22
28 82 10
99 87 66
68 64 34
20 54 38
44 23 35
62 47 21
13 18 8
56 34 25
33 90 22
44 86 69
30 75 63
27 92 17
33 35 36
74 52 68
42 12 44
3 69 65
12 65 60
35 47 66
46 32 82
30 79 14
8 74 60
76 54 91
93 3 53
19 25 10
72 41 34
15 21 8
1 73 14
62 39 30
49 41 40
37 43 28
93 78 37
41 33 60
41 86 74
95 46 42
93 41 20
47 67 70
28 22 92
16 31 8
11 13 61
50 70 47
17 71 29
87 26 63
52 8 60
93 30 98
47 17 72
97 36 67
1 57 66
59 29 57
56 85 72
64 18 61
98 64 41
84 49 13
62 83 2
9 58 67
39 83 93
26 66 50
88 56 58
42 69 65
5 11 34
3 47 10
24 35 91
24 96 13
44 54 98
97 60 27
36 1 66
22 73 79
36 34 18
84 28 67
11 53 77
14 15 84
74 7 93
24 73 34
99 19 46
94 58 3
30 25 96
82 1 83
75 25 70
40 71 35
18 52 56
44 36 66
67 52 64
39 38 47
11 39 47
84 30 15
66 84 36
31 34 47
21 19 97
37 34 84
82 56 92
66 21 43
66 98 66
70 95 41
62 89 89
81 65 51
89 45 6
26 28 80
82 95 40
92 37 74
54 8 27
50 40 63
52 81 16
83 29 38
72 95 18
33 96 42
71 73 46
30 7 68
54 30 93
52 71 7
8 69 55
80 24 42
99 24 77
6 93 44
42 94 57
91 23 18
44 64 48
82 74 58
13 68 59
14 64 18
72 83 97
61 53 34
28 56 55
26 84 25
80 14 50
17 19 63
68 9 93
13 73 63
11 46 48
74 95 85
96 91 48
91 69 24
61 89 64
3 22 66
74 86 25
53 8 83
25 70 52
27 59 15
42 31 50
81 77 73
38 43 55
34 68 74
81 16 25
19 100 23
77 50 65
84 1 22
20 43 12
74 54 71
99 6 72
98 98 63
92 62 7
36 93 92
4 20 98
75 62 39
69 78 70
12 70 1
80 3 33
24 31 38
78 25 87
34 30 36
67 46 82
63 24 57
26 4 40
31 97 55
84 35 2
17 70 3
74 23 94
42 67 94
31 19 64
25 85 5
69 62 48
81 12 74
46 13 46
88 34 57
66 44 7
83 81 40
91 28 55
16 53 28
27 7 47
6 31 3
92 81 87
20 39 20
98 95 18
29 42 57
27 92 49
87 98 37
30 73 89
10 5 96
22 82 24
31 19 38
30 11 49
41 42 97
90 43 12
74 84 46
23 10 77
8 44 4
50 18 39
23 50 42
22 55 91
47 24 2
68 98 82
7 58 95
27 16 78
48 70 6
17 8 91
19 17 58
35 60 73
95 34 34
7 95 87
31 54 100
40 37 62
98 2 30
81 8 53
85 5 5
27 25 53
88 79 56
85 56 53
26 61 66
16 12 97
43 63 61
73 79 76
51 45 72
94 22 86
33 32 60
21 55 88
54 98 83
82 82 11
90 84 44
82 45 21
73 4 63
55 31 3
40 40 22
39 34 7
2 99 58
88 58 13
74 42 54
56 93 33
8 18 14
14 23 100
61 26 96
4 24 69
85 57 81
23 75 5
78 94 6
4 88 17
22 66 4
16 16 71
69 41 70
24 4 15
28 31 8
14 16 33
12 34 87
70 88 32
67 70 49
36 63 51
82 67 49
62 10 91
73 59 32
64 64 65
92 47 43
49 36 39
62 79 49
37 4 3
99 66 3
3 59 33
93 23 26
18 96 72
49 24 58
60 9 60
9 10 18
8 22 19
99 55 61
10 39 61
54 48 30
37 40 94
52 19 70
52 8 29
33 84 22
8 62 90
29 71 95
10 53 88
80 9 57
89 42 30
12 94 53
22 6 65
68 66 31
29 19 69
54 44 52
40 61 11
28 89 18
3 21 41
40 51 10
82 53 2
15 29 50
26 11 76
16 89 34
32 61 35
70 79 21
83 85 28
57 76 43
28 68 28
21 42 7
40 46 57
87 51 13
40 67 11
23 10 12
81 58 36
28 63 38
11 61 10
47 16 85
45 37 46
38 44 6
98 78 31
31 9 4
34 99 23
82 84 64
42 83 28
24 47 32
47 89 1
85 20 34
88 11 58
40 67 56
26 10 5
66 60 70
51 36 39
47 59 61
67 100 78
40 36 43
64 70 39
3 89 91
15 36 79
6 74 38
11 46 70
61 83 45
38 63 32
24 80 56
3 82 65
66 82 98
21 3 87
4 33 13
10 47 47
48 82 34
42 62 73
70 7 72
63 13 91
58 45 41
19 27 73
55 62 83
85 26 59
45 55 3
49 77 3
99 5 73
98 81 38
53 94 86
12 41 4
1 52 92
76 79 62
3 77 64
16 1 75
7 51 83
55 72 6
38 36 98
66 48 84
74 42 75
6 43 92
30 33 69
29 85 93
70 66 51
87 48 91
16 100 50
19 32 1
67 21 87
61 55 58
84 39 88
98 73 62
74 48 59
29 50 36
64 85 93
77 42 94
63 79 72
83 36 55
16 99 27
26 16 87
51 28 1
99 91 20
92 37 48
19 5 90
72 17 52
25 65 76
50 3 22
88 79 77
79 17 34
39 41 31
8 7 31
4 17 23
99 98 97
8 39 65
69 30 26
64 13 75
68 19 83
36 42 84
47 76 53
25 41 83
66 39 76
16 61 73
82 33 21
60 38 19
4 4 63
67 36 22
5 100 60
78 57 60
27 90 55
4 52 30
26 85 64
58 21 87
20 84 14
97 41 33
48 88 49
48 66 66
63 45 53
100 39 80
72 35 13
96 75 99
80 93 60
56 56 61
72 33 26
98 34 19
34 17 25
29 29 91
57 28 95
40 89 7
88 7 97
62 33 1
57 46 63
76 83 94
67 19 86
59 31 92
81 3 66
52 62 16
85 58 55
35 98 4
18 94 96
38 94 93
51 81 51
47 59 79
32 88 97
10 39 80
96 11 64
97 30 88
94 61 59
39 84 25
67 1 35
30 9 23
68 68 51
1 62 65
96 62 79
25 90 73
88 88 36
84 57 96
37 49 21
19 20 25
60 99 60
55 96 23
40 50 75
18 33 9
53 37 17
94 89 1
44 63 11
22 67 63
48 67 40
14 33 21
23 71 63
21 36 86
12 96 36
57 100 98
58 83 10
62 86 61
65 6 85
96 27 79
38 36 37
35 88 65
70 60 33
67 1 41
15 100 67
1 36 2
12 99 66
9 12 24
12 57 19
89 62 36
53 64 8
85 8 47
74 13 77
48 81 60
37 72 51
65 57 28
58 74 85
32 99 97
77 63 84
81 92 84
89 22 72
45 37 100
74 3 88
18 9 15
26 99 96
68 41 64
89 31 14
71 95 37
41 87 82
43 84 15
49 8 68
62 37 66
68 89 68
68 63 8
18 67 59
34 11 42
57 76 71
76 84 50
51 8 59
71 37 38
24 30 51
75 17 35
33 16 18
44 16 73
6 33 48
28 75 37
27 47 19
73 20 51
5 47 20
55 73 35
69 48 52
57 14 91
12 59 72
9 91 5
80 21 22
78 26 72
45 71 13
16 86 23
98 61 50
50 13 23
55 98 32
8 41 7
33 53 46
64 80 37
1 83 49
10 68 18
51 14 56
67 6 7
9 49 59
56 80 38
68 81 12
94 86 29
25 23 48
11 35 25
56 66 69
90 73 46
17 14 40
97 38 13
79 70 89
83 46 94
28 99 39
10 58 94
9 39 86
33 14 27
17 25 87
31 23 95
77 94 22
81 66 65
32 28 37
33 40 75
63 35 60
26 22 71
79 45 3
24 6 84
87 4 20
31 87 75
42 45 2
93 80 84
16 67 52
76 45 22
56 60 96
4 4 8
66 54 20
51 44 14
77 26 1
27 74 81
44 37 27
75 64 30
27 89 16
91 5 28
77 29 68
3 22 35
72 82 42
75 83 54
86 69 9
56 52 16
64 15 40
61 37 4
82 16 21
4 34 64
25 81 25
30 8 25
54 31 20
41 3 7
91 93 20
60 16 92
25 10 68
78 17 46
59 50 63
61 36 37
71 49 44
85 65 94
57 18 30
59 68 4
77 46 61
12 66 97
64 64 92
7 89 93
87 56 70
25 92 78
60 7 66
72 86 5
39 11 51
60 25 49
13 32 30
47 35 69
30 74 90
68 14 24
99 80 40
64 89 84
35 73 60
70 63 84
32 40 88
85 93 10
83 71 1
70 44 63
21 67 65
65 70 95
94 9 95
65 71 96
56 73 45
36 29 92
33 38 32
62 30 38
100 15 34
4 85 82
54 90 2
62 39 31
60 49 14
55 43 63
10 45 23
74 57 59
87 84 90
83 60 41
68 16 96
61 94 55
71 3 33
78 26 83
85 93 72
25 47 6
80 53 26
61 97 72
58 57 51
23 6 61
26 93 74
97 17 72
22 11 86
69 79 44
48 23 87
23 97 81
18 62 38
89 68 71
90 96 55
45 5 7
76 100 36
23 38 71
82 97 76
89 48 33
67 63 63
20 88 23
22 56 9
66 13 37
53 22 37
4 53 83
57 42 92
26 21 75
2 78 64
45 22 15
22 3 43
82 68 63
38 45 37
10 71 53
3 90 33
39 23 12
92 84 88
51 21 17
52 84 7
55 40 70
91 27 6
64 63 97
95 47 45
54 56 77
60 85 37
45 63 3
98 90 32
82 77 28
80 15 46
23 51 89
42 60 13
38 15 10
59 24 33
68 93 4
55 8 92
44 52 81
98 78 36
43 84 91
94 37 1
1 15 74
48 2 36
63 76 60
7 40 75
8 51 40
24 44 4
96 25 40
31 73 52
24 2 33
61 74 95
19 51 62
77 17 38
93 38 54
78 11 57
93 96 52
68 12 74
84 51 12
87 87 3
36 70 83
95 68 48
83 44 32
52 4 44
17 42 53
24 54 41
6 27 74
12 58 74
67 37 43
83 74 51
85 7 75
50 82 43
33 47 26
9 67 15
68 85 17
29 21 15
82 67 53
75 60 39
35 29 62
99 58 98
76 34 69
11 61 42
77 66 69
74 6 85
5 72 86
12 8 54
4 86 64
50 11 86
90 2 84
31 46 59
80 56 60
73 86 24
1 9 14
57 25 62
20 97 7
93 70 64
88 15 74
84 90 74
34 35 28
17 51 6
45 27 46
4 96 11
19 90 93
62 10 32
45 45 35
75 18 43
99 36 7
69 86 1
88 99 76
51 75 70
65 71 80
49 96 60
4 27 6
93 60 34
5 2 78
23 53 63
14 82 19
21 42 13
83 29 90
87 57 95
84 16 22
42 97 33
89 6 56
92 77 16
91 83 54
3 79 13
19 26 9
9 55 74
79 12 51
30 4 89
45 3 68
10 51 11
15 21 54
87 74 31
87 47 38
96 95 32
68 99 6
84 52 11
64 75 21
96 88 69
26 74 85
14 63 84
81 53 56
56 35 41
89 65 36
98 40 31
48 61 34
74 5 100
96 39 94
42 48 83
92 90 45
83 1 47
100 1 66
55 20 99
49 75 27
89 58 22
15 5 21
32 83 43
97 24 23
74 62 99
92 89 16
66 53 28
26 64 25
6 24 67
2 88 73
99 4 100
62 71 70
4 91 62
37 99 61
85 95 1
86 91 23
64 81 7
25 67 69
88 51 50
88 36 8
25 44 49
40 9 57
69 25 70
72 63 10
73 25 42
83 53 4
32 98 13
58 90 77
16 72 33
25 92 23
61 18 97
31 71 31
49 62 21
91 67 31
2 97 81
1 47 52
62 64 25
33 39 85
44 96 90
27 21 80
94 85 97
79 57 34
71 75 88
40 6 50
9 35 34
51 43 98
10 70 72
59 73 74
94 89 2
88 14 89
5 31 64
21 8 30
56 26 10
67 29 18
51 46 90
50 56 51
7 93 8
7 1 84
68 42 100
66 81 23
85 81 34
88 87 19
80 68 67
100 55 1
56 87 47
80 27 16
23 56 71
86 72 4
46 72 29
26 3 71
13 62 91
5 5 4
96 100 53
8 72 92
35 93 88
55 8 39
87 24 79
97 56 78
60 97 9
31 39 41
68 64 23
44 96 63
54 42 72
97 22 3
18 30 21
86 41 49
68 70 97
98 66 78
28 65 32
39 77 63
37 48 71
86 60 45
73 43 89
85 68 70
19 12 68
67 100 38
17 51 16
6 54 61
19 2 84
23 90 34
91 88 36
82 89 89
65 10 80
51 95 97
84 60 73
87 2 58
4 22 12
43 35 45
49 60 35
58 69 54
26 92 73
16 35 100
41 83 9
93 64 26
79 52 43
27 64 14
81 61 88
65 95 53
92 1 94
52 18 6
40 71 71
49 59 79
30 14 100
76 26 11
37 91 76
56 95 44
5 3 29
73 27 11
62 43 96
40 48 14
29 54 58
87 94 90
4 93 81
52 38 89
83 29 89
63 97 51
28 23 28
92 83 66
25 14 51
71 80 86
30 5 15
2 29 65
42 78 76
84 69 23
85 93 61
85 90 77
8 28 37
2 86 22
86 31 27
66 24 98
44 11 60
71 64 14
4 40 92
27 66 13
29 30 64
57 43 3
77 21 36
23 62 89
45 19 98
26 35 17
5 64 8
24 8 89
58 18 80
4 94 74
39 85 89
83 7 63
79 92 51
53 16 47
69 40 44
10 26 79
88 62 29
40 58 88
56 36 66
1 31 54
9 95 96
36 16 11
70 90 9
87 75 81
70 90 12
58 3 47
63 97 62
62 27 37
23 23 63
41 31 95
17 67 78
56 93 32
39 39 70
17 74 79
89 13 23
71 90 27
24 6 56
82 46 33
4 64 46
30 95 92
42 79 98
24 9 74
80 63 25
34 27 71
90 78 50
13 92 48
63 70 82
84 100 48
35 10 4
10 23 50
99 24 94
13 55 5
32 78 96
80 2 22
96 49 79
1 75 81
81 96 61
49 53 29
49 44 33
39 5 44
73 69 98
73 24 44
46 76 53
47 44 68
71 63 53
78 3 87
66 48 59
46 76 42
46 39 4
85 81 35
27 88 24
87 28 81
76 24 45
21 35 80
85 69 76
79 45 33
17 2 35
70 28 70
71 84 24
4 15 76
94 55 73
4 27 72
71 30 48
22 39 66
97 8 90
42 49 31
1 74 73
22 96 31
44 80 72
49 73 93
10 64 65
58 27 45
29 98 76
4 43 83
82 85 37
68 67 24
41 98 20
31 11 64
49 14 85
81 66 12
86 32 2
28 20 38
29 72 8
77 45 74
42 60 21
56 28 47
86 66 79
56 36 87
76 89 72
29 89 91
76 53 5
12 35 24
71 27 1
53 85 39
66 20 16
34 44 45
39 4 83
26 100 34
78 97 64
67 41 26
3 36 11
2 45 33
86 35 57
30 65 3
69 19 64
92 92 70
67 86 75
47 60 93
82 96 27
56 65 66
2 1 52
29 98 6
79 79 49
99 37 34
15 29 95
74 32 29
9 20 97
17 97 56
16 83 46
80 27 52
32 7 30
63 99 14
23 21 20
13 59 37
54 85 64
19 97 13
92 28 90
42 18 87
91 89 67
27 97 76
66 49 49
43 70 43
74 58 20
86 1 62
60 94 69
16 33 70
55 79 100
28 70 71
22 70 96
92 53 20
83 29 51
93 74 41
96 53 19
36 69 57
35 78 36
72 43 38
76 85 86
56 39 33
66 61 86
83 28 76
28 93 12
20 46 78
42 58 40
28 99 38
2 82 83
40 48 54
29 5 73
67 20 69
5 64 60
15 79 86
8 65 35
55 79 15
18 23 5
90 11 22
83 44 39
37 13 25
27 38 8
98 45 64
80 90 18
42 5 94
11 81 80
34 45 38
75 93 89
96 23 38
93 80 87
29 32 72
70 12 20
69 72 66
72 45 59
67 21 72
70 56 78
96 12 7
58 90 93
80 99 84
56 3 46
12 41 16
76 2 3
67 79 5
66 27 91
16 92 20
64 18 16
45 48 77
99 72 81
29 78 100
77 70 20
65 56 21
6 42 17
47 70 19
50 97 20
40 29 66
79 36 79
51 88 93
57 69 60
95 62 31
78 73 71
99 70 23
16 75 42
90 24 11
17 99 98
65 77 27
11 92 61
17 10 82
68 72 13
72 29 52
13 8 37
20 52 18
92 62 18
24 76 32
6 4 50
86 73 41
57 95 72
29 13 55
49 82 54
46 77 77
45 88 8
88 85 32
34 9 71
52 17 20
98 41 67
69 13 7
58 65 18
43 81 74
79 92 10
40 62 63
92 57 52
29 87 34
57 45 64
36 4 16
98 50 26
86 85 56
76 68 22
65 33 12
99 74 12
21 15 62
92 19 69
57 34 3
14 75 48
45 47 71
44 67 77
7 88 88
94 62 96
44 96 99
83 73 81
29 54 25
94 2 64
42 57 58
16 26 62
75 78 100
71 44 4
40 40 78
36 33 82
26 58 56
89 66 30
93 13 67
77 35 17
87 3 29
22 16 4
33 25 75
82 77 70
72 16 2
55 78 37
10 26 33
31 2 85
81 77 19
60 53 72
80 6 35
49 38 15
16 72 11
71 38 4
41 52 84
33 3 96
24 60 72
79 34 16
6 3 42
12 14 65
96 74 40
96 88 9
76 21 54
44 10 26
92 15 71
58 40 70
48 35 74
47 83 49
85 78 37
76 50 55
31 96 40
84 61 45
51 73 20
95 13 20
17 14 92
63 23 36
77 56 64
13 66 89
25 22 41
62 52 11
52 52 92
28 16 53
87 43 93
55 90 28
2 87 37
87 82 46
2 15 52
5 66 90
95 10 28
51 51 90
73 56 51
54 29 77
46 7 44
46 74 87
27 49 74
14 78 28
73 81 39
33 7 31
29 45 34
73 92 36
76 20 65
21 35 6
6 51 100
1 62 35
11 51 17
12 84 91
15 3 60
55 84 45
12 74 90
29 2 97
4 21 8
19 27 80
77 82 100
17 59 8
31 59 97
60 4 77
63 40 54
1 19 75
68 8 27
97 98 2
86 50 30
83 59 4
60 16 52
33 46 36
16 42 35
87 27 43
59 50 19
68 80 25
79 20 57
26 33 1
68 42 64
45 43 50
100 34 68
69 42 83
20 18 97
29 72 86
14 57 15
52 6 68
19 33 23
54 85 96
2 66 71
73 81 62
12 22 61
92 42 95
89 30 58
60 29 57
21 30 46
49 87 66
82 39 54
85 23 32
43 50 52
81 54 31
28 81 39
71 1 52
53 49 64
78 62 60
14 56 86
53 6 90
31 35 89
34 13 39
12 91 96
71 65 10
10 33 11
42 32 53
60 69 17
64 11 97
9 67 90
48 66 97
15 36 91
27 98 71
73 98 47
97 70 38
59 47 82
16 33 87
86 12 94
32 40 48
17 13 62
36 33 54
66 100 45
66 37 15
64 25 45
26 11 82
16 16 41
9 46 89
56 5 47
87 86 62
80 90 69
65 38 57
77 48 2
70 19 27
12 80 63
26 39 61
38 87 56
55 52 47
45 4 18
56 79 63
97 10 2
84 46 14
89 98 25
30 42 33
70 49 4
81 99 55
71 92 37
43 34 64
69 22 5
20 38 32
32 48 59
81 71 67
4 86 57
80 42 62
57 62 69
36 90 55
80 4 28
3 37 2
68 95 80
34 73 12
49 55 59
1 19 75
19 41 37
41 68 51
48 24 99
56 80 62
18 9 7
53 70 33
1 89 25
80 30 25
53 96 6
16 92 67
93 13 2
29 92 66
16 3 34
70 59 84
32 90 78
80 47 30
6 66 45
15 23 54
16 92 42
47 25 36
39 18 51
26 17 99
10 59 45
93 13 38
79 26 70
11 91 12
96 40 44
31 72 28
57 38 100
73 81 24
51 22 16
2 36 43
94 34 34
77 34 35
38 79 40
78 63 60
72 39 66
38 88 89
84 88 42
7 93 2
65 55 37
74 10 16
40 31 64
1 32 88
40 41 67
97 15 68
41 14 21
51 74 58
9 59 64
34 68 96
41 33 87
46 23 7
4 21 18
39 10 82
28 73 97
21 21 24
33 30 12
41 90 14
9 19 74
61 88 6
67 76 43
2 75 66
41 31 71
95 91 52
69 40 95
28 99 79
100 80 81
9 96 72
9 18 82
26 68 43
6 59 2
65 96 52
44 9 35
84 55 12
42 26 36
67 96 21
83 100 50
74 65 62
24 46 98
49 41 71
4 13 84
34 3 15
97 2 26
98 4 53
96 25 24
21 58 19
34 91 62
68 79 21
71 61 67
17 85 74
84 23 31
35 3 74
63 13 44
50 92 91
13 48 89
56 72 22
31 59 97
4 41 35
57 18 15
10 59 57
11 4 57
18 24 29
97 98 60
95 40 34
47 83 87
78 60 29
80 77 87
35 91 51
53 1 38
15 15 67
59 95 15
24 85 64
52 78 27
93 95 63
92 29 41
85 46 42
41 32 3
51 61 43
56 2 54
19 72 47
20 12 43
4 37 67
22 46 72
2 66 66
61 29 51
6 34 15
85 8 53
5 45 10
55 14 39
45 55 66
48 100 47
2 86 67
64 75 74
47 9 17
23 19 66
85 94 74
92 5 55
47 39 10
63 61 31
86 16 24
34 14 18
6 76 36
11 38 95
61 98 98
60 100 45
68 29 69
26 38 7
76 10 13
87 71 23
12 85 71
68 52 16
19 59 88
72 83 79
95 19 85
56 61 53
10 97 69
37 8 36
85 87 12
25 65 39
90 33 25
93 61 76
31 69 58
95 99 26
2 94 16
11 65 93
32 28 6
49 76 3
5 6 91
53 29 63
66 83 60
46 14 57
57 22 68
57 41 69
39 21 33
67 74 8
64 6 4
32 68 16
37 64 37
33 26 64
54 35 97
41 70 97
28 58 32
15 29 39
78 11 10
88 49 83
34 13 14
77 39 40
8 30 48
35 67 43
98 8 1
71 30 94
82 57 46
53 82 73
57 62 21
50 15 41
92 38 19
32 82 43
44 46 76
12 56 8
26 95 97
52 33 18
78 99 25
3 81 95
64 4 11
44 6 40
10 96 46
20 26 88
9 11 2
55 76 47
20 90 16
48 92 46
48 41 62
93 47 92
18 29 51
72 80 94
98 74 61
25 36 87
81 85 28
31 21 88
84 24 97
94 36 50
6 6 99
21 10 88
32 95 83
83 79 64
75 75 88
96 55 81
61 49 27
75 74 68
79 71 32
91 14 26
40 52 84
93 78 16
89 41 4
8 70 75
83 97 25
35 35 85
84 20 76
44 44 35
22 24 9
20 7 60
64 90 75
13 41 38
14 72 23
85 99 49
75 8 91
63 80 12
77 72 95
86 50 19
44 71 22
80 20 36
24 69 29
55 64 24
100 12 9
66 11 83
82 24 64
9 64 28
36 67 51
3 33 15
97 73 91
88 27 36
3 67 63
27 100 64
80 40 99
7 22 53
81 8 35
4 73 40
58 23 47
40 23 56
98 91 80
33 19 18
25 65 97
18 39 44
57 27 83
85 94 78
50 3 58
24 33 55
46 100 6
24 12 92
83 73 42
27 10 14
55 2 85
81 84 66
84 13 55
50 26 20
4 25 76
99 82 1
68 22 64
55 73 98
85 59 34
27 75 81
73 38 98
5 28 92
41 87 7
83 84 13
22 4 84
99 98 7
40 54 39
11 41 44
71 87 70
51 87 47
54 76 33
20 64 49
29 91 39
29 36 97
49 97 33
97 98 53
24 75 58
58 93 97
76 63 21
9 56 85
9 57 72
80 93 44
20 73 72
18 91 14
87 14 41
52 51 13
14 50 83
63 5 68
16 87 4
66 90 15
89 83 89
24 67 28
58 68 3
12 30 76
34 8 94
54 35 98
96 46 55
41 11 66
32 21 64
93 55 61
69 75 32
29 42 16
83 71 22
73 17 72
15 6 99
13 32 24
68 83 59
63 50 63
71 41 81
78 32 11
36 79 65
41 65 96
51 99 82
39 94 17
22 86 97
98 37 49
93 85 28
41 82 70
19 25 67
29 83 59
16 100 46
27 12 9
42 1 100
64 59 47
63 19 93
45 63 84
91 62 48
74 85 83
8 77 5
93 38 32
13 8 34
21 87 72
9 91 52
69 8 15
60 55 75
33 98 11
77 28 89
14 11 83
22 7 62
26 32 57
26 86 7
95 83 81
78 4 94
9 10 54
48 97 99
77 69 98
49 83 98
58 85 77
99 16 31
52 60 94
24 37 13
78 31 89
88 31 52
7 27 84
89 25 95
23 47 89
80 10 71
33 83 31
3 31 23
69 34 40
6 56 97
31 69 52
68 39 18
85 68 47
51 98 24
91 63 22
76 37 59
60 25 99
65 15 67
37 25 67
91 14 78
79 95 54
49 68 11
14 22 74
5 23 20
57 47 90
94 46 72
75 25 94
77 18 90
64 55 55
89 39 16
56 24 54
24 60 34
97 19 25
54 46 2
34 35 63
91 38 45
27 5 23
98 22 55
84 21 100
95 74 16
11 29 9
60 16 39
20 10 49
80 85 1
78 66 21
46 31 64
2 18 1
95 88 24
17 83 46
14 64 13
42 88 49
37 43 34
24 27 2
63 89 96
9 12 80
8 70 36
5 72 29
91 99 7
14 74 38
30 94 13
3 14 60
21 45 13
58 71 1
99 91 34
35 36 13
13 87 28
40 31 15
77 81 48
63 15 84
92 62 88
46 11 31
58 80 57
3 18 93
27 72 64
58 46 4
85 2 55
91 55 59
50 32 4
64 53 37
48 88 55
14 75 42
94 48 38
79 32 81
9 36 23
87 41 21
25 29 26
19 42 17
93 99 77
1 58 33
21 57 60
32 88 68
32 98 78
26 68 66
93 79 39
97 62 28
39 10 83
2 93 62
21 42 92
52 43 12
29 32 66
74 79 50
63 1 50
4 87 80
75 83 11
68 15 18
50 13 53
97 69 7
43 64 10
42 79 74
90 62 89
25 45 40
31 61 30
50 43 61
100 13 53
44 98 47
73 99 17
66 45 25
68 19 54
94 100 54
4 31 47
75 32 64
57 47 88
9 75 83
69 40 27
62 43 20
74 20 37
75 55 40
13 19 12
4 53 74
49 47 43
13 54 29
25 23 67
47 75 20
71 31 12
20 93 2
65 56 27
63 40 96
4 7 62
61 44 93
54 64 79
78 38 86
33 90 14
84 8 99
77 4 19
24 45 61
60 92 26
19 36 6
19 78 79
67 40 86
15 23 16
87 16 12
38 43 80
4 29 18
84 89 82
7 28 89
61 64 85
60 46 63
35 62 49
14 74 60
23 68 95
10 36 71
79 25 69
71 100 6
62 54 22
87 99 57
65 76 32
88 37 17
31 52 55
48 64 69
73 24 53
95 88 61
13 58 81
87 79 11
83 2 48
82 31 84
51 86 37
45 51 51
78 72 17
34 92 60
83 48 100
59 23 43
20 13 86
6 76 91
41 69 24
48 52 18
30 34 59
5 54 77
93 51 82
35 56 45
81 29 69
58 97 82
79 47 29
39 37 31
17 33 26
32 83 95
23 32 58
45 1 67
85 13 74
61 69 96
92 46 99
34 91 1
36 15 100
56 14 79
55 6 3
59 36 93
63 60 34
10 53 30
17 77 85
50 34 43
7 34 53
99 51 33
7 17 48
3 45 27
78 40 18
32 94 96
44 94 76
11 78 30
49 39 84
18 79 72
77 61 68
100 96 8
99 26 13
6 4 87
24 22 89
46 51 34
29 68 57
94 70 87
79 56 30
76 72 81
38 65 82
32 8 93
86 58 70
49 94 26
51 13 39
99 24 93
74 27 32
90 92 31
92 85 60
42 26 68
20 51 94
45 16 49
88 68 38
86 43 5
68 10 1
66 15 1
91 27 52
14 81 26
21 2 87
12 12 29
59 11 17
80 10 24
35 13 40
27 75 54
25 68 60
94 75 54
85 39 33
74 36 26
18 18 79
70 61 86
16 93 62
62 31 44
45 24 23
63 49 59
64 54 36
10 36 22
37 75 11
95 26 68
60 75 38
68 77 32
26 64 58
64 75 23
14 48 20
57 44 6
89 41 77
24 52 40
37 70 50
17 18 35
2 44 44
11 3 78
48 42 59
53 7 17
39 1 70
86 99 51
5 15 82
58 97 79
96 53 59
33 41 6
100 88 56
18 38 39
100 5 59
90 29 64
42 3 18
31 35 92
25 39 21
59 54 50
98 36 90
34 84 91
94 82 60
65 84 1
6 74 96
22 45 19
61 10 94
24 49 28
48 56 29
76 77 93
6 65 26
92 40 48
6 2 56
9 61 96
60 59 6
99 58 68
45 91 71
45 57 54
33 49 82
74 12 88
24 61 92
90 93 33
40 87 63
43 17 20
34 6 52
29 76 63
72 74 44
98 1 26
15 70 17
7 37 2
80 13 58
80 4 81
63 79 4
99 24 77
70 9 80
4 22 83
13 39 75
92 82 77
48 3 34
75 79 16
86 57 73
22 9 31
40 44 8
77 61 41
76 98 49
73 2 70
7 5 28
14 20 47
79 43 32
29 66 63
68 52 69
41 20 20
18 9 22
17 38 91
91 17 38
45 1 10
11 19 61
71 16 30
97 15 34
95 98 98
42 94 39
59 71 22
45 55 74
86 92 17
87 65 77
33 95 11
72 80 63
59 13 43
25 41 95
40 30 90
87 66 11
65 21 57
99 50 24
44 76 78
6 24 1
100 67 72
70 25 98
26 18 42
43 79 60
63 50 22
49 30 81
34 22 44
22 91 21
67 59 67
39 68 65
56 79 50
27 76 72
74 100 49
35 95 96
6 25 96
53 29 13
7 96 13
68 31 69
63 38 70
61 41 78
77 36 29
88 67 93
2 31 67
100 55 38
30 18 85
65 42 38
13 60 72
20 9 89
63 44 8
78 78 39
96 5 10
27 79 9
10 84 28
91 89 11
76 93 99
73 49 68
90 40 57
99 59 36
45 16 88
34 24 99
55 12 62
98 58 55
54 91 89
20 94 13
98 81 54
41 28 5
9 25 93
92 20 32
7 48 46
39 87 29
2 85 39
20 59 19
59 68 79
87 43 45
99 58 33
63 92 37
66 2 62
66 53 71
91 29 72
45 67 43
47 84 96
9 72 81
72 88 1
18 1 31
21 21 56
1 96 44
95 16 56
99 87 46
48 80 100
48 79 86
5 23 82
53 34 84
5 66 37
47 30 87
5 15 48
87 30 88
2 83 63
73 13 37
17 18 40
27 30 77
77 29 24
96 42 65
78 3 74
34 51 91
16 77 4
72 84 66
87 37 80
60 98 2
8 13 6
12 10 62
84 99 18
30 17 17
8 34 85
56 91 73
97 62 38
94 28 11
22 83 55
67 55 58
17 56 90
8 72 40
90 36 80
80 87 29
33 68 65
58 13 44
15 15 94
20 99 91
15 68 59
57 38 22
40 1 21
45 40 86
24 23 93
95 24 4
32 11 63
74 9 79
96 92 35
91 53 78
18 31 77
45 92 40
81 2 14
82 26 93
89 63 26
17 27 93
72 38 66
55 31 12
10 22 90
37 1 66
78 65 83
31 96 7
61 54 99
68 82 75
8 92 80
61 69 79
34 78 26
88 35 22
87 5 92
9 40 23
8 44 97
95 53 93
46 68 81
29 60 67
3 58 49
52 87 85
72 36 96
9 31 70
62 100 12
85 27 7
4 91 54
91 13 34
67 48 83
25 86 98
48 26 68
16 69 12
59 8 69
68 36 11
73 19 32
35 79 24
35 65 51
39 14 100
55 52 17
44 69 9
39 29 59
35 4 37
15 69 72
55 22 51
96 99 28
61 88 77
93 44 92
31 57 19
55 17 99
49 4 46
91 65 12
83 36 64
77 39 66
19 47 82
83 13 10
53 8 45
54 97 88
15 54 97
37 80 70
19 27 33
67 26 4
30 58 18
86 66 95
49 23 10
21 91 54
90 3 86
26 21 78
70 13 19
24 48 32
29 1 24
13 23 74
91 61 7
25 89 62
22 66 84
9 13 55
53 28 93
42 21 21
19 96 50
94 89 21
20 31 100
76 41 13
75 4 52
18 49 31
96 89 83
43 70 17
20 89 74
40 21 94
12 93 76
96 60 9
72 62 96
15 76 30
18 50 3
16 91 25
35 93 10
89 35 69
84 89 44
49 42 43
23 71 27
23 27 1
36 85 76
25 57 73
67 86 99
10 4 42
88 64 35
89 91 34
39 98 5
80 83 90
56 86 38
83 27 90
32 46 56
92 74 95
86 89 38
96 20 18
77 51 46
53 37 86
67 21 11
14 86 37
96 22 78
75 57 62
52 63 46
17 28 33
43 58 57
12 77 9
42 6 28
87 56 51
21 100 45
42 65 68
98 47 37
17 88 26
87 26 75
86 76 20
14 39 2
38 38 56
82 54 27
78 72 48
66 44 47
2 33 17
87 67 11
25 34 70
80 65 23
43 41 12
24 80 74
9 85 84
48 22 33
87 5 28
56 20 81
3 53 6
51 55 52
15 40 63
74 61 14
20 31 57
73 5 20
99 46 93
36 42 78
38 8 39
34 50 100
6 46 17
31 55 53
38 26 86
80 22 15
40 3 30
47 18 14
91 5 20
54 68 79
11 50 71
32 81 50
82 8 17
4 42 94
39 28 21
87 42 94
75 99 91
54 67 3
76 56 10
51 54 12
22 72 48
46 40 51
60 49 100
57 31 63
74 62 57
12 16 21
28 94 57
72 12 80
58 83 8
54 86 12
5 55 12
29 42 85
94 6 52
50 52 11
58 71 18
79 66 46
16 22 100
40 77 33
78 17 52
49 49 25
28 51 33
11 15 58
48 26 55
41 83 93
91 1 59
95 32 85
49 50 92
79 8 79
37 39 1
73 69 14
79 15 96
64 79 65
54 28 43
55 46 54
17 98 11
87 20 38
57 57 96
8 99 91
100 38 92
95 2 34
52 25 79
98 9 8
37 75 9
4 95 69
55 97 11
37 76 70
74 27 65
1 13 15
93 10 59
48 29 48
87 49 52
53 99 2
1 91 82
59 46 50
78 58 65
6 73 48
70 97 22
93 48 51
32 62 57
36 28 10
82 72 60
62 46 58
75 89 2
96 25 80
69 50 58
90 24 58
43 16 97
62 56 66
98 21 11
33 90 27
33 8 66
82 94 20
2 1 23
47 25 70
86 20 87
35 94 48
97 22 74
57 5 77
75 2 32
2 67 44
53 4 13
63 22 49
31 68 56
81 12 39
90 55 33
53 93 38
41 36 18
43 8 23
47 34 33
14 63 84
93 62 65
81 49 58
99 57 85
35 52 43
38 27 70
15 73 89
74 61 63
64 15 49
49 68 62
10 78 57
7 29 74
60 60 52
49 22 79
71 95 42
84 69 87
51 38 100
60 57 69
28 26 45
37 83 48
48 64 71
89 83 13
8 67 66
17 46 14
28 58 83
94 29 43
59 63 41
29 73 71
65 87 97
4 73 32
89 51 66
81 57 30
90 25 41
41 96 41
8 37 14
94 35 41
80 12 40
57 33 63
66 30 15
75 87 81
94 34 98
3 62 6
29 51 26
42 17 48
21 29 11
27 8 54
52 83 57
82 8 56
82 23 41
1 42 12
63 51 63
65 71 6
33 56 73
47 74 93
4 94 25
31 10 73
24 67 53
27 53 85
70 76 83
72 61 75
61 56 88
65 99 92
48 86 2
12 49 78
1 78 4
3 82 19
28 64 61
80 91 62
49 66 58
47 31 29
3 23 29
73 24 74
38 28 14
23 26 23
41 2 89
79 38 95
4 54 28
99 87 67
13 54 29
91 51 73
50 30 69
87 67 96
66 46 66
19 63 48
89 74 11
73 46 11
54 40 52
9 48 95
3 35 37
13 26 8
87 94 72
91 17 27
23 75 8
65 52 83
50 98 25
71 58 15
18 68 43
80 71 44
69 67 7
25 53 25
69 8 62
85 51 45
74 79 34
67 81 34
40 22 49
69 8 54
46 94 51
80 3 26
32 77 48
20 8 53
75 27 88
97 25 79
60 79 12
32 94 95
15 97 8
20 25 68
71 94 53
28 100 50
13 97 42
59 45 99
40 40 76
7 25 19
80 27 23
94 10 61
9 69 25
83 12 27
42 1 35
67 25 35
69 98 25
12 44 39
64 14 82
7 71 82
51 56 45
83 26 65
21 40 93
12 94 49
46 75 16
92 21 63
4 55 3
98 50 79
33 43 68
52 26 41
36 51 38
29 35 78
31 31 90
11 81 29
89 28 88
7 26 20
48 32 64
8 95 70
61 89 63
60 41 31
42 95 5
11 1 92
31 21 14
61 50 31
24 73 36
23 52 25
17 75 20
19 3 7
86 92 65
95 53 79
94 13 31
39 66 15
21 47 63
10 69 31
3 13 100
25 95 23
88 54 50
83 47 11
81 7 37
14 35 47
44 2 6
25 76 17
68 89 41
99 98 29
76 28 100
24 87 13
1 2 5
31 97 25
80 80 53
88 25 62
98 20 43
99 66 16
20 71 96
87 26 73
67 95 4
43 73 27
9 100 24
13 31 78
99 23 14
85 10 71
70 1 83
84 15 79
15 19 10
75 41 49
42 69 82
59 79 31
28 37 8
59 62 18
24 97 84
45 52 89
2 77 17
38 84 85
36 99 85
69 64 62
90 92 23
29 30 94
44 21 44
67 10 14
22 58 71
96 86 84
100 47 82
2 74 33
19 96 14
95 73 15
27 76 98
93 73 67
36 75 42
92 39 18
98 35 44
62 21 5
17 8 96
60 65 1
51 89 85
55 85 12
5 14 88
38 89 19
76 32 72
6 96 56
70 34 28
79 81 30
43 41 49
60 10 70
59 94 80
50 42 5
80 98 57
18 39 23
17 6 59
6 85 59
88 18 1
96 23 2
42 14 92
21 70 73
14 73 27
42 76 56
85 20 47
67 30 46
3 38 39
100 19 93
22 63 99
68 68 90
31 65 64
80 6 11
76 67 16
92 84 69
82 95 17
66 21 27
23 98 52
78 1 21
19 9 46
42 71 54
27 3 54
57 75 96
4 36 60
55 85 19
95 63 73
53 24 76
56 16 92
45 8 24
60 26 42
95 85 95
40 37 61
72 86 96
18 4 43
