500
43 10 33
59 15 61
9 40 52
60 14 54
55 14 5
11 17 46
55 58 9
10 41 56
37 57 15
68 35 68
15 14 22
1 27 44
9 46 2
52 52 1
49 52 45
66 46 22
28 12 58
8 39 12
19 13 38
4 66 29
11 37 30
42 21 23
16 23 16
39 2 62
16 55 19
59 43 58
37 23 24
36 11 29
49 56 65
27 65 49
60 23 44
59 32 45
57 51 12
59 26 8
55 54 17
1 41 11
19 42 44
37 39 6
20 42 62
53 64 24
5 60 2
42 58 21
43 52 43
28 43 51
14 34 19
25 47 40
53 65 34
12 46 5
30 38 65
41 47 22
38 42 64
6 57 68
67 8 38
39 52 4
18 66 6
32 24 60
14 42 27
2 5 27
39 30 5
62 58 16
57 29 11
56 28 61
26 59 52
19 61 62
48 46 32
6 31 26
6 32 22
28 54 20
22 12 23
61 8 50
44 7 50
42 61 13
41 29 37
24 33 66
52 25 51
54 42 39
14 1 32
19 53 36
40 24 21
23 32 41
9 13 17
56 43 20
29 51 59
27 33 3
37 61 12
51 20 15
38 10 26
11 36 60
50 12 17
28 30 28
7 11 26
1 33 46
16 66 32
46 48 30
29 12 19
32 45 60
5 32 63
8 57 65
5 22 61
2 51 53
51 64 32
65 62 33
2 3 34
55 12 39
58 5 39
63 18 18
13 33 61
1 5 34
62 33 25
26 17 58
53 18 20
55 41 4
59 4 50
51 24 47
59 36 48
33 23 34
60 29 58
52 33 14
3 68 33
24 43 3
62 6 44
20 2 43
49 24 4
45 51 29
55 38 43
22 34 59
11 9 4
38 27 50
18 50 59
44 31 13
64 35 61
25 66 39
15 7 48
53 21 37
24 21 33
51 47 56
49 7 19
43 31 44
63 68 46
15 4 13
14 2 66
58 27 68
44 19 11
14 14 56
30 42 13
39 21 37
16 23 14
17 52 59
30 42 33
52 27 57
39 30 62
32 9 46
58 36 67
10 23 41
42 66 50
28 62 51
46 68 9
24 23 14
45 59 65
40 40 3
36 34 10
21 43 67
3 54 61
42 17 55
32 13 62
54 67 37
62 30 47
2 17 16
54 8 61
35 2 56
56 24 60
65 68 11
18 16 4
62 19 50
27 6 18
22 27 68
42 27 68
37 24 56
16 14 59
47 28 22
65 1 52
9 2 1
44 10 44
1 50 36
31 52 15
43 60 26
12 68 33
27 54 48
48 55 41
34 43 2
4 6 14
7 37 56
48 9 18
17 58 35
41 42 11
17 10 3
61 8 18
45 1 55
2 62 17
31 53 21
43 9 48
33 20 58
13 45 47
23 57 38
8 25 46
27 63 5
24 26 11
21 51 47
3 62 58
35 49 44
10 40 27
24 15 44
48 65 19
58 49 3
7 63 36
21 61 5
12 56 60
64 33 3
19 32 25
25 9 66
27 8 3
30 29 66
7 52 28
53 29 11
7 18 36
42 48 45
67 68 3
16 61 30
5 21 1
55 46 26
2 29 34
58 62 19
68 6 56
28 52 63
62 12 37
47 29 32
7 27 26
52 9 9
12 35 61
39 56 68
43 46 20
51 6 50
7 24 44
11 58 14
60 17 68
47 1 59
7 28 48
67 65 63
3 14 4
39 42 17
63 42 13
50 18 56
68 45 63
1 51 20
11 35 57
7 47 68
58 5 3
21 14 20
32 47 66
20 26 48
18 59 35
22 51 57
2 62 65
41 60 10
12 46 68
63 45 44
30 57 22
66 2 65
35 63 4
34 44 12
10 66 24
22 13 27
10 14 52
54 21 65
57 62 48
55 22 28
5 3 20
58 35 30
64 13 8
29 43 37
40 17 62
28 59 25
66 19 68
5 23 27
3 1 49
21 34 24
4 4 38
23 46 34
57 15 60
63 26 36
7 29 52
19 36 10
60 15 42
53 49 13
16 22 44
37 37 19
30 17 3
19 10 7
27 68 32
43 34 11
7 12 68
49 65 1
20 38 38
28 31 35
25 67 44
56 7 40
35 29 24
64 22 57
18 41 27
13 30 61
27 19 31
46 58 34
18 61 31
41 55 45
9 25 22
61 25 60
45 8 48
47 35 22
41 21 53
41 68 43
63 63 7
11 36 10
33 8 22
63 58 55
5 46 11
51 67 53
51 47 53
25 55 48
10 48 23
62 53 26
47 11 15
44 30 29
11 55 23
54 33 35
42 64 9
7 67 28
22 18 15
57 21 38
65 58 45
36 52 25
47 42 32
32 26 2
16 59 35
52 18 8
29 55 30
42 67 39
31 5 19
5 35 51
47 50 55
47 15 17
20 40 22
54 15 44
16 55 11
30 21 14
66 25 46
38 58 34
3 37 44
25 4 43
21 34 27
56 35 63
30 40 49
17 47 30
44 3 53
11 63 40
20 64 41
62 54 1
68 43 52
55 19 64
30 36 32
56 36 8
37 35 20
1 12 66
47 7 37
31 61 3
49 43 50
15 34 54
21 20 16
48 53 19
29 20 68
66 37 48
10 23 37
68 55 8
31 51 65
40 60 55
45 48 48
15 25 29
38 42 5
59 57 55
65 55 33
17 1 34
35 23 56
49 54 53
57 16 32
49 61 12
45 19 10
46 58 35
3 13 28
58 63 10
68 65 49
67 53 46
2 25 42
15 44 3
56 55 1
55 66 68
24 20 40
27 41 36
42 41 19
5 5 2
37 39 53
41 27 62
6 67 58
46 57 9
64 19 4
24 8 1
38 40 45
38 8 64
34 53 44
11 38 20
18 8 49
21 55 39
28 12 11
27 2 44
37 15 64
41 40 1
39 37 22
13 13 15
65 29 44
31 63 68
47 21 52
21 57 20
32 28 38
41 13 40
58 17 52
49 6 40
32 13 47
64 40 6
26 65 16
43 5 52
41 59 65
61 15 1
24 68 68
20 58 2
6 10 60
60 64 53
52 54 32
53 29 33
54 55 66
56 36 51
66 36 9
8 35 17
4 44 22
12 66 58
66 33 24
11 1 16
10 9 22
13 30 36
28 25 18
44 10 6
18 25 50
21 11 45
50 8 64
10 59 46
5 19 54
19 38 16
65 53 42
26 3 2
34 5 47
40 14 28
55 9 9
64 28 18
2 46 67
57 63 57
37 47 17
46 3 24
32 61 33
50 59 1
53 16 44
20 20 67
11 61 29
33 49 18
61 42 30
16 31 39
56 39 48
46 37 11
15 45 39
11 13 19
54 19 49
27 43 21
30 40 62
1 56 60
14 31 9
66 31 42
53 28 55
44 27 20
64 43 45
64 16 15
31 57 66
11 26 2
49 63 61
33 6 64
