500
17 18 56
18 17 30
22 52 38
55 36 16
42 37 34
35 17 41
18 8 37
44 47 45
51 50 11
7 19 31
41 12 21
57 48 5
40 25 1
36 29 39
50 8 5
7 38 10
51 22 11
50 21 14
27 36 40
28 12 31
12 49 44
25 15 25
52 49 30
28 47 23
30 55 40
24 39 54
25 43 19
46 40 55
44 36 20
55 20 55
24 57 20
17 46 44
48 56 33
41 44 7
12 18 47
28 6 36
18 60 23
31 6 32
25 40 36
33 23 15
47 37 41
25 34 60
59 54 48
7 39 5
6 33 35
20 46 53
51 57 50
2 51 29
10 59 5
9 51 31
1 21 17
56 56 54
37 32 8
3 38 27
16 11 19
29 44 19
1 9 59
48 3 19
37 50 27
2 9 13
42 32 40
32 4 54
15 47 59
29 28 60
49 8 48
50 1 58
40 56 41
43 10 46
5 13 16
33 49 46
20 22 4
54 51 8
59 45 16
32 43 53
40 28 53
55 12 47
8 52 2
48 48 25
51 12 30
41 30 28
43 45 47
48 36 30
8 11 1
5 9 11
5 34 40
23 31 16
1 7 13
55 58 32
40 12 21
7 13 25
5 52 17
13 43 12
49 36 49
6 55 45
22 27 28
39 34 34
45 54 36
16 44 40
31 56 52
17 1 25
11 24 53
14 26 51
46 5 39
37 33 23
55 54 5
3 26 22
27 18 57
53 38 26
1 24 42
60 51 33
52 4 19
44 49 12
26 17 15
49 38 28
52 51 36
45 45 43
25 5 4
10 22 53
16 3 27
3 43 49
21 39 44
41 11 55
52 43 46
6 13 15
4 40 23
4 53 32
57 2 57
41 23 37
26 53 44
2 19 10
51 57 50
42 33 39
41 29 20
52 33 29
37 27 26
34 22 45
32 28 6
32 12 58
38 37 5
28 17 25
24 26 36
50 28 22
44 1 34
43 50 57
44 18 29
27 28 35
35 43 29
26 14 16
54 41 35
51 39 22
4 39 37
1 38 32
53 52 39
15 4 53
34 9 38
50 5 60
46 41 47
38 34 10
25 47 43
15 40 11
50 42 2
59 58 2
18 25 17
56 46 43
24 13 13
10 14 30
48 34 13
40 8 57
49 43 60
42 60 6
19 43 60
8 57 58
38 54 1
34 32 11
32 15 14
55 17 30
4 43 44
27 17 7
6 35 42
38 20 59
35 45 49
15 1 49
3 53 31
15 32 2
9 32 11
2 55 13
23 40 18
34 7 36
24 33 18
49 20 12
56 1 35
40 13 8
48 32 5
16 7 26
1 49 40
13 31 36
19 49 21
32 32 11
60 35 15
60 7 30
31 58 6
52 57 58
46 60 39
16 43 10
11 14 30
32 24 36
49 2 3
46 44 9
55 52 58
52 41 17
3 33 42
22 60 36
53 49 58
41 19 51
20 53 26
12 47 22
45 56 38
33 8 27
9 54 59
54 49 52
23 41 41
16 34 54
55 4 49
51 8 53
9 31 33
10 37 32
9 49 11
17 8 24
6 53 33
29 37 32
46 38 34
24 46 42
14 44 2
9 14 37
38 8 12
2 9 13
24 40 26
53 17 31
15 34 19
55 8 45
10 20 1
59 13 10
39 15 6
58 14 20
3 23 29
21 40 27
33 52 22
56 54 44
30 33 10
3 42 57
19 54 40
32 41 28
11 29 41
11 1 2
54 33 53
58 24 33
49 1 52
32 52 33
18 1 9
39 3 4
51 45 6
43 55 12
15 36 53
55 51 45
50 19 54
32 26 22
33 56 39
58 8 40
14 1 38
35 27 32
22 42 52
50 43 40
39 17 13
26 59 1
25 27 47
12 41 33
10 10 1
57 59 49
12 16 25
2 45 52
3 49 17
53 4 6
45 58 29
25 51 15
59 55 5
17 1 25
15 25 41
29 60 36
50 10 20
14 49 37
17 36 58
56 59 53
4 15 11
57 39 45
43 33 59
17 5 37
16 15 7
60 4 60
50 56 28
15 23 27
26 26 51
45 5 47
26 28 22
33 36 57
56 45 3
44 30 1
31 55 57
16 12 40
51 55 38
52 31 48
2 37 20
25 36 58
49 38 43
4 38 45
55 50 45
5 11 38
12 40 26
35 25 22
29 26 14
6 17 1
27 19 9
54 45 34
6 28 55
48 15 45
9 8 8
30 41 26
2 8 54
32 46 16
52 34 55
7 31 59
25 27 41
16 13 49
41 1 52
2 45 15
51 36 19
1 10 10
54 5 60
28 24 60
23 47 22
37 57 54
11 5 36
48 2 24
27 25 10
35 42 1
17 57 39
10 26 45
14 46 47
47 48 6
10 42 49
47 12 58
17 27 45
26 57 35
42 48 6
39 31 16
2 26 18
7 26 36
54 58 13
45 51 32
52 26 29
47 6 50
56 10 9
56 46 30
35 57 50
55 25 4
15 59 30
31 12 31
3 29 56
5 1 24
36 60 43
38 40 44
4 39 15
7 22 13
19 15 36
17 20 34
14 8 41
16 14 10
58 59 2
4 33 40
20 33 55
37 15 27
9 27 18
41 58 37
32 20 35
47 44 23
55 49 21
26 7 53
33 49 11
27 53 44
44 21 8
33 17 1
7 42 32
27 3 34
2 21 6
1 11 42
20 31 24
7 50 15
51 41 40
26 13 55
41 15 3
35 27 17
4 52 43
27 38 19
22 28 42
16 38 2
19 34 57
15 46 12
27 15 37
28 17 36
16 16 4
2 5 17
22 48 28
29 26 15
11 17 9
58 31 11
25 45 6
37 7 38
2 7 57
40 8 24
37 49 22
50 21 52
25 29 35
23 43 59
45 39 7
10 27 4
36 31 60
10 27 24
31 42 3
49 3 11
48 24 3
43 56 6
38 54 49
47 16 40
2 3 48
2 17 25
19 29 4
12 25 16
24 53 3
40 21 37
56 44 50
37 49 25
39 29 19
53 7 35
50 36 47
39 52 54
49 19 26
52 45 50
18 12 55
6 25 4
48 22 15
33 57 37
9 2 37
37 13 17
19 46 48
59 8 30
54 20 21
28 4 8
5 5 53
12 36 39
5 24 2
31 25 23
56 60 52
11 24 51
28 58 48
25 34 17
57 11 13
20 34 59
20 60 46
9 41 59
58 35 4
31 60 20
47 37 9
47 1 41
47 32 17
4 37 15
53 2 47
18 47 13
40 2 39
21 24 28
34 40 31
40 26 19
18 23 14
9 15 8
17 25 47
48 26 43
14 11 38
37 24 14
8 37 2
25 4 49
24 52 31
24 38 49
21 49 1
51 37 53
5 7 59
8 4 18
3 2 7
31 4 60
44 59 58
31 57 30
46 1 56
17 15 46
