500
39 3 9
24 24 5
13 9 57
3 31 14
44 61 16
21 11 10
29 50 1
67 18 49
43 11 3
9 18 8
5 29 9
64 57 1
50 70 48
9 3 42
1 36 40
34 13 44
40 25 38
64 67 49
11 41 1
2 61 53
53 51 62
10 64 16
56 64 63
69 4 48
41 65 47
19 12 33
20 54 13
12 65 69
7 46 21
26 6 4
46 70 7
3 16 70
8 29 16
26 50 49
62 66 52
69 13 56
55 67 34
11 4 14
62 22 57
8 70 3
15 37 25
37 27 45
37 45 37
53 6 67
63 53 26
9 32 62
22 26 33
48 2 51
4 65 67
34 10 50
25 47 49
20 45 60
68 63 59
12 62 45
46 11 61
47 16 45
8 34 45
48 20 3
24 52 45
1 4 52
4 53 64
69 24 28
55 12 29
70 18 42
59 9 20
68 70 37
59 69 12
64 2 63
19 58 55
36 15 1
15 62 56
33 61 3
19 38 54
5 60 36
33 43 66
52 57 58
1 64 61
60 15 27
53 47 2
47 22 12
67 53 2
68 35 18
4 52 11
69 35 61
54 30 16
42 1 70
11 45 36
51 4 11
52 48 48
29 21 69
45 7 57
44 31 38
43 50 34
43 48 1
14 52 70
52 50 15
37 43 56
17 68 38
6 11 46
46 49 62
63 43 58
8 61 67
12 63 64
51 19 46
17 13 13
7 52 67
59 39 11
1 25 45
49 67 24
43 4 9
45 45 52
3 68 18
43 57 53
69 56 50
25 47 48
38 56 29
17 46 67
4 11 23
67 11 62
31 31 48
18 56 1
56 68 31
36 5 66
6 4 69
7 5 59
21 23 25
23 15 26
63 23 7
49 23 20
36 23 26
68 32 17
54 47 14
42 60 10
7 8 59
66 43 20
12 16 57
41 43 38
21 19 50
5 14 15
27 38 26
24 6 19
24 46 42
34 9 18
14 17 66
56 43 2
38 47 23
27 36 53
27 63 34
3 11 58
13 8 36
22 60 31
44 59 5
34 20 2
69 28 25
52 61 31
50 26 60
49 31 21
68 58 9
42 46 69
6 52 5
25 55 16
52 45 34
67 42 58
21 44 59
4 22 67
38 22 62
66 4 2
18 25 43
36 53 17
1 8 36
8 55 6
16 56 65
2 35 3
10 4 70
66 49 42
54 29 69
56 13 31
55 11 16
53 60 7
17 37 5
19 10 13
70 51 32
70 27 12
16 25 21
67 7 21
44 57 42
5 32 65
54 20 51
34 52 38
12 16 46
22 62 46
47 48 53
39 54 14
15 4 6
35 12 41
22 3 54
3 57 43
29 65 32
30 34 44
51 31 52
18 41 8
25 48 12
28 28 51
18 26 69
19 61 11
46 6 27
20 29 64
61 60 9
38 27 39
52 43 21
39 70 70
20 42 7
13 66 32
11 64 47
59 55 23
20 53 62
53 13 26
34 46 65
30 16 52
40 23 50
42 13 43
56 56 24
9 46 8
53 54 37
65 15 42
57 17 67
55 23 56
16 67 24
67 23 35
62 51 23
41 11 57
56 51 11
33 38 59
31 63 57
26 10 49
22 61 70
50 65 4
14 44 29
1 18 50
47 63 53
64 70 56
68 10 51
65 42 45
29 58 32
34 3 13
5 47 20
15 27 43
65 51 69
25 36 36
36 42 31
56 30 44
10 67 65
68 39 49
41 24 32
7 16 28
46 63 67
58 33 60
52 51 7
59 43 23
65 6 1
28 24 15
23 61 44
3 69 33
17 49 63
22 41 7
2 24 57
63 66 39
48 67 55
66 68 19
7 28 11
10 56 37
63 4 64
57 6 7
1 60 45
6 40 49
8 70 15
51 65 24
4 58 28
1 13 61
30 6 31
31 17 61
11 21 48
23 53 9
48 56 29
53 27 33
62 14 25
14 18 52
19 65 3
65 52 68
9 55 35
29 52 38
40 28 43
9 11 62
35 1 29
22 38 28
17 24 53
26 45 45
14 6 41
14 52 17
40 24 21
14 51 59
56 25 50
10 12 46
13 25 20
56 39 7
70 7 36
6 49 16
15 34 9
63 65 15
35 67 56
57 53 62
45 67 43
35 64 8
9 1 10
38 4 66
36 52 52
66 17 24
59 17 58
14 28 52
29 54 51
64 44 33
52 38 50
9 58 36
13 40 52
70 70 8
59 12 13
14 28 56
18 23 38
61 53 5
1 46 39
61 24 65
29 28 13
11 16 30
16 22 60
49 67 25
39 31 10
37 10 68
28 10 5
33 62 6
6 32 67
30 59 14
9 29 22
33 54 25
66 57 42
11 53 33
26 13 20
60 33 10
21 42 59
68 68 33
62 47 24
43 53 41
7 59 57
36 49 12
26 52 26
42 64 32
66 7 54
57 18 5
24 3 19
36 30 53
63 43 66
34 62 30
64 46 40
13 4 27
66 31 38
6 33 46
39 58 67
70 29 39
30 51 64
22 45 9
28 69 45
20 45 44
36 32 41
43 1 65
47 2 69
55 44 50
37 53 65
41 43 10
33 58 16
24 7 22
42 8 42
13 5 9
20 12 62
22 22 35
65 21 32
7 2 8
16 63 17
67 37 9
40 34 57
43 54 24
5 24 32
32 63 4
23 4 43
59 68 46
47 66 29
63 46 41
26 26 33
69 35 67
50 61 44
26 60 23
62 56 13
5 28 6
49 43 55
15 21 62
32 45 66
21 8 57
21 37 70
6 6 60
6 60 30
53 19 57
67 7 46
9 42 10
16 27 20
31 64 52
11 43 48
53 22 57
2 46 11
33 69 53
8 25 20
67 53 24
22 47 68
28 20 11
4 7 52
23 11 18
64 48 41
44 36 20
66 49 35
53 19 49
20 15 14
13 60 3
15 39 43
32 31 7
47 12 27
49 40 46
4 27 3
50 46 63
11 16 16
68 31 36
35 69 11
17 43 58
12 66 12
32 10 23
20 13 52
49 49 61
52 53 34
20 15 70
44 2 14
2 4 59
42 12 34
57 68 22
45 11 24
47 52 66
14 44 69
52 36 62
4 40 27
8 7 28
54 5 8
10 34 49
54 65 43
7 2 21
11 55 50
40 61 50
23 64 7
55 26 19
19 1 7
47 41 7
12 20 57
31 26 14
31 3 12
49 43 25
62 49 4
8 55 45
28 42 69
25 36 57
1 33 40
48 47 22
9 52 46
17 20 3
18 33 61
17 38 29
12 2 56
32 48 54
21 5 17
12 68 70
4 22 30
2 12 15
61 65 4
43 45 18
9 13 36
48 50 67
36 28 7
52 11 45
57 23 63
52 44 12
48 69 33
24 51 43
46 22 24
38 19 10
46 61 58
23 51 7
44 7 26
