5000
18 71 50
62 25 68
35 15 40
25 58 13
50 70 71
73 12 1
46 43 20
25 49 12
35 55 75
37 15 6
5 11 24
50 28 13
12 59 6
47 15 61
3 28 7
60 19 9
34 67 24
70 28 60
31 47 2
13 30 12
25 13 72
19 31 17
17 69 73
23 34 73
15 49 59
23 34 3
3 45 44
6 64 61
6 1 54
74 48 40
63 68 23
37 32 69
3 17 53
61 40 23
42 77 53
23 66 12
35 18 59
75 18 19
62 34 49
7 17 77
3 25 24
65 16 33
76 18 36
14 18 75
74 64 20
48 3 61
57 73 51
73 50 15
20 71 61
4 58 37
57 51 44
36 52 10
23 16 62
40 74 21
39 11 72
73 57 50
66 21 5
71 50 44
69 25 18
24 36 67
76 47 58
47 23 15
10 59 14
7 18 72
14 4 59
55 70 76
67 43 23
49 30 25
46 58 25
19 18 10
45 21 5
11 77 33
15 8 35
74 53 57
51 76 74
2 7 30
75 10 52
34 30 47
2 15 34
15 18 21
17 28 47
54 9 13
58 39 59
38 69 24
18 45 47
27 52 38
11 20 73
76 56 17
53 11 3
63 4 30
71 72 61
7 72 75
71 62 69
43 57 5
34 23 34
49 71 46
59 25 73
26 53 25
47 65 56
47 18 58
74 60 26
63 65 65
3 12 5
19 32 18
33 1 46
9 75 37
36 21 76
7 3 19
34 37 26
11 55 72
77 26 4
58 41 6
63 67 8
71 62 27
36 7 54
71 75 13
1 13 12
63 44 25
75 64 35
16 76 56
1 63 31
22 73 29
57 49 18
65 5 74
60 10 33
41 76 13
13 73 5
74 33 64
19 62 12
42 46 76
46 20 75
70 59 44
42 65 2
69 55 13
47 66 49
17 68 54
55 44 5
56 40 76
14 55 1
10 33 43
48 46 57
29 29 77
6 20 14
34 72 24
34 64 60
73 8 11
51 4 17
31 68 33
54 64 10
20 62 35
61 64 73
12 64 40
20 51 9
32 72 7
41 54 10
60 28 16
55 44 17
25 76 75
28 33 16
74 21 52
50 44 33
42 34 18
3 54 22
26 60 28
26 30 40
66 52 66
57 10 27
67 7 32
41 51 30
60 53 25
5 37 26
35 30 29
36 28 51
74 12 6
21 15 48
10 35 69
60 67 2
64 18 56
65 72 25
63 58 32
37 28 23
43 17 73
63 8 12
3 40 4
39 14 47
42 26 69
66 1 70
41 40 71
24 46 53
22 55 44
14 63 63
46 48 10
60 67 47
75 27 39
67 6 69
21 43 23
11 77 65
75 75 56
59 53 56
21 9 55
12 44 69
27 10 72
73 60 77
39 60 22
35 23 77
64 32 40
19 69 9
23 39 59
54 57 20
52 64 50
18 53 67
24 27 10
53 14 11
43 22 37
43 25 50
32 47 69
1 8 3
1 15 48
68 77 42
66 57 6
10 35 26
9 61 69
33 70 16
5 21 23
63 60 49
6 70 30
62 66 53
30 42 4
35 55 35
17 3 5
1 68 29
77 50 50
65 57 40
8 46 19
35 60 35
26 19 44
60 54 73
33 38 28
23 54 9
21 53 68
48 47 64
10 44 50
30 54 9
22 47 33
48 57 59
58 5 43
65 17 27
36 24 34
3 8 30
66 68 7
2 63 31
54 12 65
46 65 35
26 27 64
52 17 7
76 12 51
70 46 23
16 45 28
60 44 57
49 29 63
57 27 21
19 54 69
57 46 19
52 44 30
61 68 25
61 60 22
44 13 4
3 22 30
11 32 42
13 38 36
38 42 57
36 43 21
56 57 32
52 55 6
6 47 17
42 72 15
8 15 10
10 44 71
30 42 30
9 8 8
73 22 70
49 24 28
76 2 44
63 51 65
31 9 44
43 45 4
39 70 73
51 9 16
28 39 77
68 52 59
37 6 6
26 33 44
9 39 32
45 27 33
34 31 51
3 61 4
51 3 75
65 57 46
22 19 22
5 64 49
70 60 44
9 26 74
16 54 6
48 46 5
49 23 57
50 72 13
54 31 30
8 20 68
52 33 32
45 40 66
57 71 52
70 22 58
43 52 57
40 5 65
56 40 40
62 57 13
12 21 58
47 18 24
72 26 13
42 47 49
66 68 38
1 38 49
35 23 70
42 17 37
31 34 69
68 54 9
47 29 58
74 33 71
34 36 28
24 59 53
62 53 16
29 69 32
18 62 58
55 26 58
68 72 63
52 48 19
65 30 58
22 13 65
12 3 43
41 66 42
28 29 63
66 69 22
27 31 31
21 8 29
44 12 66
41 6 20
57 29 46
69 46 12
71 45 70
24 33 59
26 9 71
34 34 10
60 53 46
10 8 61
14 76 67
72 61 1
15 1 56
76 18 14
57 22 37
15 1 54
24 57 19
30 65 24
61 41 37
30 72 54
27 9 70
54 17 18
33 24 41
22 39 57
39 16 7
57 33 31
1 32 2
27 66 44
10 63 27
50 60 49
6 32 54
2 14 49
37 61 50
4 24 68
67 16 58
55 43 29
54 34 31
41 55 22
15 52 1
60 8 27
44 20 72
17 39 59
51 38 31
44 4 30
31 40 70
28 27 42
30 47 77
13 28 3
61 7 8
30 54 75
59 21 2
67 53 44
5 27 77
31 18 48
37 56 5
62 74 70
63 27 32
3 51 51
45 17 37
20 77 1
37 3 56
68 72 72
7 40 43
30 73 55
56 35 52
57 69 74
42 76 11
34 51 19
69 72 29
35 12 77
3 43 19
3 32 77
64 62 68
30 29 19
58 22 46
58 8 31
73 14 50
42 54 63
12 36 29
10 71 14
37 53 70
2 52 20
75 32 67
18 75 56
60 53 49
26 25 8
46 27 48
52 6 3
61 2 58
33 69 48
17 46 77
70 58 51
30 74 76
33 7 39
46 40 20
14 68 44
53 67 7
54 15 23
19 75 38
45 54 70
77 61 36
37 69 71
72 48 45
33 65 36
7 56 9
29 59 48
71 65 33
52 52 42
48 55 29
66 33 26
69 9 34
72 59 32
37 68 48
70 17 17
41 26 59
55 24 6
65 77 10
11 42 6
48 63 4
55 59 63
76 48 40
69 10 9
48 33 28
49 74 32
59 14 11
51 7 28
26 21 40
74 75 64
42 7 61
72 58 4
66 56 15
52 14 46
69 20 1
25 30 74
75 71 21
32 55 52
50 62 9
35 26 71
44 54 31
35 5 19
50 21 73
42 25 32
14 24 28
4 8 57
42 24 7
72 36 25
27 50 55
60 67 8
42 32 30
1 30 42
75 61 69
44 58 20
62 20 9
37 48 65
16 5 17
4 75 51
24 5 62
36 75 21
18 14 73
11 35 44
66 8 60
49 13 68
68 44 42
44 36 72
39 68 66
74 15 42
19 30 77
57 48 23
44 12 53
12 60 14
46 1 49
68 4 32
23 2 26
62 18 36
51 5 43
65 65 47
54 53 15
33 31 71
72 51 71
61 55 18
56 50 32
12 25 63
74 51 69
56 1 29
72 11 59
36 68 25
68 28 42
74 9 40
29 74 8
7 31 27
52 21 50
2 75 52
49 33 1
21 72 11
53 23 66
3 17 73
34 61 26
40 31 54
25 64 67
64 37 34
1 66 47
31 54 21
68 52 72
45 48 4
75 48 7
15 43 1
35 1 76
52 4 50
54 48 15
56 17 41
50 62 44
26 49 52
50 35 23
12 10 73
12 2 5
52 36 46
41 44 32
28 2 28
12 9 71
20 59 41
15 29 61
76 53 4
42 24 23
4 65 73
35 72 73
7 43 69
62 66 40
55 3 16
66 15 31
29 41 15
38 16 4
1 77 55
48 29 11
11 41 22
21 40 13
61 62 50
35 63 58
24 1 63
74 3 46
23 58 76
70 5 66
68 7 23
52 6 60
52 29 53
56 21 51
69 19 40
47 2 71
8 28 4
55 77 27
13 8 43
52 15 42
2 56 58
37 62 34
57 33 11
77 41 75
34 59 72
75 12 28
11 9 42
18 26 75
77 56 1
74 12 18
60 21 75
70 27 45
56 37 46
5 13 34
16 54 27
8 8 21
28 5 48
41 2 53
74 17 52
48 2 53
5 63 69
22 72 32
55 64 8
32 59 39
53 58 14
69 6 8
25 15 60
58 73 33
61 32 15
40 5 66
48 72 48
14 51 60
55 31 10
40 18 72
45 67 23
22 63 1
21 24 7
48 55 62
41 46 59
40 58 12
24 56 42
50 19 57
23 11 11
67 25 4
71 52 16
21 22 67
65 77 13
25 21 14
46 68 64
72 12 3
75 43 38
62 67 33
3 13 40
58 31 60
67 51 6
38 55 18
4 23 30
5 52 34
33 21 48
54 44 60
58 54 76
64 1 4
28 5 55
77 47 55
6 76 34
25 74 37
59 36 34
19 1 41
6 3 1
32 35 14
18 9 1
17 4 62
17 47 31
67 67 14
37 34 21
5 2 77
49 54 51
14 34 5
22 17 12
69 51 53
75 12 15
47 6 54
41 13 55
40 51 13
2 39 53
54 35 14
24 2 14
46 13 23
8 2 5
56 50 58
39 25 4
42 71 14
36 75 1
63 21 57
25 6 25
16 12 20
42 50 73
61 8 4
12 29 18
75 31 73
33 44 31
59 2 37
25 62 71
13 34 41
65 3 65
28 34 39
34 24 49
37 42 35
40 28 33
27 40 2
50 53 58
1 48 5
31 18 65
19 23 21
74 75 33
11 30 51
48 11 48
22 17 59
73 53 15
36 55 37
47 19 58
42 11 28
53 41 53
11 41 41
50 65 53
39 66 46
56 27 16
13 6 50
42 38 76
17 25 62
13 40 77
41 1 18
35 68 34
54 51 56
16 33 48
68 50 73
19 19 27
46 62 75
32 38 77
33 76 15
5 17 41
68 38 74
62 10 16
16 48 59
73 65 66
1 48 17
13 38 4
63 7 65
21 23 73
45 44 43
73 32 14
12 45 18
6 47 43
56 42 63
73 1 7
72 4 69
17 5 77
70 23 42
43 18 70
18 76 68
54 8 22
8 46 3
13 49 11
47 53 46
23 33 47
4 65 17
69 51 77
73 72 35
44 61 36
49 18 15
48 30 49
66 66 53
33 21 34
2 4 7
23 40 4
51 5 61
58 51 29
17 38 42
58 11 18
32 68 73
48 65 3
30 1 37
48 11 68
24 1 63
22 36 77
61 62 29
47 69 46
73 62 2
56 40 44
40 26 24
27 42 52
18 31 61
43 41 20
59 1 73
44 45 6
76 49 43
6 35 20
48 76 30
45 34 73
73 12 30
8 38 33
54 10 18
14 63 32
28 57 27
66 65 77
12 39 48
40 18 69
60 59 54
33 39 14
33 70 56
29 51 70
8 19 22
72 2 30
73 27 9
53 37 76
16 17 42
76 28 14
44 1 42
25 42 66
22 25 31
13 10 55
76 71 22
3 61 68
58 45 1
72 18 28
23 70 18
67 65 15
11 57 31
74 18 29
46 7 63
74 10 64
14 5 44
21 8 58
32 48 16
50 76 36
55 50 11
5 10 8
46 39 66
34 15 46
72 15 47
4 60 20
52 41 18
5 40 3
40 66 12
59 15 47
44 16 71
64 77 51
76 9 19
46 33 51
77 60 18
6 74 67
24 66 7
52 50 53
61 24 48
13 66 5
2 19 37
21 68 11
10 13 6
26 66 50
32 70 72
46 12 71
52 32 26
16 69 62
53 32 67
61 58 10
2 58 43
30 32 38
13 16 2
11 5 38
16 18 16
12 13 3
54 4 24
38 66 3
73 47 55
1 4 23
63 44 6
16 47 43
21 50 47
34 30 4
22 40 35
13 8 20
57 42 54
30 14 8
19 69 56
37 57 71
66 55 77
2 71 10
32 43 16
40 58 36
17 45 17
53 2 63
40 69 29
3 54 23
30 15 6
22 55 74
54 54 72
27 26 58
67 5 77
53 28 11
9 75 39
71 29 40
13 18 31
37 55 48
57 1 72
75 50 6
64 1 56
67 37 74
52 71 76
60 49 51
64 54 7
30 46 60
7 41 61
76 60 43
3 72 28
31 36 47
68 8 70
49 65 48
34 68 8
63 42 22
62 24 35
39 61 67
65 21 63
39 15 30
14 3 51
63 52 62
11 1 13
38 70 50
46 41 31
23 10 54
68 77 54
9 42 11
59 38 20
66 48 23
76 73 8
52 58 29
46 49 48
59 31 35
31 8 26
67 18 74
33 72 11
22 32 54
75 24 11
62 33 66
9 70 45
3 15 20
26 12 38
46 63 41
55 72 33
76 75 57
36 12 7
55 64 66
63 24 23
51 32 14
42 28 56
3 20 56
30 1 28
13 59 3
71 62 69
66 8 10
75 62 77
34 13 7
69 51 12
13 41 44
43 33 61
54 42 72
47 37 63
3 59 9
42 74 14
19 61 42
64 13 4
56 5 8
63 62 63
66 53 35
76 7 7
65 33 27
54 23 51
40 67 21
35 48 23
65 61 50
68 75 49
44 6 58
50 65 47
45 58 34
9 33 45
73 28 55
64 77 16
65 71 9
4 63 63
50 19 2
7 2 46
43 2 9
53 35 27
7 72 59
67 42 27
35 10 42
65 49 37
7 46 52
59 31 52
60 62 47
45 44 69
44 65 45
14 59 67
20 48 22
5 29 69
23 73 24
30 41 37
26 77 68
64 59 2
63 36 40
10 56 66
34 28 66
33 24 69
55 62 39
75 28 3
2 11 29
5 17 11
24 47 17
12 28 7
50 19 72
27 23 32
59 70 59
3 72 38
66 73 61
76 24 24
57 68 17
10 57 1
52 20 40
40 2 55
13 2 5
15 60 44
13 28 65
4 7 16
22 55 36
21 50 44
59 15 3
53 46 44
29 70 22
72 30 2
11 69 61
59 7 69
77 55 4
9 58 34
73 34 62
57 12 23
60 55 26
14 15 46
16 66 51
3 62 20
56 18 77
4 51 45
33 48 69
5 11 15
12 34 9
77 51 28
65 22 48
52 40 42
18 48 68
9 50 11
15 72 71
77 15 52
62 32 37
20 24 62
64 77 49
56 13 22
30 43 20
5 60 25
67 52 14
50 14 77
61 27 63
28 30 34
21 7 26
66 52 6
13 36 45
26 42 53
42 77 62
55 41 69
17 61 19
46 45 64
75 33 15
53 33 43
53 28 50
57 48 43
65 37 16
13 31 53
40 32 53
39 64 32
7 77 68
43 64 64
53 50 46
63 12 13
69 54 27
54 54 48
31 15 71
4 49 59
36 2 45
63 62 37
26 38 58
21 6 55
63 68 63
29 55 42
43 6 8
37 8 21
46 30 55
16 40 20
1 68 42
55 28 4
46 30 66
4 42 10
75 53 40
9 52 74
3 5 68
28 53 69
26 10 46
21 12 11
18 40 42
12 59 24
24 33 26
8 21 17
41 17 23
13 48 37
19 24 76
34 27 72
37 10 29
10 59 71
30 53 21
62 32 40
26 11 64
50 69 54
49 13 25
52 70 24
55 43 16
9 65 19
46 32 43
27 7 57
29 47 19
47 71 57
29 3 1
44 1 29
75 55 66
10 52 59
69 47 38
7 35 77
10 65 46
17 20 16
44 69 50
25 2 27
43 15 35
73 8 73
64 44 52
65 49 65
50 60 21
25 54 1
75 73 4
3 4 73
16 14 45
24 13 5
29 72 23
7 45 18
8 49 45
66 70 1
28 30 47
18 15 6
50 39 13
22 40 41
58 72 24
39 18 70
61 14 72
25 53 77
60 44 17
22 53 24
23 24 5
35 40 75
8 72 22
38 69 37
32 69 59
44 44 26
65 42 2
3 62 11
18 4 46
38 44 47
29 47 77
55 22 10
24 2 58
32 58 22
16 5 15
5 72 43
22 25 70
50 39 40
48 68 70
45 15 68
16 49 14
33 46 54
11 16 69
34 67 49
25 44 16
19 68 4
15 44 28
17 57 54
9 15 38
38 42 16
75 7 41
63 3 55
3 14 17
7 69 7
29 74 29
70 69 40
65 37 38
39 63 5
75 12 5
61 17 65
52 58 14
75 61 14
37 24 16
41 70 23
70 6 76
34 49 73
16 64 52
76 63 20
27 14 26
23 60 18
70 21 8
20 62 27
42 66 5
12 74 3
52 12 6
10 41 12
10 72 27
27 31 39
13 50 67
9 43 23
26 55 26
74 43 5
9 27 49
74 22 75
77 34 12
69 73 6
21 19 48
30 16 53
62 32 16
69 67 2
16 65 59
77 22 41
23 17 53
11 30 55
57 24 44
52 18 76
10 64 76
57 73 77
55 27 60
57 74 57
58 63 17
52 51 54
27 11 45
20 41 55
21 75 46
70 72 75
22 44 48
60 30 60
59 14 52
61 70 68
10 16 69
75 47 64
8 15 63
29 63 43
42 17 23
14 24 1
66 47 75
40 55 49
6 45 16
54 9 75
36 72 71
51 34 32
44 59 13
43 12 61
1 20 15
65 3 30
23 54 54
23 32 28
38 24 21
48 50 4
22 60 25
14 45 46
13 17 57
69 71 52
48 28 40
13 46 4
70 5 10
71 29 37
19 32 43
13 7 5
73 7 6
55 45 69
64 41 22
72 64 8
44 26 41
62 50 11
42 24 4
70 25 39
74 12 59
28 12 43
69 14 24
40 3 15
25 22 64
35 16 7
50 17 18
1 24 69
36 23 29
52 18 27
65 42 35
12 1 59
60 39 27
59 34 61
10 22 37
24 62 33
73 57 49
34 22 23
13 50 39
39 62 34
68 60 31
1 48 25
69 17 36
18 54 74
26 45 38
18 29 18
24 21 49
39 65 27
48 47 54
61 63 18
10 35 46
3 21 46
12 26 45
31 34 66
62 18 77
57 75 4
70 7 19
21 69 57
41 54 22
67 6 76
35 70 29
32 24 7
65 12 67
76 7 18
21 74 1
37 27 6
29 74 19
19 52 61
42 51 17
27 70 45
20 10 48
13 20 36
23 11 34
38 52 13
66 10 61
70 71 37
7 37 21
51 23 61
46 25 42
9 62 63
71 10 7
48 64 18
48 36 4
33 17 18
62 25 31
32 73 15
75 70 11
38 66 60
44 54 28
55 11 22
42 18 56
54 51 39
65 45 37
29 77 28
11 34 28
17 48 11
73 50 6
27 53 39
32 44 19
74 9 26
6 68 23
43 44 77
46 37 3
15 49 23
66 8 44
63 59 46
4 20 12
56 33 38
60 65 52
31 42 32
12 50 67
42 47 41
33 6 73
48 20 22
72 33 7
25 19 6
73 21 52
58 4 20
46 48 12
47 49 32
52 68 76
43 3 50
65 59 34
71 7 59
76 26 52
54 5 10
8 60 37
44 24 71
18 6 48
58 14 28
20 62 22
14 71 8
65 30 63
11 16 31
77 23 62
70 57 42
24 48 10
36 68 2
50 34 30
36 10 28
50 38 31
15 12 74
73 52 39
40 76 59
76 72 72
65 18 53
20 54 40
46 23 21
54 25 59
24 70 69
72 45 51
54 69 22
64 74 16
69 74 29
36 73 29
45 26 6
21 6 46
42 73 34
27 30 47
49 40 65
40 71 58
4 77 43
8 39 66
65 46 74
3 15 1
28 31 47
9 61 46
56 22 47
55 51 63
74 73 77
61 34 17
33 73 16
37 23 42
3 60 65
44 22 57
73 25 76
64 36 65
68 40 15
1 37 13
18 2 76
22 18 40
73 20 6
18 52 47
77 38 21
26 69 11
64 17 38
8 48 9
68 54 10
69 24 67
26 71 6
61 5 23
16 40 24
12 57 32
55 67 47
52 4 38
27 68 71
22 52 7
20 63 2
19 26 39
61 76 7
65 6 75
51 11 57
22 59 33
6 75 14
9 12 21
12 69 44
52 3 65
60 50 12
71 1 27
62 41 26
54 26 46
41 30 74
13 41 73
22 16 35
69 35 44
71 9 8
19 61 39
22 38 44
3 24 45
75 29 53
62 4 53
48 11 23
1 66 63
33 45 39
48 47 58
55 75 4
7 29 73
29 38 65
72 43 59
28 58 6
4 20 20
52 24 63
34 23 60
56 45 23
42 6 53
6 72 48
58 17 56
50 4 31
12 37 66
73 11 6
42 54 13
4 43 15
1 15 26
62 66 37
29 61 2
35 23 61
11 2 17
31 38 64
58 7 65
19 27 63
11 16 14
3 49 12
20 30 8
19 43 2
70 66 71
37 52 39
74 9 32
17 57 28
11 26 48
51 10 46
46 46 64
21 35 7
14 39 23
36 29 13
40 33 51
47 27 53
29 43 18
14 7 74
53 49 69
48 61 54
42 15 21
23 75 47
70 36 14
43 70 50
15 29 10
61 12 48
16 12 2
67 31 36
2 52 58
3 20 29
53 38 11
42 55 15
30 33 63
15 54 54
69 66 8
36 46 50
49 49 65
39 57 12
36 24 12
70 42 10
14 18 40
42 4 46
43 28 71
45 10 30
2 39 39
54 70 45
72 48 25
31 7 64
8 10 25
14 23 6
29 31 75
34 43 30
20 43 63
69 15 29
4 16 8
4 33 31
66 30 57
73 58 57
34 2 47
27 7 63
53 28 48
13 46 62
71 54 53
54 27 25
24 40 35
75 47 6
31 57 14
42 48 41
76 49 42
62 76 13
18 28 51
68 2 76
12 54 27
36 15 34
62 47 39
11 15 30
69 2 27
67 1 31
58 28 34
10 1 25
49 45 11
51 75 17
5 39 9
26 41 28
58 63 29
33 2 35
72 6 19
59 51 14
5 67 51
6 39 72
36 3 71
50 67 30
16 50 34
69 56 33
65 45 27
52 76 1
5 73 40
65 57 1
10 12 60
19 45 53
28 23 34
5 30 26
37 61 42
62 9 74
45 4 37
21 59 12
38 23 36
71 34 17
68 33 26
11 26 50
39 77 60
52 43 74
54 64 29
26 32 68
52 5 50
58 31 59
66 55 58
26 15 64
61 43 17
11 75 22
54 26 51
7 21 54
64 39 27
77 29 52
46 33 6
42 38 59
40 11 23
67 61 69
26 72 58
25 35 63
58 30 17
76 9 63
64 61 4
76 11 38
57 24 58
8 30 57
5 58 21
44 3 43
60 70 37
10 68 34
23 71 75
53 53 59
46 73 22
2 25 29
12 38 9
36 56 23
76 17 62
65 22 72
64 10 18
27 20 57
32 31 37
72 35 30
48 70 50
11 47 77
6 67 4
45 15 22
18 67 33
51 75 44
54 5 30
51 46 74
25 45 14
57 56 32
41 65 9
23 46 42
17 17 64
68 8 45
44 18 2
26 38 70
52 19 49
55 42 17
35 4 37
47 21 30
54 30 43
61 30 64
69 21 41
61 31 39
38 46 12
43 67 60
8 47 49
60 56 19
7 49 75
72 39 55
3 3 51
8 21 32
66 29 45
28 60 2
70 35 77
38 59 12
74 57 16
14 63 5
21 12 28
74 44 72
75 31 21
49 8 20
44 14 67
10 29 35
69 77 20
8 68 38
54 23 45
17 46 44
34 70 20
44 66 71
59 58 4
27 17 21
34 44 22
63 38 52
31 30 33
18 6 42
20 4 59
25 4 51
6 58 41
29 69 25
50 48 45
18 68 46
38 42 17
4 30 14
72 71 35
9 71 10
56 74 56
27 50 51
32 27 22
39 16 18
34 6 70
6 64 45
8 62 30
41 6 2
59 64 29
20 45 73
38 49 34
20 7 25
62 52 74
55 66 24
76 77 31
5 64 38
67 64 31
38 52 20
9 57 71
23 59 33
77 38 39
32 26 24
25 23 55
21 43 23
24 5 70
48 15 45
19 51 23
64 72 25
43 20 57
16 54 34
36 35 51
77 5 15
76 6 29
22 11 67
21 57 50
58 65 1
12 43 48
12 57 19
61 66 19
72 16 51
11 55 35
75 32 30
51 36 62
66 77 26
36 60 66
51 59 45
55 69 68
35 53 8
47 53 27
45 40 21
5 26 15
32 16 32
8 21 9
51 56 66
5 27 10
72 40 58
2 7 56
50 63 40
19 45 31
61 16 72
50 34 66
6 60 57
40 24 33
55 70 77
59 44 53
52 41 66
50 61 15
77 7 21
11 36 9
65 24 21
14 29 46
63 20 25
73 75 11
66 4 49
34 60 3
2 45 64
70 16 45
75 67 38
44 19 26
19 35 46
64 35 30
62 21 25
44 18 52
20 32 5
55 38 6
50 25 72
32 35 69
38 67 50
51 69 55
22 31 27
75 53 31
58 15 11
11 22 71
58 18 48
56 35 39
15 55 55
17 21 42
59 10 28
5 17 2
77 44 6
77 38 47
32 51 65
42 46 56
39 45 21
37 63 26
49 44 62
77 53 66
14 54 30
54 23 58
49 62 1
53 74 35
37 12 9
40 2 33
58 75 18
52 65 39
57 17 58
72 70 45
55 28 54
28 68 10
42 69 47
73 49 17
56 21 77
52 13 63
38 62 12
34 29 24
58 57 37
60 37 24
72 23 57
34 22 19
11 44 10
20 67 55
67 39 17
10 21 74
60 59 48
28 53 50
72 68 45
2 2 6
38 74 6
37 54 69
41 66 70
12 21 59
2 35 54
38 68 52
9 33 59
41 7 3
54 64 15
43 34 67
55 63 68
52 31 53
37 26 23
3 48 30
50 39 38
16 20 48
52 3 48
55 75 14
46 62 68
71 54 76
10 21 4
64 45 61
73 50 24
55 10 43
28 15 69
66 13 50
77 63 56
12 57 4
60 65 44
37 21 59
53 14 59
50 2 28
5 74 16
66 54 17
37 74 16
59 59 39
30 64 41
50 77 32
8 67 57
70 6 76
20 49 1
75 40 22
32 47 63
2 17 45
77 40 24
26 11 23
57 77 62
65 40 14
21 22 56
16 25 53
33 2 10
57 52 68
76 11 62
27 20 49
56 18 60
22 75 16
31 42 62
28 45 1
68 27 41
66 3 40
41 65 8
69 45 43
15 29 47
38 4 62
54 44 67
17 26 14
64 11 35
37 30 35
9 46 66
59 21 58
27 32 54
8 66 75
21 54 54
44 25 57
49 18 52
32 72 56
53 24 4
41 38 46
30 8 61
23 73 49
13 9 27
45 4 35
59 56 20
72 75 55
65 13 8
44 6 12
19 61 73
8 47 31
75 5 15
4 67 17
25 70 20
3 66 56
59 50 11
53 26 34
44 68 17
29 54 54
62 20 70
48 37 29
50 60 24
71 8 20
72 53 70
44 14 46
66 31 32
22 43 32
20 17 30
58 32 62
67 56 73
45 40 32
46 19 42
1 72 36
35 51 20
7 51 48
11 56 29
5 35 71
1 59 57
50 5 65
62 26 34
62 74 18
38 2 52
33 49 72
67 4 46
32 20 10
12 53 42
38 15 16
75 40 69
65 58 23
52 31 37
44 58 40
11 71 70
65 20 42
9 16 8
36 19 49
30 76 71
74 22 56
16 76 72
27 4 37
2 73 43
56 58 20
14 74 57
8 26 40
62 5 71
45 55 15
58 10 41
71 18 21
76 30 24
10 32 77
66 22 26
22 43 17
46 62 42
15 39 50
39 19 14
17 75 32
63 8 68
59 56 56
10 36 75
64 73 44
23 52 45
50 70 24
40 19 44
14 9 20
76 68 51
71 72 13
59 64 41
31 49 76
1 13 71
77 3 14
69 70 45
47 66 22
61 45 46
16 21 17
65 58 63
27 14 34
56 33 41
63 43 1
4 2 3
32 24 77
66 35 46
16 23 2
14 7 5
4 21 37
54 13 66
12 77 6
33 10 24
77 75 1
55 45 14
67 67 32
39 1 29
7 73 14
37 56 72
56 69 25
37 13 9
13 63 40
65 29 48
30 47 5
23 4 37
77 10 12
27 34 23
17 31 73
62 27 62
40 76 69
9 47 53
48 22 42
48 1 76
42 65 30
60 23 76
66 51 57
53 49 76
74 49 71
68 42 71
16 47 31
62 11 52
70 71 5
14 38 56
36 13 40
16 62 58
31 19 29
45 11 56
77 77 29
19 22 49
68 42 36
5 10 56
64 46 24
16 26 68
54 15 62
12 16 7
9 64 67
77 2 59
5 24 60
16 77 77
61 39 30
36 31 55
3 63 59
1 70 35
24 39 18
59 15 1
57 74 61
60 62 6
75 24 54
68 61 35
59 41 8
72 65 18
45 56 11
49 72 25
41 52 22
6 13 46
42 40 32
44 24 41
29 67 32
23 37 65
38 27 9
43 10 72
31 23 25
2 59 16
2 64 21
77 6 74
14 2 29
69 72 18
51 65 30
72 50 17
11 8 63
76 31 38
57 56 68
33 76 4
17 63 10
64 29 38
53 52 53
64 40 75
32 47 62
25 39 53
69 65 67
74 64 1
71 34 63
10 1 40
40 37 20
44 75 63
5 11 35
47 24 13
3 58 13
60 50 66
44 51 54
29 17 33
44 44 9
47 18 46
18 45 57
7 45 30
68 39 25
47 32 13
27 62 20
19 37 1
50 72 49
72 68 1
39 55 44
72 3 70
4 1 52
50 37 19
13 65 42
71 55 29
45 73 1
24 2 23
9 18 69
42 11 5
37 33 75
48 45 43
8 5 25
65 50 41
9 2 31
51 34 13
55 55 49
57 17 59
41 25 7
48 25 58
47 70 30
11 13 37
3 14 61
68 26 60
43 30 50
31 5 28
69 2 66
65 76 26
49 74 69
16 37 63
48 39 30
16 68 70
56 19 11
52 44 74
1 46 51
1 6 59
57 14 10
22 59 56
58 26 11
42 5 25
26 25 70
7 12 39
5 47 56
21 67 53
13 56 12
14 18 5
52 47 6
20 7 37
67 4 35
75 66 59
16 38 56
62 66 23
75 37 33
23 29 12
7 67 74
33 24 49
54 50 71
29 29 60
44 39 45
43 49 73
38 35 53
27 72 48
59 10 52
29 33 56
70 65 50
3 22 31
31 20 59
16 57 41
40 69 65
58 6 27
19 33 15
33 39 23
72 43 15
38 3 14
6 68 52
39 57 56
33 15 6
49 71 45
36 56 27
32 64 12
13 67 77
67 40 43
52 16 66
24 61 64
75 48 61
73 14 10
46 23 47
16 49 36
32 76 8
73 61 73
41 74 40
42 59 1
54 34 16
73 38 8
44 57 68
11 57 18
35 1 43
33 24 11
13 73 69
54 71 26
54 55 5
33 11 50
67 45 34
8 62 73
22 42 11
36 26 72
6 69 57
62 2 31
23 76 31
38 35 64
51 60 27
2 44 14
25 28 59
43 25 72
12 68 73
60 34 34
63 15 57
76 36 5
5 64 40
50 6 74
11 65 25
67 1 73
23 19 70
6 67 15
1 26 39
15 67 40
5 18 15
2 20 65
63 1 7
68 16 8
47 14 73
2 7 14
77 27 67
64 29 33
52 45 60
54 73 8
48 5 77
25 42 60
64 25 9
29 35 8
9 73 42
70 61 40
11 62 60
55 28 58
11 36 16
31 3 37
66 2 3
31 18 61
41 41 68
20 6 15
20 73 68
40 68 33
49 7 74
50 42 47
39 32 36
22 45 76
29 67 34
24 71 51
54 32 43
1 37 42
47 61 69
14 17 2
42 75 39
42 24 61
48 70 8
64 2 57
28 46 5
55 17 37
65 20 64
46 40 4
56 5 75
75 75 14
71 35 19
8 72 2
12 26 42
39 48 66
7 19 31
33 19 75
5 61 9
24 31 66
46 11 35
52 30 73
15 46 26
40 28 69
53 41 74
52 55 38
58 69 17
22 16 15
41 67 67
58 22 68
45 72 63
55 12 54
4 35 70
8 53 10
57 35 34
25 18 65
16 19 39
13 37 17
8 17 36
64 24 10
74 37 6
70 56 45
59 43 1
64 29 45
1 16 4
75 38 71
64 18 32
50 72 63
68 7 22
72 32 59
22 29 75
32 42 24
56 35 7
14 42 47
76 76 23
26 2 50
11 61 23
63 73 20
74 68 16
64 41 29
3 67 10
49 24 41
57 60 6
20 34 31
42 63 62
3 3 26
7 3 44
36 61 73
2 38 48
22 56 72
42 6 56
4 72 36
53 38 8
5 34 32
19 7 76
63 40 33
18 36 23
77 15 35
40 58 11
42 51 63
72 24 56
52 55 25
6 19 73
42 55 8
4 75 55
19 3 48
51 60 76
30 46 72
69 29 74
67 46 23
29 13 18
28 49 48
1 27 35
6 45 45
41 2 63
41 12 30
77 56 58
13 20 38
35 16 50
60 28 67
62 3 23
22 3 76
22 60 31
25 62 36
72 68 57
73 47 22
35 56 53
20 20 36
47 17 5
25 71 58
1 15 18
74 58 12
40 65 35
41 2 36
9 49 59
6 71 13
48 45 57
19 67 73
20 66 20
19 24 3
16 24 13
34 4 12
74 23 41
51 45 40
66 5 15
64 69 38
33 52 50
21 58 24
34 17 52
21 47 65
62 37 66
42 17 29
74 42 7
2 3 16
74 42 31
41 51 67
37 21 35
40 18 8
74 3 39
34 54 63
25 16 7
62 29 15
40 67 42
60 57 24
71 50 33
66 63 52
38 18 23
63 15 45
37 21 48
14 49 52
23 9 24
21 50 13
30 32 12
42 29 28
56 25 27
1 55 70
75 52 7
66 2 74
57 12 66
75 11 60
76 50 64
70 49 31
60 28 45
17 62 41
6 15 41
11 27 27
51 73 33
60 35 4
10 67 16
13 35 71
63 23 58
66 44 30
28 56 50
44 56 9
72 70 67
21 26 15
16 76 15
57 41 24
68 74 31
52 74 40
4 34 7
11 25 68
22 42 60
56 48 1
53 41 11
71 63 25
16 41 77
17 53 6
42 74 73
13 72 77
65 66 71
42 31 33
65 45 8
59 74 23
14 34 11
32 36 73
9 63 56
49 56 65
40 54 25
15 20 47
76 3 49
24 50 29
8 22 37
77 6 32
62 44 47
29 49 44
24 48 32
61 11 45
55 6 49
21 75 53
5 34 69
52 2 58
39 60 45
69 2 23
30 25 26
13 37 51
1 74 50
32 38 30
65 41 70
67 71 33
1 46 30
39 24 73
4 30 44
11 66 51
28 22 19
43 12 51
19 38 34
10 40 6
24 58 2
33 72 61
63 12 14
44 25 62
43 15 47
46 47 7
17 49 18
53 22 16
17 24 67
65 14 50
46 1 22
68 32 54
60 56 21
29 51 61
19 20 28
37 58 11
32 17 48
70 57 7
54 19 3
29 43 49
2 21 51
51 74 67
16 67 11
76 38 53
68 37 67
46 43 75
60 10 31
22 71 70
3 67 65
64 34 65
61 65 72
73 39 19
17 71 30
47 9 4
67 67 41
59 19 47
32 68 7
58 40 74
76 48 62
48 37 38
7 1 33
6 75 38
33 64 51
7 15 69
65 47 20
51 36 47
7 63 36
64 50 71
60 48 50
72 50 62
63 22 73
9 39 59
30 32 41
66 54 74
12 32 56
11 20 63
17 53 45
15 43 56
46 32 30
40 72 56
20 68 54
5 36 3
46 44 61
22 21 47
3 5 47
53 42 36
15 2 7
20 2 33
48 1 54
20 69 54
71 70 12
75 71 73
59 15 52
13 9 54
10 33 56
52 6 73
77 64 24
27 60 63
12 52 56
51 6 9
3 31 37
77 29 20
5 2 24
54 1 40
26 15 29
9 8 23
71 28 46
21 28 41
39 42 13
55 9 21
66 21 39
21 50 11
37 30 59
31 38 18
43 33 38
24 17 70
61 38 21
64 37 73
16 6 32
17 42 66
6 73 50
53 69 57
1 1 33
37 64 74
6 43 16
65 34 56
73 9 24
73 19 71
43 26 50
70 41 53
46 43 7
32 71 39
42 37 45
65 34 40
32 69 15
57 3 56
31 24 42
18 44 17
1 10 23
20 40 14
52 25 25
21 77 71
30 10 5
47 16 47
12 15 32
24 27 72
13 71 45
35 19 16
5 38 29
54 68 58
32 33 22
48 4 35
2 38 49
32 37 6
11 7 43
14 41 9
2 12 25
12 71 6
65 14 60
55 45 54
39 8 28
49 44 42
31 25 42
66 34 41
54 13 4
64 15 45
74 26 62
52 14 57
8 4 28
76 63 8
26 5 32
12 60 2
37 76 56
20 67 42
61 46 20
41 26 75
70 52 46
12 72 2
46 2 7
14 65 57
2 53 29
1 1 69
60 44 22
65 29 47
6 58 48
18 64 3
52 28 46
48 48 22
15 72 31
75 50 28
15 39 67
54 28 14
74 41 57
25 66 16
50 29 50
70 6 12
29 22 57
8 11 36
42 38 17
14 54 69
51 26 37
38 35 76
27 76 15
2 55 36
71 49 10
33 36 42
3 49 63
64 12 17
41 44 7
76 12 13
75 20 23
74 39 77
12 28 10
40 66 53
15 68 28
76 19 58
42 60 9
34 7 6
38 48 41
75 31 42
9 51 51
4 63 16
60 2 60
46 36 67
75 57 42
14 21 23
5 68 22
22 69 69
24 44 61
61 40 57
67 71 30
22 33 28
68 20 60
76 31 71
22 42 17
16 48 60
64 23 15
43 43 42
75 29 43
39 45 19
23 69 19
59 41 49
6 70 41
76 5 54
76 51 63
48 24 67
26 8 33
54 74 10
58 32 34
3 2 67
27 18 3
6 27 65
60 77 40
5 19 56
69 29 12
72 49 30
33 63 29
74 31 37
61 31 42
43 8 44
58 44 65
20 74 64
60 17 24
35 19 43
51 35 16
73 26 14
4 10 39
70 64 44
9 47 45
61 73 59
5 18 75
55 27 40
6 7 12
26 38 33
8 68 61
31 58 22
71 74 57
51 40 6
28 42 57
20 75 76
68 21 47
20 38 28
30 26 6
7 3 38
65 49 73
34 2 5
72 33 7
75 27 24
72 32 41
47 72 1
34 12 47
24 5 35
37 64 15
67 58 22
48 28 13
2 75 75
68 3 16
22 75 58
47 50 6
60 69 26
2 16 40
27 51 30
60 32 60
11 53 72
68 59 72
28 62 41
3 60 9
61 3 66
55 74 53
19 1 56
31 75 14
69 41 66
27 77 7
53 2 27
67 71 19
5 58 59
68 59 30
15 20 77
25 74 21
34 57 30
75 77 1
35 62 7
14 62 22
67 76 47
5 39 2
26 46 72
77 32 7
40 23 59
10 16 71
16 29 8
31 30 72
42 35 77
26 53 31
72 60 4
37 61 40
25 72 1
60 28 26
6 49 53
8 24 3
46 20 43
24 53 34
19 61 14
22 11 55
67 40 65
75 62 44
44 40 38
40 42 72
19 75 11
48 4 75
4 37 67
42 6 70
46 71 12
47 2 30
32 13 59
20 14 18
70 34 46
36 25 8
27 50 61
31 33 1
37 68 53
47 12 70
7 59 36
25 32 44
41 61 42
24 51 19
16 40 24
53 27 24
16 18 29
57 60 28
62 40 17
63 8 47
53 46 38
2 54 9
74 56 7
18 5 31
33 15 59
39 9 74
31 74 14
68 54 68
70 10 3
57 46 9
11 60 42
74 56 9
36 67 48
52 13 41
51 72 74
51 7 19
13 44 67
72 37 71
6 69 64
1 59 41
16 67 14
38 24 64
35 27 68
35 48 56
18 40 73
76 31 19
16 63 63
51 9 6
9 56 10
34 51 42
67 46 30
12 25 52
30 62 6
22 14 56
77 22 41
48 42 52
59 35 54
46 54 67
76 46 38
4 65 69
22 15 57
56 61 34
4 50 40
17 28 34
30 76 15
4 47 30
25 44 46
46 16 63
38 57 4
56 67 32
64 49 77
1 10 24
4 40 55
30 71 35
21 16 45
67 71 50
2 42 57
33 63 8
58 21 4
9 58 3
4 17 58
3 59 10
59 45 57
50 40 29
62 33 44
19 54 74
56 71 10
69 58 74
28 28 41
73 51 61
10 11 17
18 68 37
53 52 22
31 44 51
18 39 28
72 31 14
72 60 75
52 26 57
9 68 18
11 42 27
43 72 42
55 64 76
40 32 21
58 7 28
67 45 60
13 27 60
43 62 75
59 29 53
55 36 24
9 18 14
21 61 60
67 29 27
8 11 76
10 53 58
55 46 64
45 17 34
51 73 43
54 66 49
70 50 31
10 5 57
33 8 57
63 29 7
5 36 30
41 30 77
39 28 37
40 64 24
68 59 11
14 17 12
61 35 40
37 68 51
22 30 27
47 3 12
33 45 72
28 60 36
48 19 24
1 56 12
34 66 37
29 38 73
54 53 15
67 6 31
14 6 62
56 53 55
31 14 24
31 34 58
1 15 15
14 76 46
76 7 67
10 5 49
5 53 19
13 10 72
55 58 77
35 22 25
6 31 36
9 28 3
49 29 35
68 51 32
37 28 63
67 70 21
33 37 30
75 77 14
25 30 51
34 4 64
48 42 25
31 76 53
41 29 61
75 74 76
11 22 56
64 56 17
71 76 63
61 65 6
66 51 32
23 24 34
30 50 49
63 28 38
75 13 12
50 30 21
5 74 12
17 12 69
65 51 26
66 30 4
65 63 16
38 20 77
52 56 49
23 6 20
44 27 26
59 18 27
14 25 75
26 2 62
23 68 25
34 4 60
42 64 57
65 63 14
52 39 5
60 10 46
25 48 6
54 35 63
35 72 70
68 5 21
9 69 61
17 16 42
8 25 47
58 49 56
41 13 76
59 39 77
30 30 55
11 27 71
9 39 72
3 63 50
5 44 12
68 39 41
20 33 10
37 26 75
46 54 56
50 21 44
30 77 12
19 4 70
29 5 74
5 52 8
38 40 12
59 58 65
3 75 62
58 57 42
5 56 24
58 19 42
7 16 24
61 74 54
33 6 30
55 64 57
20 69 42
69 9 70
36 37 37
50 27 6
72 22 44
40 52 1
67 70 68
47 26 23
19 76 58
29 30 61
5 73 50
66 4 28
17 12 63
72 42 69
49 43 9
25 41 34
34 19 46
44 28 45
46 25 7
9 1 73
20 8 46
50 40 75
29 65 52
72 21 20
20 26 43
47 43 38
43 60 66
18 75 55
72 54 75
22 17 8
5 13 29
71 41 26
73 53 19
62 31 2
48 63 37
39 57 14
18 22 72
7 15 36
40 68 44
71 59 25
4 44 55
54 9 22
57 9 7
46 36 33
57 56 25
55 12 68
27 25 70
47 12 65
10 50 15
68 24 50
29 29 60
56 17 61
72 60 75
2 39 42
72 42 11
54 34 16
41 51 28
73 37 70
39 16 34
17 60 34
18 10 35
29 54 58
50 56 53
74 58 74
29 24 48
8 23 3
6 24 18
1 17 34
62 36 32
70 35 50
56 54 69
65 18 57
33 47 58
21 20 34
46 6 31
61 65 67
45 57 5
68 17 64
7 51 32
53 26 28
17 63 62
34 43 12
22 32 13
56 2 35
52 6 61
50 3 65
22 58 49
18 42 71
13 37 12
58 59 51
30 41 56
50 60 73
68 70 37
50 9 68
16 16 2
56 56 26
13 38 48
6 50 72
35 61 26
7 73 76
14 20 37
28 30 9
62 57 16
63 8 29
3 72 45
17 63 31
15 52 74
12 8 61
4 51 73
45 12 53
29 53 8
71 38 24
16 15 52
30 36 25
73 48 24
48 64 52
36 55 76
23 67 70
23 27 58
43 12 66
56 62 45
47 11 36
73 63 57
12 22 20
19 27 14
77 73 24
49 62 34
76 38 77
14 34 32
44 54 51
77 18 24
25 5 49
61 64 21
48 28 23
50 9 60
61 69 53
64 37 38
70 13 43
55 23 6
59 71 41
50 52 1
77 48 75
24 49 43
42 70 24
75 62 35
19 32 66
12 20 31
65 77 9
24 66 44
10 13 73
4 29 71
5 43 76
16 61 76
34 34 26
8 66 61
59 24 76
13 31 39
20 61 30
68 59 62
13 33 53
2 12 13
52 32 29
28 35 63
13 1 4
8 48 16
28 28 57
70 32 8
30 72 75
10 23 65
33 22 2
56 5 23
6 5 8
62 38 17
4 31 52
33 30 49
15 29 60
1 12 52
46 30 51
69 76 12
9 41 24
40 4 49
51 47 75
46 3 17
68 45 25
30 52 62
22 55 4
77 68 51
71 61 8
49 28 57
61 68 21
48 51 5
26 16 14
30 47 1
15 63 12
55 4 74
67 50 63
58 8 23
49 11 28
16 4 45
38 9 29
36 50 61
8 16 47
44 4 53
70 76 31
60 40 5
11 39 16
21 49 34
46 21 18
64 57 77
56 38 47
51 19 2
23 29 15
34 43 12
47 10 9
42 27 44
26 53 27
2 57 54
17 13 10
59 66 23
1 4 23
29 53 11
51 23 27
40 39 41
54 29 42
50 18 20
60 15 33
57 14 17
46 74 61
10 7 17
66 34 17
59 11 37
74 48 54
7 57 25
45 61 2
65 61 43
42 33 65
38 42 32
59 73 23
9 19 77
1 15 50
52 49 29
33 47 20
9 74 72
29 6 5
77 43 62
3 40 71
52 45 59
13 40 3
59 50 27
75 29 21
48 26 49
76 22 13
68 16 27
3 17 38
52 5 36
15 74 44
22 68 3
46 32 39
25 51 67
27 69 33
55 15 46
12 15 43
56 73 38
69 36 69
65 26 1
4 74 23
54 3 3
72 67 19
68 44 59
55 35 57
20 61 74
24 73 29
41 7 13
44 58 68
20 5 70
13 26 75
54 62 5
17 51 42
47 28 34
54 49 65
76 1 49
58 24 42
7 54 21
69 3 20
18 72 61
56 20 48
20 75 68
7 31 54
70 21 3
69 65 59
77 31 13
67 18 24
15 26 3
74 72 3
77 44 69
24 1 12
32 76 40
28 44 73
9 16 5
7 63 35
66 44 11
56 59 3
25 24 56
12 29 77
55 74 43
1 35 10
24 21 74
71 2 62
22 77 4
77 8 75
37 34 24
3 27 2
49 59 24
76 1 77
45 62 61
43 22 55
1 21 24
17 32 47
49 56 48
67 1 47
76 41 41
65 2 44
27 24 45
24 30 8
45 71 44
69 75 55
27 43 4
7 15 52
18 53 68
12 1 43
54 23 74
25 26 37
74 2 36
47 37 72
4 14 72
16 75 31
50 77 32
40 31 11
58 35 61
54 63 66
25 57 28
24 28 6
17 67 15
64 65 58
57 25 60
33 66 46
54 64 58
75 27 60
43 74 72
72 4 24
59 38 23
1 42 26
18 62 39
76 23 8
8 17 4
7 35 6
39 41 35
5 54 24
43 48 66
10 17 49
65 1 31
38 75 66
9 57 41
9 16 23
12 2 20
57 40 73
23 30 23
47 47 68
76 18 54
11 59 16
35 52 9
38 9 50
29 16 3
39 41 15
8 52 13
37 14 54
55 3 59
41 49 72
33 38 25
66 13 6
57 37 1
50 58 20
46 67 29
40 3 40
44 44 47
27 16 77
15 29 26
27 52 29
63 17 37
55 50 28
53 54 19
23 19 50
22 25 48
33 34 27
74 75 49
68 33 77
44 26 6
12 68 36
75 43 66
7 64 70
40 7 70
36 32 28
23 49 1
44 61 58
52 71 60
50 4 17
5 14 25
67 15 38
53 25 1
63 15 59
65 29 34
53 46 66
65 45 35
1 55 28
68 10 2
54 42 8
28 19 31
18 67 68
12 59 2
51 46 13
57 75 68
51 58 19
42 10 32
70 37 16
4 17 45
58 36 70
72 75 76
64 55 18
41 42 52
15 14 43
42 8 77
74 62 64
22 56 76
22 64 20
65 12 36
3 38 31
42 37 5
34 9 72
72 28 71
7 39 3
21 18 31
16 3 63
56 6 35
50 69 65
34 77 42
37 73 9
77 66 34
62 7 43
37 25 27
18 72 30
31 69 3
69 6 28
70 3 25
64 64 36
68 71 25
48 32 10
69 1 44
22 13 12
54 26 7
40 20 58
46 69 43
63 63 44
9 8 50
29 49 65
77 24 7
15 41 71
22 14 59
3 2 8
63 76 7
45 30 70
74 38 58
38 49 30
19 45 25
10 60 46
23 57 1
14 11 43
42 2 53
45 39 63
4 1 11
58 6 37
15 65 18
12 19 64
70 69 40
64 17 24
28 15 44
17 4 37
62 14 44
8 37 62
30 10 1
50 34 65
32 70 31
43 58 6
52 76 2
29 76 67
70 26 31
32 50 69
1 47 39
14 25 76
59 19 74
7 22 25
13 68 64
56 67 69
29 32 77
7 59 64
14 7 10
6 5 56
39 6 54
6 58 65
72 77 48
24 49 30
23 55 36
3 35 76
26 24 21
40 25 55
19 50 34
45 49 9
27 71 22
17 64 54
17 59 56
21 7 9
11 20 4
40 68 66
71 19 9
28 45 51
8 3 48
58 18 60
58 71 27
29 57 54
40 15 20
33 58 30
77 68 22
52 58 68
27 53 5
55 67 8
1 69 16
33 11 53
40 63 40
74 12 62
74 20 31
65 68 32
66 44 74
53 60 23
31 9 40
55 7 13
33 69 32
46 38 75
64 63 23
8 50 51
63 46 60
4 25 42
8 7 36
51 14 74
63 61 47
33 52 31
55 60 39
53 64 18
11 66 72
13 55 17
40 33 69
74 51 43
13 54 25
36 58 75
5 55 50
30 29 76
77 3 43
11 6 12
22 59 41
7 20 31
31 19 28
14 55 19
36 31 77
21 11 2
1 55 67
36 73 53
29 18 48
65 36 42
69 9 17
51 33 3
54 64 40
7 54 53
38 77 36
28 5 8
73 5 42
4 56 69
57 30 37
75 39 3
15 73 74
13 77 63
65 59 45
46 1 21
39 32 62
36 24 7
30 36 72
47 30 73
72 61 45
23 29 50
65 25 70
50 9 44
64 5 76
11 52 13
32 24 33
11 26 5
64 47 38
35 3 4
55 61 43
61 22 54
69 40 62
35 40 41
8 73 34
33 67 61
68 33 77
19 58 26
6 24 70
63 54 19
75 12 39
23 60 75
60 46 46
76 8 74
12 26 23
53 8 37
34 45 73
23 26 76
62 27 58
37 43 61
7 16 75
2 77 8
65 29 6
13 71 65
32 5 64
74 54 44
32 61 48
24 52 25
44 50 31
23 3 69
9 25 34
55 61 38
67 66 45
60 66 63
13 1 2
76 7 45
54 25 52
32 69 28
28 41 27
35 58 53
65 42 51
49 35 37
26 13 52
45 71 10
57 62 73
33 5 58
66 12 19
19 76 71
4 55 57
19 30 76
26 9 57
53 6 11
42 68 34
44 21 74
41 20 68
34 68 29
17 31 15
50 16 56
55 5 72
61 59 45
32 42 56
28 5 34
68 75 41
73 14 55
71 60 33
38 15 52
34 10 36
41 70 65
37 52 33
9 76 73
36 34 35
43 40 49
18 13 66
29 18 45
3 40 36
40 49 5
31 66 7
61 13 1
69 36 9
17 21 17
28 46 30
74 68 22
71 64 40
74 1 43
22 31 9
62 6 71
66 30 72
47 39 22
36 66 75
49 15 23
26 67 33
47 9 63
66 50 30
32 21 66
50 15 49
1 23 64
74 44 54
17 6 44
59 68 46
24 52 31
1 77 13
9 51 23
59 10 69
50 26 3
49 33 30
76 48 57
10 77 70
42 23 12
12 43 27
64 33 53
13 53 60
38 63 75
38 6 5
75 39 11
13 23 26
15 70 54
41 31 6
31 9 48
24 16 72
3 55 63
77 33 47
17 77 19
36 17 22
14 64 29
20 67 50
41 29 12
38 18 47
70 37 30
58 74 29
74 65 44
23 11 38
45 35 76
19 36 68
65 68 13
75 26 8
64 3 15
53 31 76
41 33 69
68 1 34
20 54 66
10 49 10
44 45 16
43 41 34
14 45 11
63 73 5
22 55 45
51 37 55
52 39 3
37 33 52
16 13 26
44 46 59
51 72 14
38 14 59
62 36 57
46 24 55
25 38 4
48 20 38
17 58 75
28 4 70
44 51 3
55 71 7
54 77 54
47 53 59
71 23 19
36 24 25
23 60 27
7 57 34
69 20 12
41 41 17
50 13 3
23 62 36
26 35 76
61 70 15
76 66 23
11 10 27
39 62 19
23 72 72
50 66 28
5 58 1
67 62 39
23 7 8
52 5 24
44 22 33
38 57 9
16 4 42
65 63 14
8 10 49
54 21 27
8 63 69
51 41 47
34 51 7
32 32 76
4 36 45
30 17 12
12 39 8
68 59 33
65 57 7
33 32 37
13 76 27
51 60 8
77 5 33
65 76 5
9 19 4
49 48 40
73 46 56
68 23 45
19 19 46
60 16 25
6 77 7
73 68 20
13 51 39
64 12 18
35 7 38
11 53 60
72 28 53
1 38 47
51 60 40
55 51 4
18 66 14
62 50 76
60 34 34
25 53 42
43 10 33
61 45 18
45 59 34
16 11 24
26 26 38
17 5 14
10 77 7
24 71 24
15 48 15
31 53 5
68 50 71
48 4 70
65 37 41
75 44 69
41 60 30
49 47 72
6 51 66
55 61 32
65 51 33
43 57 18
5 71 76
38 46 33
23 16 12
57 53 69
11 42 22
26 9 53
26 55 7
33 37 62
58 20 67
56 10 42
52 37 59
3 77 8
35 18 22
42 75 11
65 60 44
14 42 29
17 72 76
3 53 34
13 30 14
7 26 44
20 55 33
39 22 40
25 65 66
33 6 49
38 54 41
58 9 13
7 42 18
39 56 34
55 37 52
54 35 61
29 64 72
44 59 2
68 41 31
70 10 25
66 24 32
25 43 14
77 66 6
4 44 53
4 75 12
5 4 41
8 19 25
12 25 3
22 61 12
11 4 19
43 11 36
23 41 1
39 77 47
23 31 51
23 67 9
9 34 55
4 49 31
73 60 11
50 38 27
4 28 8
25 68 17
71 26 61
76 25 40
8 19 54
46 2 2
59 25 22
13 50 51
29 31 39
27 44 1
41 19 10
63 74 65
57 49 18
35 53 37
44 2 62
13 16 70
59 45 39
65 66 5
9 38 40
13 38 69
13 48 37
31 23 73
5 24 60
3 18 70
14 63 43
63 12 62
39 41 1
57 43 45
8 17 34
63 42 37
9 48 20
44 75 38
57 2 39
7 12 63
49 31 63
10 41 38
63 76 73
19 51 35
38 26 16
29 21 57
28 38 51
48 21 69
21 12 66
63 43 51
18 23 47
71 5 58
19 41 42
19 66 65
29 57 45
7 43 28
31 22 4
25 42 61
36 29 69
20 48 73
20 29 65
67 22 28
60 35 27
42 48 69
73 60 72
11 2 38
70 76 49
72 2 61
13 59 26
5 72 60
40 71 32
55 18 49
17 68 51
64 2 18
16 58 10
60 24 11
65 44 44
27 28 4
61 5 29
25 16 61
62 18 40
51 40 33
10 45 9
42 2 21
5 58 32
20 57 36
74 69 27
58 71 67
74 30 50
69 22 18
18 28 14
44 32 72
35 48 16
31 74 12
27 16 39
33 41 47
6 71 74
39 72 11
60 77 19
74 26 32
74 46 53
58 68 31
1 53 44
9 44 40
52 34 31
51 58 39
22 69 69
58 11 63
12 3 42
70 74 76
37 53 38
73 61 10
56 5 51
26 22 62
33 15 11
14 29 14
73 17 41
33 68 58
33 21 65
57 20 77
60 50 69
40 74 43
17 5 14
13 54 49
5 51 22
2 11 67
6 2 33
36 62 59
17 38 42
38 50 27
57 44 72
41 8 18
65 47 69
1 64 33
55 4 24
69 54 54
47 7 22
48 43 28
43 14 66
47 30 8
68 53 74
40 17 27
46 68 27
12 52 49
44 15 76
75 48 59
9 25 29
22 46 59
51 12 4
33 77 77
70 21 32
3 11 29
61 39 17
15 60 23
72 73 68
74 68 67
48 49 60
65 46 3
25 42 45
47 19 40
47 40 28
74 40 69
44 50 32
15 31 36
19 46 7
36 13 18
43 46 73
38 32 68
12 42 71
30 9 52
5 5 76
24 7 34
35 17 7
39 13 75
30 55 76
72 10 36
5 24 69
15 23 9
60 10 2
19 72 70
49 38 37
76 33 62
61 4 18
23 7 59
64 49 10
47 67 62
1 8 3
73 44 8
41 36 65
12 50 6
40 72 77
33 65 55
38 16 57
74 2 16
13 35 12
53 51 14
10 31 11
19 74 67
34 12 4
27 73 39
37 24 30
43 41 44
1 66 47
21 31 71
65 1 26
9 14 8
65 31 48
51 66 1
28 8 14
16 69 20
47 74 2
70 53 43
62 38 53
36 30 57
63 29 74
21 59 37
62 67 13
23 47 29
76 44 46
36 47 10
74 65 43
14 3 57
72 40 24
25 46 47
24 47 38
10 10 54
44 67 70
32 56 3
18 9 12
44 53 69
38 20 16
42 26 7
9 33 50
8 13 67
39 4 56
33 26 58
27 46 14
56 10 70
65 65 5
34 77 63
66 35 19
28 76 7
20 64 8
73 29 20
21 32 4
56 51 63
32 68 26
5 7 6
33 69 67
12 67 23
46 40 74
45 43 64
57 64 54
26 10 39
73 30 65
75 18 15
59 61 73
48 9 74
58 53 36
43 52 69
5 20 1
20 9 13
28 13 17
61 17 13
9 60 8
29 12 62
77 14 20
75 75 23
55 67 2
42 51 42
14 3 22
42 47 15
58 11 54
15 3 63
50 19 15
64 73 3
66 37 11
24 70 76
55 21 20
60 57 10
54 21 4
67 9 19
26 58 58
26 71 65
55 35 32
21 75 34
63 7 20
38 62 69
17 11 2
23 18 73
11 6 72
29 13 52
71 56 66
9 50 48
32 35 32
58 63 55
13 17 1
19 25 28
63 49 15
56 42 27
73 63 27
50 37 66
63 22 8
18 67 19
54 47 70
9 71 11
65 34 12
41 33 54
37 30 55
35 18 3
65 8 13
72 63 64
31 11 4
8 45 53
4 66 51
77 72 25
2 57 49
53 36 57
63 42 18
61 46 12
36 45 61
11 50 45
73 67 53
46 40 70
51 22 19
18 69 29
40 19 17
76 18 28
2 9 27
6 72 7
25 27 54
39 46 15
37 10 18
34 36 2
36 19 68
50 51 51
11 17 65
56 75 71
16 46 4
19 35 32
40 27 44
53 54 7
7 35 53
4 74 61
51 3 2
1 76 61
61 3 50
41 6 4
59 47 57
70 68 13
29 77 51
18 18 36
48 22 11
11 68 22
63 43 4
72 4 5
7 9 45
28 53 74
32 61 21
38 49 71
69 64 56
31 61 6
29 38 68
68 46 69
45 16 26
17 9 48
53 58 1
26 24 21
66 6 3
59 71 77
3 45 64
70 50 35
52 72 72
37 53 56
53 18 48
24 39 64
19 76 51
40 14 55
27 66 39
68 37 47
38 41 63
20 66 33
33 13 17
63 60 67
55 75 60
61 12 51
5 18 48
38 9 68
25 39 12
69 53 42
63 62 27
59 15 36
42 37 43
63 43 55
58 30 1
39 7 27
76 12 29
70 40 22
49 3 53
14 25 33
8 54 19
11 17 45
56 4 71
63 48 21
32 48 2
13 75 68
74 23 50
26 22 10
41 19 45
36 55 31
65 42 47
12 40 77
72 69 24
21 58 55
15 18 26
75 22 41
1 32 15
30 30 68
77 34 16
10 45 37
37 57 16
12 36 51
11 55 63
58 66 62
40 73 11
52 60 55
72 54 29
67 56 77
74 24 74
24 62 60
32 8 29
75 49 54
39 16 64
74 49 68
54 29 12
66 42 43
6 43 68
64 32 1
53 19 74
59 76 63
72 16 76
68 10 69
33 30 33
23 70 63
67 35 46
77 32 60
61 43 13
70 13 54
67 48 66
1 3 62
55 31 54
50 27 42
51 68 61
63 20 37
35 72 38
55 61 17
63 75 24
22 30 44
42 25 30
67 39 25
41 66 26
65 47 19
13 73 46
13 43 34
61 33 61
14 25 14
58 50 46
37 3 21
33 72 12
18 8 64
40 15 44
2 42 21
51 19 61
4 31 25
25 57 52
9 26 21
14 77 56
75 63 51
55 44 13
28 46 6
4 77 44
48 23 41
1 64 55
14 47 34
67 32 72
70 67 6
10 54 72
3 7 44
16 51 55
63 7 64
43 47 44
36 57 44
31 52 74
74 31 7
16 55 64
37 26 52
57 5 48
44 54 42
55 51 47
40 1 7
50 55 4
38 62 58
57 38 47
75 64 51
62 9 76
69 37 56
51 55 27
3 7 33
77 76 30
17 5 28
9 71 59
22 72 47
64 69 25
44 72 72
7 28 70
19 57 17
54 47 7
9 67 60
33 35 1
42 38 21
40 30 38
11 77 52
14 75 43
50 57 9
48 67 64
23 21 70
13 30 59
61 24 57
52 57 22
5 40 43
57 18 35
19 4 21
8 25 33
38 13 8
70 50 75
10 46 16
3 62 16
38 60 71
59 54 47
23 12 76
73 1 15
31 10 16
34 59 39
53 72 74
39 34 70
3 69 67
31 58 70
14 55 25
19 66 40
35 44 39
29 39 29
22 31 2
73 27 48
63 1 54
55 31 10
30 29 36
15 28 62
12 46 45
7 37 42
65 46 15
45 11 27
52 65 16
32 28 47
3 2 25
13 18 51
49 13 76
5 39 65
63 38 10
50 4 26
77 50 26
13 34 49
68 59 19
74 44 20
77 17 44
26 51 9
64 47 53
37 23 53
38 21 55
30 39 25
74 18 38
68 42 71
39 3 26
11 67 27
75 16 10
15 47 54
5 23 77
42 4 14
18 52 77
47 12 34
69 30 9
67 6 46
65 61 39
72 62 13
47 11 57
8 71 16
18 39 74
53 63 65
61 30 69
7 28 73
57 31 12
11 45 60
57 31 45
13 25 20
23 45 11
18 3 75
64 21 5
55 22 28
44 60 71
16 53 15
1 41 63
27 9 65
13 25 3
50 73 42
61 63 76
24 77 63
47 26 45
42 39 12
25 22 41
42 15 76
32 72 56
7 35 37
28 74 23
71 36 15
21 37 74
60 55 59
7 64 11
53 49 66
57 64 48
70 75 75
74 1 16
5 59 34
46 13 75
5 69 34
60 43 21
68 29 58
50 41 25
22 32 29
23 39 3
54 49 65
54 33 22
48 68 24
34 44 4
69 32 30
60 34 16
34 44 14
23 56 2
1 44 20
20 22 9
31 24 27
34 42 76
14 38 49
9 18 26
49 46 68
54 35 15
54 19 76
72 35 34
16 55 61
32 64 29
49 65 8
9 29 39
18 57 8
22 61 71
37 48 73
52 70 12
73 6 24
23 48 53
35 27 70
51 49 76
30 24 24
13 66 14
2 55 42
68 63 10
28 76 24
68 42 17
46 13 26
48 31 31
54 48 37
20 64 18
38 52 24
70 5 59
41 47 49
12 69 41
71 61 54
72 37 64
61 37 15
66 22 12
17 32 53
21 54 25
50 21 15
12 41 17
49 40 27
45 24 25
57 4 35
53 2 6
71 67 37
77 45 42
2 36 3
52 12 59
59 45 5
38 27 47
54 22 22
18 15 31
70 61 76
55 1 20
30 62 27
63 76 21
14 9 48
4 23 50
68 65 46
56 63 7
57 2 67
42 38 21
48 47 22
27 66 64
15 3 33
35 37 24
6 61 21
40 32 58
22 11 30
39 15 13
71 26 7
76 61 52
18 73 52
44 36 60
5 54 31
23 68 52
76 7 39
46 53 46
45 14 19
11 15 58
49 36 75
4 38 5
2 19 38
40 44 39
18 72 14
28 75 67
60 11 1
15 5 77
24 59 51
5 65 76
26 30 66
46 1 62
19 31 33
19 54 61
29 28 55
24 62 54
40 36 48
8 41 14
67 76 37
71 50 33
54 1 31
9 52 64
29 56 71
27 7 49
17 55 39
14 17 9
74 5 45
10 9 13
36 52 32
38 43 32
38 12 74
11 13 15
58 47 28
10 63 2
50 66 73
54 7 54
75 74 25
7 55 35
63 71 46
72 66 36
20 27 35
28 25 15
36 35 74
18 76 39
20 42 25
63 26 67
27 76 13
52 26 43
76 54 68
33 63 23
7 67 37
75 60 55
37 2 49
41 32 62
51 34 71
60 15 31
53 62 25
76 75 35
4 53 7
44 49 27
26 75 45
49 28 13
39 23 49
68 37 3
4 38 69
29 66 37
57 25 58
38 37 57
66 63 22
9 49 2
20 74 37
32 50 52
1 66 38
34 73 20
45 20 54
56 49 73
55 45 72
51 26 63
42 41 75
12 55 4
54 55 14
9 16 55
7 43 53
50 19 54
34 75 70
8 40 16
47 54 63
52 75 49
44 36 56
77 53 5
33 3 47
31 2 18
56 66 70
27 11 22
3 49 13
33 54 23
57 28 11
53 41 50
58 43 18
61 62 55
47 59 9
47 30 24
65 61 62
27 37 66
77 52 16
20 41 41
68 22 54
65 45 32
29 49 56
49 21 77
32 57 36
12 8 76
15 68 12
31 23 8
76 67 76
66 48 8
29 14 8
32 12 36
59 20 13
6 23 46
9 25 3
23 32 27
44 25 51
71 52 31
8 38 69
27 13 10
61 11 36
11 44 62
20 41 20
8 3 17
61 8 51
56 51 60
29 69 17
28 75 10
34 19 64
6 19 54
28 8 39
7 58 54
44 56 68
17 69 13
65 69 58
12 28 50
40 26 38
4 39 51
68 13 62
67 73 68
71 56 75
40 2 57
53 74 58
48 38 61
48 39 36
63 28 32
39 76 52
61 62 59
62 54 38
3 69 55
34 75 48
47 75 64
67 10 24
60 41 33
41 27 16
8 51 15
16 64 34
29 43 23
21 59 29
30 47 30
7 49 51
56 57 29
46 24 32
72 68 48
41 1 72
44 45 56
49 51 12
67 30 22
47 65 68
57 74 40
64 12 13
69 1 67
72 34 7
12 76 7
65 47 15
47 43 10
18 29 70
11 24 20
45 19 7
30 19 29
64 4 58
33 34 20
29 2 44
19 50 33
10 62 38
40 30 69
32 11 4
23 48 65
53 35 34
30 2 68
59 41 17
58 41 71
28 25 37
22 45 56
72 45 52
53 29 15
52 58 77
17 19 22
62 32 51
60 44 42
69 44 28
23 60 57
1 8 11
44 9 33
50 55 52
52 70 6
66 54 10
60 7 29
55 14 25
32 45 44
58 22 27
28 2 59
29 1 54
12 21 52
61 33 34
34 39 26
39 71 55
54 44 77
70 44 18
72 17 47
49 22 58
15 49 24
64 77 70
60 35 3
15 29 17
28 18 43
27 4 17
58 59 6
32 74 47
13 14 73
38 69 54
32 64 25
70 76 48
16 20 52
38 77 12
71 22 31
44 75 41
19 63 25
65 76 23
35 42 34
49 61 9
3 36 25
63 29 44
69 36 30
69 22 11
50 40 10
56 49 43
74 25 26
70 72 20
2 41 44
57 56 13
30 36 43
50 54 31
67 57 21
6 27 16
