5000
10 80 48
59 64 72
47 73 25
74 41 48
18 32 11
58 15 20
10 79 93
53 78 71
35 84 76
33 83 18
35 24 42
46 79 93
52 89 42
69 47 39
39 29 79
46 39 62
9 73 93
26 86 57
1 65 14
83 16 93
5 68 93
27 43 76
93 41 46
72 79 42
25 31 29
64 10 44
47 1 41
7 8 22
3 45 57
93 55 68
60 65 77
68 69 26
14 95 12
50 7 9
33 90 30
2 70 63
88 87 67
33 53 3
63 91 24
54 45 40
21 44 4
57 68 60
59 39 73
24 89 74
74 53 33
39 69 33
14 76 96
74 42 27
21 11 26
12 25 84
46 6 79
7 23 68
6 5 66
9 76 63
16 20 62
5 83 50
35 7 29
65 26 84
14 36 51
42 38 77
79 55 77
5 77 41
55 56 17
27 49 38
65 77 93
9 60 21
44 17 59
16 56 46
77 30 17
91 17 36
1 62 76
32 36 23
88 64 35
85 10 49
94 38 94
66 70 37
60 46 6
35 89 6
30 57 79
9 84 95
53 36 85
53 3 21
56 15 8
8 81 4
63 22 38
41 81 31
21 43 57
85 52 16
86 68 66
5 70 36
96 29 28
41 62 51
17 63 93
64 96 51
52 16 32
55 2 54
36 83 24
72 71 20
38 76 81
42 91 6
64 29 89
80 65 11
21 86 2
55 63 77
29 6 21
62 29 37
77 15 80
81 18 42
74 6 17
16 50 6
79 56 26
88 64 37
43 77 87
92 27 56
59 52 76
6 50 80
46 39 31
17 51 88
53 64 87
64 24 68
36 91 15
6 44 76
74 17 86
12 53 25
46 71 58
54 69 78
83 42 60
21 91 93
83 7 35
30 55 33
9 8 78
85 80 65
93 68 17
94 78 76
32 89 85
87 77 37
61 4 77
19 18 43
75 95 15
57 38 96
2 90 11
89 73 78
17 65 74
12 68 16
62 77 50
84 58 32
11 13 15
3 8 91
25 57 56
5 72 61
42 72 64
91 42 37
69 49 87
94 2 6
45 2 42
44 78 65
26 36 26
62 35 93
89 63 52
21 61 58
82 72 28
42 4 54
47 47 76
93 73 80
69 38 12
10 56 87
7 82 40
30 26 86
41 88 37
32 36 32
56 7 37
19 77 31
29 29 22
92 95 89
29 72 21
60 32 51
54 17 38
57 91 69
6 50 89
52 1 35
63 61 21
27 13 64
82 65 85
76 37 19
71 92 71
29 79 9
62 53 14
85 39 40
59 16 81
75 82 36
72 69 39
26 32 31
31 24 81
16 93 40
20 88 38
22 3 7
80 11 30
16 89 55
77 72 13
17 16 75
57 90 65
38 93 93
62 30 63
22 13 85
18 29 78
58 30 85
86 74 78
95 65 42
51 62 15
83 6 33
11 34 77
15 8 45
95 58 16
59 35 60
81 27 28
87 63 1
18 37 35
34 52 51
30 10 36
80 57 4
62 56 41
36 80 56
32 45 22
75 2 85
39 48 52
71 47 93
9 16 64
67 41 20
40 46 66
79 34 27
62 7 6
1 91 68
27 87 88
6 52 90
51 87 79
93 4 76
59 44 48
12 64 60
13 76 42
67 32 10
74 4 4
78 54 60
51 92 41
69 36 44
88 48 54
6 53 26
73 32 50
34 61 62
27 85 58
30 7 66
54 22 46
72 71 95
46 20 65
21 88 43
2 65 23
38 90 71
68 85 52
46 74 4
44 26 77
39 35 36
24 96 26
74 5 35
88 83 3
92 74 66
66 95 31
8 81 10
31 58 60
5 1 79
18 33 84
45 44 25
15 52 64
11 29 7
41 47 88
25 2 40
12 47 93
75 18 73
90 27 68
58 4 96
41 75 88
18 19 11
69 70 94
33 92 46
82 44 85
26 3 4
82 32 89
89 43 93
66 92 73
49 48 11
45 82 44
49 37 12
72 47 65
85 64 38
24 46 54
93 65 38
18 43 23
89 41 8
54 62 81
78 16 5
92 72 17
16 56 52
75 38 11
20 23 35
7 44 64
2 70 67
17 47 36
82 10 53
81 65 6
31 9 17
12 96 11
9 71 23
33 67 48
59 31 84
65 66 4
9 15 56
66 38 46
44 60 20
82 24 4
31 89 89
66 5 54
70 68 73
81 36 10
14 31 60
16 19 65
34 64 16
88 42 24
72 29 8
20 16 19
54 17 66
61 16 61
22 64 67
66 87 39
5 15 8
37 13 63
25 60 27
84 6 6
44 61 15
51 19 41
68 11 88
28 13 76
33 7 54
79 45 38
8 57 19
35 27 87
20 66 80
51 20 85
38 60 89
64 85 3
18 56 69
44 63 50
33 84 16
9 63 34
73 84 86
54 89 95
77 55 26
93 78 76
24 9 66
74 94 8
72 21 44
54 10 29
61 11 62
49 83 45
17 63 54
66 62 11
52 35 84
9 92 82
50 44 21
75 48 34
43 26 52
84 90 95
58 30 21
3 89 88
87 5 95
95 33 13
71 85 87
14 22 47
6 68 95
33 82 78
44 18 15
71 44 21
89 67 65
51 54 20
40 27 16
61 68 75
72 48 56
73 74 39
96 80 88
7 33 4
65 91 95
19 21 94
62 76 92
52 77 18
87 36 66
45 26 92
26 74 14
35 57 54
82 52 53
79 62 5
1 67 49
77 92 41
72 89 92
14 72 94
5 77 72
73 8 81
8 71 88
57 95 26
87 96 41
82 17 31
71 63 14
96 24 4
57 78 59
37 25 57
40 4 4
21 41 24
56 40 4
90 9 4
77 44 43
44 89 12
85 12 85
74 62 54
87 71 40
35 47 14
60 47 59
25 57 76
32 33 41
75 52 49
25 63 46
44 73 37
15 76 64
33 93 83
29 12 29
91 21 60
56 63 68
75 45 37
13 93 86
8 21 38
52 85 59
15 20 8
59 4 71
72 73 74
15 63 42
47 87 26
23 92 85
13 45 1
51 27 72
4 95 96
93 63 67
87 4 29
56 85 35
76 91 77
52 23 11
35 35 69
84 1 32
50 75 3
45 1 63
63 78 95
19 38 27
1 40 31
28 82 46
58 23 94
40 88 50
43 44 77
47 51 87
94 37 9
72 30 19
88 11 34
20 5 11
83 63 60
5 59 61
88 75 18
27 32 28
95 51 19
45 57 38
26 7 8
47 70 45
49 37 20
30 68 39
34 23 24
13 57 22
78 94 11
31 6 19
69 45 72
70 77 25
27 20 31
64 3 65
49 57 33
45 21 93
86 61 73
9 54 74
16 33 93
76 32 5
5 23 42
93 45 84
6 36 90
67 62 33
92 40 27
49 37 27
11 71 48
15 52 20
12 26 42
94 44 36
72 13 92
87 24 5
52 11 47
6 27 70
54 61 57
65 8 1
42 30 33
68 65 31
95 32 17
7 82 39
19 29 14
70 30 13
16 81 91
5 69 17
2 52 89
53 9 72
6 71 32
6 28 80
56 54 95
11 51 21
63 94 43
43 66 43
64 46 41
17 17 87
80 61 70
3 54 23
12 30 41
84 69 94
79 78 38
19 84 41
14 67 28
18 23 81
29 53 24
66 21 89
92 35 11
65 37 67
68 59 51
16 60 21
45 64 76
83 20 59
78 42 52
54 68 3
4 73 38
50 63 93
24 74 96
58 96 74
28 69 42
56 91 70
25 52 19
93 63 45
62 63 55
58 94 10
16 42 15
52 7 26
28 43 53
50 71 5
91 37 95
28 33 67
31 58 73
42 21 27
91 21 63
89 59 34
71 90 57
44 42 3
46 40 6
70 51 40
49 39 41
37 18 46
81 35 11
52 49 57
73 5 86
36 77 68
53 71 7
58 18 71
96 80 78
14 91 56
88 94 71
50 10 10
24 33 44
55 12 51
55 8 60
86 9 42
37 94 23
75 50 16
75 34 7
62 31 17
3 33 92
28 94 23
42 62 64
92 43 19
89 6 44
43 9 14
95 9 85
54 58 38
83 92 92
88 20 79
60 90 2
10 68 22
94 81 48
14 50 48
21 94 7
75 16 36
7 65 90
18 33 12
44 1 60
47 4 54
90 77 89
71 27 30
47 23 23
96 4 58
7 4 91
49 42 86
48 18 55
8 82 38
85 33 67
82 63 3
29 94 49
20 35 20
47 33 12
34 53 19
21 95 80
68 60 33
82 8 77
55 95 78
44 44 96
86 62 58
40 19 12
11 87 11
21 4 42
55 48 28
74 34 6
15 49 52
95 50 88
23 45 30
64 53 90
38 5 53
10 38 84
84 74 17
36 81 78
81 17 30
31 83 27
11 70 9
12 1 32
96 54 47
50 6 47
80 2 63
82 30 25
64 38 50
95 75 29
13 8 82
4 43 6
69 10 71
60 45 94
35 43 40
39 5 3
45 25 71
94 93 87
34 14 84
81 24 61
96 76 11
47 36 69
88 28 18
30 48 91
1 44 34
59 60 52
28 60 75
46 55 58
17 44 55
85 65 69
88 51 64
95 48 80
27 93 69
46 37 80
33 1 71
38 22 81
81 42 65
29 26 22
26 77 19
67 82 26
9 27 71
94 21 58
3 86 26
32 79 59
14 14 52
75 58 31
35 53 18
26 61 53
59 92 33
86 15 29
25 90 78
46 23 49
26 84 11
36 55 65
70 53 55
43 90 57
36 82 21
69 70 83
14 88 42
96 53 51
7 21 39
35 65 4
40 63 2
1 17 13
18 22 88
72 57 80
93 79 43
34 29 25
86 71 48
8 6 18
66 40 24
61 55 30
61 80 89
46 63 56
90 90 13
45 85 26
85 17 27
81 11 21
60 22 61
59 41 1
11 12 81
77 28 40
31 69 79
25 31 75
15 65 36
33 57 27
87 16 76
49 63 55
15 57 53
64 72 2
49 1 37
46 57 49
93 83 87
8 89 47
36 72 29
67 34 15
34 63 70
26 14 5
20 30 22
52 4 8
46 58 51
54 89 39
43 39 61
67 94 46
4 86 9
52 46 75
47 49 41
56 55 33
41 58 52
17 71 26
75 62 79
24 64 45
10 42 33
9 26 15
47 29 1
93 48 94
91 73 18
74 66 57
62 20 39
14 91 68
87 90 75
92 26 49
68 60 57
6 16 60
70 45 84
41 13 21
94 93 96
70 77 68
8 60 76
47 17 72
53 28 55
5 47 54
76 94 74
34 52 68
63 59 53
29 32 45
92 21 12
19 4 72
46 34 92
42 35 15
44 93 95
33 39 87
2 11 96
91 62 77
83 77 68
28 82 13
68 4 84
53 47 60
72 26 31
85 37 62
93 38 22
13 70 50
51 93 87
70 51 71
37 42 87
71 55 17
77 88 68
65 87 75
56 51 93
14 60 58
33 45 90
7 82 56
18 92 15
83 29 64
90 18 51
48 5 52
41 75 48
72 35 81
38 86 36
16 78 42
22 82 62
93 10 4
60 50 1
52 85 35
42 9 5
48 51 68
53 58 3
14 24 20
80 69 11
54 77 62
29 8 64
92 51 72
10 8 21
62 43 6
64 96 60
16 81 66
94 61 55
49 76 24
14 56 47
92 35 2
40 33 47
35 20 22
71 47 7
95 46 60
96 25 4
23 37 61
48 40 74
33 33 33
14 61 78
44 7 14
73 21 69
3 92 43
28 75 92
73 56 90
16 93 75
53 17 95
51 42 23
1 90 6
31 78 83
56 42 6
4 2 49
36 74 87
76 86 43
13 28 78
53 26 30
67 10 33
75 76 70
91 27 62
11 2 65
30 70 43
9 81 14
53 56 92
80 91 37
56 6 78
31 62 35
19 3 40
25 75 29
56 41 28
89 31 25
52 77 69
63 21 55
93 71 86
13 89 46
90 11 57
72 13 32
57 2 36
35 90 32
46 41 10
5 90 96
65 13 71
83 25 54
50 9 59
27 21 55
10 67 43
58 71 70
40 59 45
17 34 12
29 40 82
55 80 75
56 7 27
66 59 54
39 27 14
50 54 47
36 60 63
38 10 37
53 57 24
24 15 86
61 91 20
40 40 3
52 65 37
34 59 16
91 91 71
14 72 83
44 12 31
83 81 33
51 27 3
24 28 79
6 18 16
41 52 7
9 3 46
71 84 85
86 15 65
21 61 48
20 2 14
47 49 96
24 67 17
22 60 59
74 35 63
55 93 32
80 8 2
94 59 32
32 29 9
11 25 38
8 22 4
59 21 80
33 58 81
2 44 81
42 96 94
66 25 83
14 89 47
51 71 70
15 71 78
93 18 29
30 30 58
46 53 13
32 94 53
48 17 13
31 25 16
70 73 19
75 66 5
10 83 83
2 57 27
17 13 31
53 58 40
65 50 63
27 91 95
17 47 6
40 77 24
45 69 84
76 95 32
57 73 89
53 69 56
59 78 9
81 91 55
5 35 51
66 45 70
74 94 69
61 1 53
8 69 68
8 89 3
34 36 26
34 32 14
15 30 40
33 70 71
57 79 95
93 5 25
39 56 64
40 60 94
64 64 5
49 18 22
66 29 50
42 85 14
62 36 36
65 41 56
13 12 64
56 82 76
77 52 15
54 56 9
66 3 18
82 46 29
95 7 27
34 10 18
61 56 13
3 19 27
74 60 55
96 94 54
88 47 66
82 16 50
46 73 83
52 35 80
86 49 44
25 89 22
41 58 67
51 52 76
3 31 65
70 66 41
89 85 11
7 40 53
60 96 3
87 81 40
36 61 87
34 28 52
8 71 46
77 5 77
74 39 2
47 43 73
55 72 5
48 5 55
42 82 42
62 26 11
75 1 11
91 12 11
2 27 77
77 54 87
9 1 93
67 80 4
4 41 86
36 8 9
54 71 91
53 71 13
59 48 44
11 26 3
92 78 7
86 58 87
24 20 23
91 62 33
85 57 73
79 30 65
7 7 87
40 1 48
32 80 16
10 58 52
61 17 85
96 4 85
87 77 96
66 6 35
95 75 49
42 27 71
3 70 9
81 79 38
72 67 56
39 79 61
89 83 61
48 66 88
69 34 50
86 9 62
58 86 9
72 32 4
82 31 81
90 46 5
5 35 61
25 83 84
22 63 38
80 27 78
76 72 27
80 73 87
5 82 93
71 50 40
2 44 22
88 53 22
2 8 10
65 21 80
7 34 2
78 30 4
43 30 86
57 23 2
43 35 3
32 27 87
52 74 78
52 86 92
74 13 57
41 36 71
32 28 9
72 41 13
22 24 34
44 31 93
51 46 63
20 82 14
67 26 51
2 85 37
52 29 69
28 36 88
4 47 86
19 54 49
22 85 48
90 72 29
87 89 76
20 59 40
27 85 11
88 25 5
46 7 29
50 49 51
33 45 88
69 56 95
19 80 19
24 45 69
56 16 7
22 85 45
48 3 85
66 58 1
10 83 9
48 45 65
3 41 29
42 39 87
25 67 17
56 68 81
87 95 72
56 55 90
42 85 11
59 90 17
71 14 87
10 40 80
95 19 29
53 36 5
45 69 37
9 95 94
78 4 60
31 17 15
11 68 59
32 65 80
91 47 91
22 64 66
79 72 94
48 96 81
58 96 35
13 42 9
81 60 78
11 12 55
34 63 87
76 64 17
56 7 94
85 71 80
76 67 95
80 30 51
18 56 87
53 4 38
37 29 27
14 5 21
17 59 15
96 15 8
73 48 30
96 42 91
12 94 33
33 74 3
60 23 74
47 46 95
28 24 53
48 95 28
33 88 46
35 1 40
86 85 60
78 78 33
21 62 66
3 5 60
25 28 70
32 1 49
25 28 27
14 93 17
76 6 79
6 87 41
26 80 71
56 56 10
46 36 23
59 43 84
57 80 17
17 58 74
44 74 89
52 59 33
5 93 80
80 82 1
18 36 70
16 60 47
96 17 50
29 20 79
11 52 72
81 7 33
32 45 90
86 42 21
65 92 42
84 63 25
27 81 59
93 27 88
31 88 68
49 42 21
6 70 71
39 37 12
17 21 12
47 73 27
56 52 43
72 77 32
79 21 84
85 18 91
43 17 47
16 36 42
24 19 6
86 41 2
4 78 41
17 52 68
61 61 26
64 43 15
50 84 34
41 87 85
95 74 11
3 4 43
23 58 47
74 28 32
40 81 52
28 47 57
35 18 77
12 63 88
70 29 55
64 84 19
60 69 43
35 57 38
39 42 23
19 3 85
6 42 62
80 78 58
76 11 6
57 66 71
71 32 66
96 89 56
50 90 78
40 63 88
4 40 4
69 4 55
57 30 67
35 91 77
61 23 96
74 55 38
87 22 50
35 54 6
19 12 56
28 35 95
19 88 90
60 42 1
51 15 40
22 84 50
1 18 59
10 42 9
30 48 70
93 29 87
4 44 32
92 70 38
1 21 33
25 67 61
85 43 25
5 69 19
16 60 6
79 37 75
12 68 2
94 74 80
15 31 70
9 20 45
88 44 45
32 38 22
89 46 50
61 57 6
18 46 92
93 7 85
6 21 77
90 78 66
8 81 69
62 86 37
83 41 75
44 84 85
74 22 11
49 30 80
39 94 36
70 88 39
30 51 19
30 36 3
42 67 95
14 74 10
14 19 51
11 29 63
30 19 17
10 4 62
79 56 48
7 60 92
21 63 10
21 41 87
77 63 14
52 59 77
53 10 6
81 77 6
2 34 83
48 82 38
54 51 32
81 32 10
43 44 79
17 32 14
84 12 30
84 46 56
45 26 21
54 1 9
17 22 4
94 29 93
91 19 68
14 19 90
24 87 58
57 85 21
92 87 61
63 20 46
68 86 12
21 36 34
64 29 62
88 60 59
3 8 70
13 46 65
62 95 19
96 4 25
37 36 27
89 14 94
82 7 90
30 17 96
61 20 67
63 16 74
52 32 96
7 51 29
18 37 22
73 23 37
93 20 83
69 89 17
71 24 72
50 82 11
59 80 53
33 61 78
95 85 47
56 77 84
83 10 11
53 78 33
94 95 78
76 46 56
39 55 58
59 44 73
90 90 84
94 34 69
32 72 81
81 42 21
43 5 77
83 11 71
41 22 92
23 75 15
20 90 93
36 24 81
42 37 53
8 84 20
86 12 26
71 61 9
62 22 43
91 12 73
79 87 95
11 76 77
5 69 24
91 9 5
50 58 76
45 87 42
70 78 33
94 96 75
57 68 60
60 7 42
25 3 36
27 70 54
10 20 38
83 50 62
73 37 76
20 59 55
26 51 2
93 75 51
76 8 95
20 44 35
85 23 78
81 7 11
90 6 21
58 12 5
87 42 69
74 65 28
50 12 7
48 49 12
38 16 69
25 5 95
21 28 46
53 63 10
33 8 91
86 60 83
16 84 80
48 29 79
40 74 4
7 48 87
43 32 54
85 65 54
25 31 15
85 31 35
78 67 48
91 74 88
88 64 29
7 19 86
82 64 68
62 90 42
19 9 14
61 84 53
59 2 63
76 26 89
31 61 76
89 78 75
24 47 29
51 85 13
34 55 95
69 17 95
92 38 63
11 51 73
79 78 22
67 33 61
78 14 94
85 46 35
7 48 39
66 66 63
28 32 7
66 36 41
2 29 89
34 72 56
25 9 45
78 74 55
43 67 11
93 82 35
6 58 21
31 1 73
92 70 78
48 73 88
30 65 42
21 55 64
85 36 10
88 4 20
26 87 54
38 95 85
80 26 22
57 30 36
79 11 78
86 82 19
15 10 75
4 47 43
82 40 3
75 63 79
29 27 36
79 89 76
29 92 18
13 71 82
68 72 16
79 8 83
46 77 67
94 46 37
93 22 19
34 30 65
57 8 74
40 78 15
94 10 68
63 71 8
72 54 71
87 24 21
55 11 55
17 26 94
18 75 92
41 65 82
9 24 8
85 85 34
42 25 5
85 77 95
86 85 33
44 45 74
46 45 79
8 8 24
72 9 27
13 59 21
77 79 5
90 61 28
77 66 36
16 68 79
17 58 30
47 68 38
75 81 43
55 7 41
52 30 26
49 17 13
85 96 80
35 52 74
14 87 36
5 92 93
22 4 24
66 77 2
32 95 30
89 34 39
23 85 4
78 42 48
32 29 52
67 12 10
4 28 96
93 91 42
59 90 8
89 87 96
16 84 46
57 30 15
63 77 44
52 77 17
51 89 17
85 91 46
80 31 14
78 16 88
59 50 25
50 33 92
65 9 27
40 26 39
95 9 82
92 32 67
69 94 28
13 34 14
61 61 51
8 29 43
73 73 31
80 27 94
27 28 52
18 1 53
43 50 34
60 27 20
24 54 4
44 67 71
1 73 1
76 27 51
27 89 69
33 7 60
54 12 88
17 40 14
55 21 86
54 88 93
96 87 11
3 81 51
31 36 78
1 71 83
75 83 3
77 47 16
65 85 20
15 35 25
79 49 65
11 16 5
89 18 83
12 27 21
32 77 61
37 12 38
37 7 61
82 79 51
29 94 68
64 17 93
10 79 53
10 85 4
59 13 92
58 32 71
19 17 22
95 62 7
1 41 55
9 76 94
42 56 86
39 7 45
71 42 90
42 61 51
71 16 14
87 41 42
72 18 84
50 58 35
56 41 40
70 7 79
91 75 30
67 83 25
58 87 60
90 84 85
24 17 19
4 72 59
63 37 23
6 39 9
13 66 21
79 76 82
76 7 61
22 43 65
82 29 66
48 23 47
22 19 8
58 9 65
12 45 56
21 6 45
35 81 11
83 22 7
23 44 74
88 63 93
68 62 62
75 71 95
91 36 43
14 8 15
13 57 80
22 84 58
90 62 57
14 38 2
89 27 71
5 85 18
88 61 94
58 74 49
5 39 25
11 64 67
87 79 44
40 52 24
65 80 9
25 84 95
33 25 95
11 83 84
91 63 41
8 71 41
81 8 82
6 20 12
36 32 57
14 88 1
3 83 88
41 81 82
63 15 76
75 70 66
73 87 37
88 63 90
66 55 47
45 37 76
18 92 42
96 83 12
43 66 11
59 41 12
35 75 17
36 46 52
35 21 25
23 46 15
40 3 35
70 2 48
89 46 91
73 14 95
7 69 32
52 91 1
78 84 30
9 5 87
41 60 29
77 66 20
9 40 96
61 60 37
30 44 92
41 95 54
92 51 34
66 5 96
57 94 59
91 80 50
1 88 56
15 41 58
75 80 26
11 92 40
58 68 26
84 24 56
22 4 12
12 20 80
1 26 7
33 18 23
95 36 85
80 70 40
65 67 78
93 29 81
11 8 62
22 44 70
65 54 2
26 69 11
33 90 37
70 67 47
89 75 24
52 81 90
57 74 17
47 57 44
91 28 25
62 27 18
34 49 37
13 11 87
58 87 43
24 89 24
65 80 49
35 91 70
44 67 67
7 92 54
32 84 60
77 19 72
30 4 55
75 3 1
92 94 9
90 6 75
18 23 84
77 67 41
55 69 26
4 16 86
18 83 35
71 14 9
42 18 13
49 57 12
8 73 68
32 84 94
88 50 68
88 42 86
77 6 86
84 31 4
26 72 73
67 81 48
24 66 82
50 52 76
41 18 67
63 16 59
8 55 28
28 62 84
51 89 62
92 38 14
66 78 22
77 92 14
88 43 72
28 92 33
16 69 1
59 36 7
79 88 17
7 46 90
87 92 9
18 39 64
11 84 91
48 46 89
2 23 16
11 17 83
82 61 12
75 87 70
84 21 9
80 30 9
70 60 34
93 40 38
19 72 57
72 53 39
69 11 38
9 42 86
35 37 69
86 46 13
87 31 82
22 62 78
60 92 4
15 18 89
89 62 25
83 55 22
80 1 47
81 40 44
25 95 54
56 96 87
96 35 79
49 32 26
10 61 22
8 89 27
68 82 3
36 76 41
17 47 24
9 43 50
75 67 6
6 44 42
47 57 37
12 22 24
70 14 65
89 58 13
15 49 89
39 9 20
56 49 50
77 47 64
80 73 21
91 63 50
18 91 36
42 87 95
76 8 21
85 8 20
77 43 10
69 79 29
96 20 93
40 81 25
7 93 27
83 30 22
33 18 80
4 40 33
46 34 14
35 65 94
78 2 60
56 42 63
72 89 47
49 52 61
68 77 81
82 2 72
32 94 92
58 54 84
66 44 36
76 9 61
39 20 42
71 32 86
76 78 59
52 92 37
13 41 90
80 75 79
48 36 66
68 43 76
39 83 48
88 96 53
31 13 55
63 72 88
76 65 46
66 23 55
58 70 75
96 57 27
54 55 13
84 28 25
61 62 44
8 16 12
54 9 65
92 3 24
34 47 61
78 90 46
76 65 39
56 47 93
50 37 53
10 49 51
70 59 86
94 79 55
59 93 9
39 22 32
64 35 13
51 32 96
20 6 37
43 74 82
61 66 15
89 78 58
61 9 20
85 41 55
28 45 33
18 80 1
66 59 8
57 62 70
72 81 69
15 55 26
50 7 42
85 55 28
62 77 7
88 17 96
91 15 54
25 62 41
16 21 63
9 56 39
1 22 71
87 29 58
9 30 90
43 7 55
29 92 24
51 46 55
72 1 89
21 57 85
82 67 66
62 61 45
58 32 58
39 45 18
46 75 25
86 21 18
47 72 18
51 87 55
87 52 44
3 9 59
45 59 91
84 95 64
38 9 52
93 19 43
21 23 88
79 6 90
32 74 34
40 73 68
44 51 63
80 6 81
16 80 42
55 21 79
77 67 67
27 28 50
62 33 28
47 34 93
19 17 83
2 47 6
94 32 25
30 58 69
5 53 66
84 53 8
12 94 80
59 29 87
72 23 6
88 65 6
76 9 11
6 78 14
61 92 60
21 60 5
56 94 43
73 87 36
74 58 25
86 80 16
73 14 85
12 82 73
37 78 42
33 58 7
49 20 94
30 40 56
47 59 21
86 2 91
40 15 1
73 10 72
71 50 34
2 67 65
38 13 92
75 10 23
58 53 74
87 44 16
90 28 7
91 93 5
86 74 33
42 1 35
8 83 69
37 87 85
55 91 70
39 2 2
13 20 59
92 53 86
53 64 11
96 24 75
60 17 15
87 83 18
56 15 20
25 69 23
23 89 46
96 11 8
70 4 96
39 57 57
36 71 37
15 64 64
42 47 88
61 80 60
66 55 3
46 71 84
25 58 25
64 22 73
26 36 13
31 62 57
33 79 62
34 81 93
90 52 74
26 58 9
36 55 12
18 43 30
76 35 12
7 76 79
34 77 95
33 5 51
52 17 82
92 18 6
21 75 80
39 84 55
88 51 56
52 26 14
54 9 30
36 76 47
20 34 81
18 57 30
62 28 31
61 3 90
39 27 55
5 68 95
86 66 61
27 59 75
91 54 66
49 76 27
43 1 18
94 90 79
9 19 36
7 49 84
70 24 12
24 2 86
15 96 15
74 82 49
68 96 82
4 53 33
6 61 76
5 84 51
21 3 32
32 8 78
85 26 66
85 95 63
63 74 89
64 71 29
59 73 94
29 70 12
22 50 39
56 94 87
58 23 74
48 23 4
89 52 96
67 28 79
29 47 55
72 39 56
15 90 29
92 34 69
37 47 17
47 41 3
26 41 84
16 31 91
53 95 33
66 43 32
61 79 18
38 15 68
51 36 1
17 36 33
81 26 93
91 53 91
63 45 14
69 20 55
53 62 35
87 24 90
73 95 55
84 3 88
16 51 12
34 77 68
46 39 66
20 45 60
79 74 88
92 54 64
17 61 3
93 60 67
74 93 7
73 5 39
6 36 26
59 61 48
81 2 25
35 20 40
76 25 71
38 89 84
56 25 28
87 77 13
54 8 8
37 45 34
24 41 83
30 30 39
63 7 96
10 46 21
88 16 62
31 51 4
2 27 39
9 88 75
41 33 78
79 88 95
35 95 92
91 47 88
20 58 85
33 28 55
39 81 69
80 27 81
48 92 91
11 67 6
59 30 32
64 2 96
80 44 10
27 82 95
73 31 79
78 48 56
77 52 51
40 31 16
95 46 92
19 82 34
93 55 91
19 65 34
62 45 23
2 83 91
12 19 57
49 9 6
51 46 92
36 28 23
75 37 32
48 93 27
15 22 3
79 81 15
71 21 22
15 42 15
85 38 95
46 4 15
12 61 50
30 79 33
88 57 44
33 61 49
77 70 29
87 50 14
6 89 51
31 27 51
2 93 18
15 35 15
52 56 8
17 20 17
87 54 79
16 9 5
15 1 96
68 37 4
43 66 43
96 91 4
66 87 37
61 77 68
18 71 56
96 59 45
90 45 93
22 27 58
93 59 41
79 43 49
76 69 96
17 55 41
5 41 37
56 74 85
54 20 58
85 83 62
95 76 61
70 13 1
19 8 24
10 41 62
90 80 31
79 2 54
50 13 14
90 76 95
38 26 38
62 55 79
20 95 70
39 21 4
57 11 39
86 54 58
48 91 64
37 35 75
90 19 86
70 70 77
30 3 32
11 94 26
32 26 11
94 83 64
19 95 58
74 1 4
5 1 72
50 53 2
74 21 28
12 32 55
84 31 18
17 41 51
77 66 89
21 65 38
90 83 93
73 45 11
95 13 66
30 64 49
13 7 87
1 46 28
47 21 28
49 67 43
79 36 86
34 19 24
64 75 44
68 24 96
76 76 2
44 44 9
17 56 38
80 6 8
32 82 39
89 40 50
65 71 95
89 32 53
63 64 36
94 6 74
14 81 8
8 34 31
80 16 27
34 48 37
78 11 74
84 26 62
77 16 94
84 28 88
72 10 73
32 16 50
46 4 75
90 14 92
28 55 55
78 28 78
19 74 5
60 51 95
91 82 84
96 48 64
69 38 87
66 61 84
35 23 1
46 60 44
72 12 75
11 68 83
14 69 43
46 41 21
5 35 83
31 88 93
41 45 19
15 11 38
90 23 49
56 17 17
10 48 48
8 38 90
47 90 26
82 92 95
42 17 39
62 51 57
96 51 38
24 79 36
15 59 83
79 72 59
45 77 32
82 70 14
11 16 45
22 16 66
30 87 77
67 75 67
85 28 91
53 1 57
15 26 90
4 55 11
66 93 56
90 80 88
7 39 20
11 61 8
51 19 12
16 54 72
21 13 33
25 38 41
49 36 65
33 3 83
68 65 39
64 92 15
78 16 8
90 16 25
95 35 21
92 64 73
92 2 51
91 22 34
65 1 5
89 94 72
69 21 52
41 84 85
15 11 69
47 29 82
54 8 84
64 10 69
15 50 85
94 7 21
94 88 69
61 56 38
71 89 48
32 13 42
71 25 20
85 41 93
80 90 88
15 3 8
19 65 34
57 40 50
24 57 3
7 35 96
67 74 65
21 12 75
6 85 1
7 5 60
9 68 6
89 81 5
81 64 13
23 1 35
77 28 62
15 45 45
88 2 26
73 85 82
54 87 10
66 3 94
57 29 37
32 6 13
44 29 52
94 94 92
59 82 38
33 83 68
22 5 33
18 76 60
32 50 68
38 23 57
1 29 17
22 4 34
47 68 41
87 54 92
13 43 7
51 51 80
4 11 88
6 38 79
65 27 3
73 34 17
73 17 10
75 72 92
79 11 1
25 49 24
33 23 48
53 14 38
20 18 18
17 11 11
92 39 24
92 25 76
7 43 18
40 34 57
47 55 54
78 24 65
20 27 84
7 60 11
65 94 25
39 75 91
87 6 89
37 28 63
20 10 11
57 93 44
41 19 87
11 62 3
82 31 75
39 51 8
38 84 25
26 14 5
79 64 35
36 58 41
34 55 31
2 20 46
91 52 38
72 93 47
59 51 83
62 15 54
18 35 13
63 43 75
5 1 27
5 77 8
79 18 92
53 83 26
71 4 22
53 45 43
79 35 23
63 10 38
54 52 75
31 53 89
52 1 22
37 36 24
42 88 7
96 53 7
33 9 51
2 9 4
57 28 68
55 79 82
22 1 57
75 50 37
12 9 19
42 93 13
19 1 88
36 25 46
34 96 4
85 70 71
26 65 32
5 78 39
4 54 27
19 40 89
84 50 55
59 6 37
31 30 31
73 13 6
78 18 78
4 61 74
66 54 58
23 78 2
17 84 66
48 34 67
38 84 69
58 31 4
20 63 16
3 75 46
95 4 50
64 43 32
76 26 74
42 14 95
65 54 76
77 8 21
4 67 41
55 75 79
4 70 39
80 21 77
45 42 17
5 38 37
18 55 38
28 23 39
96 21 51
41 37 25
70 82 48
81 56 10
89 60 76
59 37 28
54 29 23
80 92 78
21 58 44
87 60 79
50 80 82
11 12 51
27 17 84
47 94 33
13 72 80
52 56 34
17 84 56
83 2 11
95 26 86
31 10 34
78 77 49
17 68 25
19 72 71
10 42 79
52 61 22
19 64 69
57 26 50
72 19 11
86 40 80
18 1 9
70 17 59
65 51 9
58 94 83
84 3 57
4 24 83
45 54 82
58 90 40
40 30 19
64 7 91
58 34 78
68 67 79
30 71 8
52 24 37
15 46 8
9 58 51
68 49 34
5 47 32
21 31 86
91 1 14
28 10 69
57 9 38
85 48 86
71 27 20
78 86 4
39 66 9
79 18 93
75 19 82
37 21 47
53 37 77
28 79 5
55 39 32
94 49 68
42 23 96
41 82 88
56 54 75
90 21 85
81 19 28
5 42 64
71 82 79
19 86 88
33 88 27
27 15 29
26 87 96
82 48 16
69 6 78
74 7 55
72 23 71
83 39 60
92 35 52
57 86 17
27 78 80
4 36 58
19 12 33
80 67 75
57 6 66
89 40 91
82 16 23
58 19 32
43 36 38
24 27 94
35 59 55
69 24 70
33 51 33
71 15 3
92 6 14
39 43 61
30 58 9
12 45 23
16 77 7
75 79 22
53 19 90
14 85 35
13 49 18
5 61 90
10 27 6
68 56 42
46 39 39
33 89 85
76 49 95
27 46 67
80 75 46
50 41 37
83 51 86
1 54 11
20 25 27
6 76 30
27 45 52
34 30 28
63 69 85
85 52 75
94 23 18
29 93 43
39 85 63
15 28 42
87 14 96
59 71 20
40 34 55
11 38 44
19 33 89
62 52 43
1 43 44
56 49 96
71 13 36
41 26 84
53 85 84
51 14 75
67 33 63
30 19 37
2 70 18
58 46 54
16 41 2
70 59 88
94 22 9
95 92 13
48 33 7
32 72 13
44 40 84
8 81 13
54 29 22
73 96 8
52 12 39
79 87 50
89 83 46
3 39 40
65 22 23
1 79 68
52 79 44
53 48 81
81 64 15
67 60 23
5 95 23
72 8 18
46 35 71
26 34 12
57 94 23
21 20 2
18 45 32
90 55 42
83 75 26
44 11 72
70 5 76
6 15 33
68 64 21
80 14 44
83 60 30
35 63 37
70 17 81
56 49 52
38 28 12
2 25 15
12 68 31
22 79 11
15 17 62
43 6 40
88 81 41
20 57 92
8 89 69
2 10 80
72 70 81
13 93 39
4 47 37
12 53 20
80 14 25
77 16 10
24 76 76
10 39 28
52 72 15
7 17 79
90 69 91
18 49 51
18 62 1
96 71 6
71 88 6
79 93 6
96 54 23
6 53 8
96 65 46
46 2 37
62 18 21
70 82 31
46 66 33
52 2 24
78 17 59
46 37 4
85 82 43
61 11 49
5 32 78
14 35 84
33 43 62
84 29 54
57 32 70
76 8 92
71 63 30
10 33 67
21 63 78
60 79 16
27 36 43
71 5 64
38 22 62
10 63 77
61 51 51
89 66 13
16 8 27
92 59 88
44 19 5
48 19 38
40 66 17
50 67 58
12 5 5
3 96 93
78 22 77
55 3 92
52 75 31
32 46 93
94 15 24
70 84 70
87 74 51
82 49 75
66 55 40
19 44 24
68 52 9
65 34 75
33 27 30
25 74 77
22 81 88
63 27 14
53 73 14
19 15 51
67 51 5
44 46 89
41 27 28
33 80 50
93 68 73
48 48 55
4 38 67
60 36 89
53 33 64
46 52 63
38 66 16
37 2 34
34 25 81
52 5 40
41 3 90
6 49 21
36 57 83
12 95 76
40 84 29
60 93 90
90 21 35
85 62 92
49 49 81
43 53 8
17 27 84
95 70 29
5 1 45
80 80 94
30 87 13
5 68 52
53 4 15
67 19 35
12 19 33
69 18 43
11 94 46
54 76 44
70 45 40
54 30 10
96 32 34
83 44 52
51 95 36
63 58 28
29 25 5
28 23 70
59 36 29
34 88 57
55 2 43
47 74 65
89 54 36
17 23 64
65 50 73
55 6 48
42 26 26
16 59 51
27 72 55
8 85 39
77 86 71
16 85 86
38 91 66
43 5 66
39 36 23
46 86 59
25 23 57
34 62 89
89 8 35
2 6 50
95 86 90
69 18 68
71 24 49
16 56 20
21 21 19
89 91 36
39 86 8
52 47 90
73 14 8
94 76 96
82 46 15
1 25 61
78 93 72
55 50 91
96 19 2
37 16 39
47 44 73
90 75 94
38 29 91
50 90 30
5 37 93
1 62 4
39 81 55
43 51 69
57 74 95
94 21 6
96 11 58
67 5 54
64 33 10
51 62 32
74 68 56
70 19 47
27 49 4
59 39 81
70 29 80
17 23 90
91 52 87
38 81 39
57 53 13
76 51 26
24 91 42
12 79 52
22 46 64
52 6 5
64 27 31
91 37 84
96 85 2
25 60 55
63 55 78
6 3 66
30 73 49
34 7 50
10 67 21
32 61 70
5 4 11
16 76 3
8 33 76
71 44 53
15 95 60
57 18 1
91 56 47
65 25 50
45 53 40
56 11 6
23 29 74
52 3 84
26 93 42
44 40 73
20 13 55
30 60 19
38 1 83
25 53 35
95 69 13
19 35 45
2 14 51
50 53 64
86 2 39
35 50 50
48 63 17
53 89 16
46 4 53
10 43 41
45 14 45
94 94 63
10 90 48
28 24 26
28 45 78
19 45 30
89 15 90
95 72 30
47 79 37
34 60 18
86 26 51
46 59 58
51 24 55
76 75 10
78 69 71
84 88 62
45 8 91
51 90 81
66 13 47
20 29 67
68 76 43
53 38 66
86 54 36
28 41 7
24 61 86
54 6 45
44 24 41
33 5 82
21 37 5
86 78 59
93 38 23
56 50 83
44 70 55
38 71 75
15 94 87
95 23 4
52 93 11
37 85 81
53 3 5
57 87 62
32 96 29
32 19 20
56 2 7
3 83 56
86 87 47
93 29 6
5 31 42
65 78 54
38 8 26
13 75 82
71 27 69
61 43 73
9 12 80
9 78 17
3 62 48
42 16 44
73 55 41
51 38 24
95 15 86
30 56 76
66 95 27
92 78 80
19 75 62
30 38 65
56 50 5
89 51 21
64 78 9
72 37 58
22 75 9
84 40 54
47 74 72
19 49 80
13 92 63
8 57 68
23 9 83
59 25 78
78 15 4
8 18 66
24 83 54
18 85 71
73 23 73
12 44 79
69 1 63
18 78 18
9 60 35
33 27 88
62 70 51
86 9 34
55 33 50
36 50 32
94 24 43
11 43 95
88 81 82
20 65 45
49 20 87
57 13 12
50 46 14
96 65 62
96 88 24
9 13 90
1 88 54
63 73 5
15 95 4
68 91 16
79 71 70
10 60 49
42 52 62
65 48 11
18 25 57
46 8 57
56 65 40
65 32 40
84 52 72
35 38 38
72 47 93
74 82 85
35 89 25
34 59 80
75 74 18
73 14 15
29 44 82
93 77 60
21 27 7
53 65 33
20 26 94
72 37 85
6 34 93
4 84 50
41 42 36
78 65 94
63 81 57
3 48 46
14 71 28
23 93 72
12 83 10
96 56 89
42 61 65
65 42 84
14 16 24
68 72 85
90 8 29
29 52 55
77 86 55
55 96 73
37 65 27
3 9 46
3 81 14
51 8 67
72 9 37
51 12 79
88 23 37
39 47 26
58 59 5
68 67 9
1 36 52
19 36 30
29 83 36
1 38 48
9 88 26
88 87 73
44 4 10
74 70 81
38 25 16
2 61 82
77 36 28
58 22 70
1 28 54
77 87 31
91 86 5
6 83 52
51 81 75
16 41 70
15 27 61
10 31 60
88 92 48
70 63 77
81 88 84
85 59 84
53 57 82
61 22 49
84 13 28
5 71 42
19 79 91
61 15 2
90 19 23
92 48 61
11 81 66
16 31 87
88 16 13
49 35 87
22 40 12
2 62 57
56 82 86
83 14 57
57 78 56
16 5 15
90 33 72
10 79 69
53 73 88
59 76 50
34 96 41
52 94 70
60 2 27
29 67 5
70 92 70
48 82 14
15 75 86
37 26 92
42 38 69
85 38 94
64 95 19
77 66 16
9 86 71
58 5 38
62 3 91
33 51 82
20 20 87
15 72 42
10 47 71
55 25 28
9 66 35
42 77 7
68 56 68
80 3 83
29 16 32
11 50 44
62 2 33
59 35 55
78 60 43
60 9 31
88 25 25
49 46 86
43 78 38
41 68 24
69 57 91
34 94 80
91 83 50
13 54 60
72 38 76
50 40 54
87 65 93
75 26 4
35 56 34
66 93 34
40 22 15
46 39 46
49 69 63
56 92 64
1 93 8
66 55 13
94 53 49
74 18 65
77 36 54
2 23 91
78 16 88
4 16 1
14 64 49
58 75 38
39 33 46
25 76 92
87 9 89
46 4 55
46 6 27
35 19 77
59 29 28
2 87 15
13 9 85
5 90 66
88 66 43
8 4 75
15 45 64
22 4 78
88 95 90
77 94 6
94 26 46
91 34 63
92 30 18
62 11 61
59 52 78
45 21 54
4 37 17
20 45 25
90 21 62
26 34 71
87 59 42
83 71 35
95 18 11
40 30 52
10 54 54
91 92 64
44 92 12
71 25 2
73 74 45
71 57 71
13 14 44
39 63 87
22 12 35
18 68 49
3 2 47
79 47 41
56 4 64
36 36 72
26 55 38
27 74 24
81 72 91
78 17 60
20 30 24
34 47 16
73 42 31
37 88 96
68 27 87
3 57 83
60 84 92
15 65 51
26 90 20
28 43 86
27 81 7
64 76 83
34 2 62
85 23 52
53 85 94
22 16 83
45 30 40
60 94 58
60 50 49
44 56 33
94 23 70
94 46 28
88 63 18
85 69 74
42 22 39
5 73 43
71 95 15
95 27 79
37 67 43
18 51 41
21 89 24
77 24 12
60 3 61
52 73 18
33 86 71
19 78 92
62 62 90
78 61 91
3 64 32
66 8 48
78 20 72
55 42 65
72 88 12
88 20 42
58 21 57
54 72 52
57 8 76
12 46 45
27 72 44
75 68 71
84 5 84
25 9 84
90 5 85
1 19 67
64 79 36
3 27 25
37 88 11
19 56 58
6 82 54
30 23 37
75 81 96
71 71 32
70 70 72
9 19 91
60 74 71
12 63 43
22 43 86
12 34 76
42 1 8
93 13 23
60 60 35
12 94 27
13 52 39
29 83 78
55 96 50
46 95 77
92 77 69
38 35 28
66 5 14
66 79 95
69 12 3
57 60 47
14 44 71
73 66 33
81 63 87
10 93 71
50 19 79
20 57 5
87 77 1
74 66 18
72 66 84
30 49 9
81 27 2
62 44 24
46 68 77
95 25 85
54 54 19
28 31 33
70 76 15
8 34 50
71 56 68
51 53 62
19 6 80
11 91 61
2 6 50
36 78 56
11 23 31
79 57 85
2 78 40
96 86 75
38 19 81
58 67 26
39 20 77
88 20 27
49 60 1
85 15 15
64 61 12
51 79 6
83 92 27
40 47 15
77 59 30
95 6 84
30 2 38
19 70 77
11 41 28
57 81 40
78 14 70
62 85 89
88 9 84
26 16 93
42 15 72
44 88 26
40 45 11
77 2 57
72 10 92
64 6 4
43 68 89
58 87 38
32 82 43
27 24 95
5 22 77
63 11 63
14 67 55
89 85 1
71 23 81
63 85 67
20 49 62
31 51 3
54 8 65
49 45 74
37 93 61
92 85 64
10 76 65
32 74 15
24 48 2
87 82 79
7 96 23
6 19 15
9 76 9
28 33 87
21 66 46
40 46 28
8 41 33
87 47 31
39 64 55
19 69 7
89 10 18
34 34 88
46 12 10
40 67 94
20 51 79
5 21 50
96 47 78
78 72 9
89 53 79
37 36 75
10 39 55
47 70 45
78 24 46
45 58 2
93 22 93
84 30 12
56 27 13
2 48 7
88 41 7
15 42 24
44 25 48
22 18 32
56 51 53
72 56 39
66 46 72
67 62 82
67 47 28
66 12 75
5 87 14
46 56 17
52 96 62
62 6 89
92 68 18
91 11 93
34 80 90
7 82 51
5 49 73
40 82 92
67 13 37
46 28 51
3 80 94
26 91 10
83 8 55
25 42 53
78 82 28
41 9 95
60 15 26
48 37 45
8 28 4
30 8 67
87 33 61
14 63 25
28 91 80
86 78 39
41 66 19
14 67 4
3 41 71
87 83 26
35 36 91
55 65 89
49 51 63
74 22 35
13 34 46
43 65 3
21 75 47
7 36 38
62 67 57
74 52 66
43 54 51
3 18 38
5 53 61
65 14 2
15 12 91
79 84 68
77 93 54
93 56 34
31 2 16
59 49 27
48 19 43
31 65 40
33 67 1
27 63 4
71 63 14
90 72 36
9 81 13
60 62 59
70 56 68
67 5 51
94 95 23
23 62 41
69 77 85
47 15 81
89 34 46
16 36 67
39 44 67
62 55 16
83 34 22
10 30 29
43 39 13
40 15 90
91 12 48
49 86 95
73 81 75
69 5 14
5 42 90
81 64 96
76 51 29
24 19 32
36 87 55
6 14 93
33 72 14
18 24 12
2 70 13
38 63 24
12 36 24
17 38 7
22 86 10
49 82 88
11 81 39
47 77 1
15 10 85
56 65 33
9 6 31
36 69 52
76 29 75
65 44 6
33 67 64
66 48 66
89 56 5
38 12 89
4 33 57
38 50 21
61 45 66
76 11 89
78 65 74
47 28 68
22 22 35
35 58 67
91 85 28
19 54 10
96 28 87
88 13 41
2 10 24
95 8 2
56 72 12
13 60 32
13 85 88
72 86 35
83 19 93
93 83 2
11 54 46
55 48 77
85 68 44
19 26 33
23 58 58
27 25 71
96 33 57
52 96 36
77 5 16
32 12 96
83 14 5
2 23 16
12 55 56
28 79 69
54 73 73
62 7 5
51 48 25
28 60 6
20 55 2
30 52 71
16 13 77
77 67 95
49 3 21
43 70 59
94 5 51
44 42 29
72 79 76
72 68 32
63 93 72
36 31 56
83 7 86
73 85 89
90 15 22
65 9 40
65 86 68
95 30 43
54 2 41
28 24 71
69 30 19
71 54 12
16 32 41
71 80 31
68 42 84
44 70 42
41 63 11
83 91 85
43 95 5
43 65 75
30 20 66
92 32 84
15 14 51
50 63 3
87 95 36
91 84 90
66 15 10
14 39 12
57 6 61
87 71 57
54 16 52
16 23 27
94 38 7
47 80 24
50 68 93
43 33 26
48 11 48
15 62 57
75 35 39
47 96 59
80 53 35
60 55 44
84 73 84
57 55 71
18 50 90
49 39 64
2 76 25
72 72 54
39 32 17
3 83 96
47 70 50
84 81 43
38 52 31
1 4 53
16 6 89
55 17 14
91 56 18
72 4 30
34 32 89
71 57 1
38 73 62
26 43 41
15 84 67
23 17 22
80 15 75
90 1 25
40 38 81
22 96 5
83 56 71
44 87 30
87 5 43
13 55 55
94 89 44
20 14 75
90 26 81
69 42 55
42 11 48
77 80 78
31 42 39
52 30 96
8 14 84
46 13 7
76 70 73
4 14 14
71 78 77
46 19 95
58 33 23
70 7 58
45 95 83
89 17 54
62 70 74
11 63 25
19 18 33
93 94 2
26 47 77
54 2 38
24 78 54
95 12 56
57 26 14
19 63 90
47 45 63
11 53 35
46 73 51
38 45 86
79 59 51
13 75 40
61 32 93
40 64 41
6 44 3
48 15 55
33 91 84
78 71 25
50 21 44
60 53 30
11 77 20
93 22 56
7 2 58
96 64 95
8 8 94
79 62 40
76 55 94
39 63 18
68 77 22
29 74 2
54 39 37
57 1 43
80 4 28
46 19 82
12 68 53
4 51 62
33 17 42
71 94 20
58 88 27
80 50 19
89 36 62
35 1 61
49 7 52
3 48 46
9 48 66
15 76 14
7 81 56
2 28 8
79 64 50
11 31 74
96 39 85
25 80 90
9 3 24
80 31 68
77 83 22
8 90 52
50 41 9
57 69 10
20 9 70
1 65 25
50 11 25
30 45 78
87 87 25
6 76 57
58 5 38
54 14 17
16 74 70
40 19 79
83 48 20
50 78 40
90 43 92
61 62 25
14 53 34
20 78 21
77 45 30
42 43 48
30 13 28
63 14 24
95 27 50
47 93 44
53 47 49
84 65 59
27 22 61
33 19 54
30 71 93
32 68 93
74 57 71
68 86 41
77 34 82
31 45 92
66 14 32
15 72 63
74 39 21
85 61 10
68 68 57
51 54 95
6 46 58
29 19 45
91 94 9
96 24 21
89 9 28
65 66 53
37 44 43
1 33 1
80 52 41
1 23 13
67 93 60
39 44 1
6 87 45
33 34 74
6 27 38
2 51 19
70 96 45
3 59 7
20 46 55
58 72 19
53 8 86
5 81 42
29 60 32
9 34 90
44 60 94
72 6 45
65 48 17
22 40 48
91 74 85
3 22 57
46 42 43
8 73 65
22 58 94
67 63 53
78 17 11
92 16 23
17 87 19
16 8 21
92 3 62
33 20 66
57 95 75
1 10 74
44 84 5
19 57 95
45 13 2
43 69 40
70 53 78
32 53 90
79 54 28
45 78 46
45 28 48
30 49 82
60 35 96
42 38 25
45 66 96
75 10 63
26 95 41
31 36 14
41 43 33
59 10 18
77 29 64
50 74 82
25 68 54
71 22 48
17 6 50
41 95 18
49 55 85
22 9 28
75 69 7
25 17 74
23 81 82
24 43 93
24 23 79
19 69 23
83 11 13
69 34 35
96 76 93
44 15 77
17 96 33
39 74 37
86 85 4
53 11 92
25 4 23
22 15 55
62 59 26
52 26 91
65 42 25
76 48 22
88 10 85
68 52 40
81 33 35
1 67 86
32 46 8
81 69 62
56 74 62
37 55 54
84 65 23
36 16 62
65 7 79
74 39 46
52 62 67
93 4 95
30 28 13
31 67 63
87 56 49
47 4 32
27 80 4
16 70 3
92 26 43
75 55 30
93 69 43
81 9 78
22 84 14
59 9 41
2 88 46
27 94 2
76 56 8
22 51 9
80 1 37
13 60 46
25 86 69
89 87 53
45 18 93
74 88 85
55 1 23
67 95 64
71 47 51
32 47 21
70 60 38
10 91 39
11 23 45
71 40 89
86 33 36
84 94 83
36 82 47
50 92 90
74 78 47
46 88 59
7 63 17
64 57 40
51 94 71
3 6 43
78 22 31
67 32 92
61 77 73
95 69 7
89 52 41
45 16 95
84 63 29
40 88 10
41 42 30
87 85 45
53 49 87
16 25 3
48 1 90
88 62 39
85 47 76
35 52 60
71 41 60
63 46 42
79 65 61
81 81 11
71 74 52
25 84 62
51 77 51
31 53 57
40 37 64
39 27 15
71 24 8
5 81 73
4 5 23
42 88 17
20 62 55
1 6 32
30 84 71
67 68 39
91 84 12
26 48 27
3 45 46
18 18 58
70 73 6
26 69 7
37 87 95
55 10 74
38 20 5
26 77 24
93 86 54
83 60 43
82 49 36
94 16 48
15 33 11
57 39 4
18 55 30
91 87 73
33 76 91
40 93 84
95 2 43
62 92 80
24 4 19
84 96 72
6 42 26
57 29 71
55 35 58
55 81 52
69 75 52
10 38 56
16 25 4
23 95 25
58 65 71
20 84 26
19 43 18
82 25 19
80 95 28
11 7 81
75 4 5
30 2 8
84 79 7
52 48 34
96 63 6
43 7 60
63 25 90
19 22 52
18 46 30
67 22 61
9 27 2
39 80 79
62 2 5
65 51 31
34 24 27
66 95 55
94 41 38
86 20 50
11 12 91
40 44 72
32 71 94
11 70 39
9 23 83
7 18 83
48 36 20
95 19 33
86 45 49
8 21 67
37 92 42
62 78 14
76 71 65
12 41 14
66 91 51
9 48 67
13 79 48
9 12 28
3 54 65
16 62 19
11 39 33
94 22 14
29 47 71
13 71 46
59 54 53
38 70 56
9 44 54
79 92 59
19 71 24
61 48 94
20 88 88
91 12 84
80 55 1
69 73 23
20 94 95
13 66 52
79 86 55
68 83 84
78 91 38
95 81 56
66 20 37
72 33 54
80 23 71
33 3 74
94 26 90
9 87 33
3 24 47
61 48 91
48 6 54
45 19 91
69 28 89
28 96 60
9 87 12
49 90 6
79 41 53
58 85 63
4 43 78
21 83 68
22 63 59
4 80 14
6 85 27
6 1 69
91 27 49
37 28 40
86 86 18
89 36 54
19 33 53
92 31 45
89 68 86
48 86 13
78 25 83
75 44 22
87 82 92
79 1 86
39 22 82
63 82 42
84 83 56
91 32 60
43 11 32
84 86 55
18 43 49
94 87 43
89 75 8
57 81 92
55 22 44
77 4 53
96 43 60
93 48 78
85 96 78
11 1 4
11 65 14
17 56 14
95 34 1
66 40 25
17 64 58
69 81 75
79 10 56
28 88 3
96 67 17
48 4 55
94 33 66
48 17 93
38 23 46
5 72 27
17 44 45
37 26 85
45 82 93
34 54 36
83 96 33
71 19 90
35 72 58
92 15 69
76 84 15
9 60 45
56 10 59
76 46 73
87 19 95
66 33 6
11 8 8
78 62 48
48 20 59
95 55 16
64 52 8
55 27 44
11 15 81
43 29 25
69 65 1
96 55 11
54 86 72
17 44 32
25 77 6
33 76 46
77 3 72
13 91 35
36 34 17
88 95 45
27 5 44
73 91 68
78 76 22
93 3 93
65 1 51
65 73 12
5 69 70
44 22 14
29 43 2
27 45 77
8 80 84
37 49 38
94 70 3
17 43 87
11 85 50
80 66 45
73 43 78
34 62 44
86 62 51
49 49 70
50 57 72
54 59 17
79 78 64
82 87 23
20 35 74
87 26 3
60 40 18
72 38 27
2 95 75
60 25 35
72 13 31
55 15 35
75 86 47
40 9 87
87 89 20
90 78 73
14 65 78
91 3 48
2 77 33
44 13 19
46 38 5
46 92 52
73 76 17
6 48 49
61 53 53
17 80 56
31 95 12
31 39 9
13 23 15
40 42 88
27 19 74
79 90 15
72 58 50
52 14 84
1 10 55
4 60 76
32 82 51
22 21 8
92 72 33
82 69 7
7 53 94
88 18 76
93 52 71
5 34 26
10 40 36
8 64 72
9 60 3
8 55 77
86 89 62
44 43 30
20 48 40
81 84 38
21 49 65
6 91 47
88 10 67
56 16 16
11 34 43
1 3 74
73 46 35
50 1 20
64 60 38
66 13 1
31 77 11
62 54 49
64 2 55
8 61 6
47 51 92
8 38 38
87 59 7
84 93 68
32 78 47
57 61 3
82 28 50
48 44 77
96 75 53
48 26 82
44 9 40
58 14 46
28 91 36
95 9 3
36 24 39
62 16 65
21 43 26
24 75 74
23 21 45
55 14 57
36 69 86
95 12 82
67 32 3
6 6 61
29 25 80
30 9 68
24 75 83
54 27 15
28 87 18
66 1 4
17 20 81
72 96 55
59 32 9
49 81 41
31 25 65
46 27 4
61 41 71
87 93 60
38 3 35
80 3 52
64 26 23
40 61 24
24 72 72
86 79 96
49 42 42
86 5 20
52 95 83
2 17 40
30 3 55
56 72 64
8 64 89
2 95 79
82 46 91
3 46 67
76 53 30
11 46 26
73 88 74
68 68 73
86 3 24
74 19 15
73 44 5
23 85 68
1 84 60
26 79 94
16 93 30
14 29 22
53 56 87
64 59 66
41 76 88
86 32 79
24 27 92
10 22 86
26 79 22
58 68 12
6 35 23
2 22 34
12 26 48
23 18 27
64 57 18
76 89 43
26 23 41
57 45 56
37 66 95
68 35 32
74 8 61
18 94 66
58 90 10
91 75 94
52 55 15
2 66 81
44 36 16
69 73 20
51 33 74
11 79 66
61 25 1
28 11 71
74 15 95
41 75 81
85 9 4
82 24 69
30 22 87
7 41 23
17 96 50
63 52 38
4 49 2
19 71 67
38 34 89
38 34 12
36 54 50
58 20 85
33 14 73
41 11 89
37 24 7
93 12 61
90 61 85
9 82 94
42 87 82
83 77 89
67 69 12
33 44 51
52 96 23
90 51 8
78 27 7
31 82 61
89 37 34
61 32 23
89 84 87
80 78 88
68 24 70
29 67 12
4 90 16
45 36 96
72 11 64
33 14 84
20 83 67
44 8 76
36 27 94
44 87 28
34 45 13
36 86 91
42 58 29
81 52 26
84 28 48
82 34 60
22 6 31
61 17 8
66 47 77
4 49 48
66 48 66
49 52 27
68 73 72
13 87 67
58 68 21
65 72 96
3 9 96
38 56 41
48 42 32
63 6 14
72 1 32
12 51 38
53 33 80
1 74 22
11 23 54
48 43 33
72 7 48
21 67 88
10 4 9
27 28 31
64 75 12
76 79 62
30 32 58
1 87 90
76 83 91
55 26 42
23 38 75
77 95 15
96 84 75
1 72 69
68 71 17
9 18 58
20 37 43
56 79 91
1 26 96
33 74 85
22 64 32
19 44 40
9 25 70
71 28 34
48 37 40
79 40 27
8 39 43
2 81 49
77 52 88
67 78 64
36 83 25
17 79 21
43 50 94
71 93 69
36 80 2
74 70 96
63 83 78
30 27 68
31 53 6
49 28 80
9 45 69
52 6 43
94 8 42
14 87 81
41 21 29
77 79 56
67 33 68
41 21 42
50 34 53
94 78 16
35 25 47
93 47 39
19 71 73
75 28 82
15 4 29
95 61 88
15 89 38
96 47 43
36 88 61
15 78 76
72 73 78
87 53 73
13 85 40
6 58 65
19 59 46
29 86 5
31 81 70
39 54 2
9 56 62
72 48 83
8 40 84
40 66 26
56 42 5
95 58 39
48 72 86
37 61 20
49 26 55
79 25 2
13 80 39
59 71 82
22 23 17
38 30 64
22 53 89
63 10 11
24 17 12
89 31 59
71 58 94
4 84 65
95 50 75
26 77 69
21 83 46
63 61 23
70 59 41
79 56 56
90 6 38
89 54 83
32 8 45
19 43 32
77 16 63
15 53 95
66 94 13
12 62 77
68 90 8
36 10 37
84 55 89
54 47 77
1 53 18
43 22 20
93 82 85
69 44 87
95 48 83
29 65 48
23 52 94
45 62 89
21 71 6
79 69 55
48 6 19
54 95 77
50 41 16
72 11 7
26 16 18
55 4 92
71 64 53
92 65 54
74 22 42
90 29 63
5 77 87
7 84 13
44 88 93
67 12 63
17 45 88
7 20 10
69 96 89
46 53 39
29 66 94
74 46 3
54 89 71
95 86 91
36 7 27
73 11 23
61 16 55
11 31 95
28 26 61
17 81 28
37 11 14
72 17 56
57 3 67
75 34 74
86 77 3
77 26 82
85 53 57
41 83 35
55 52 38
92 25 45
47 30 73
32 89 66
49 95 36
24 67 46
5 65 23
50 30 62
76 3 17
68 49 71
19 86 31
74 84 37
79 21 87
28 91 20
12 3 43
86 1 80
21 64 65
71 59 85
25 13 61
36 2 4
60 61 7
64 19 7
40 72 23
83 77 13
59 96 81
47 82 48
89 38 96
51 65 48
27 80 16
72 11 13
22 15 90
46 23 62
77 9 92
23 18 37
33 4 61
30 87 28
3 3 6
58 57 22
25 95 27
77 13 11
78 94 76
26 11 14
41 23 16
26 73 46
37 93 49
81 53 11
12 2 7
69 60 69
11 57 51
63 15 74
49 89 46
44 19 9
69 76 63
48 77 11
64 59 26
5 39 34
50 19 20
20 59 82
94 73 37
21 91 17
40 17 83
4 89 67
72 45 94
68 77 27
70 25 9
51 38 42
51 76 87
41 8 34
70 63 10
27 11 60
71 42 52
43 7 86
71 24 45
95 26 88
30 2 58
5 91 48
51 88 88
47 24 40
54 71 49
69 69 79
87 45 8
42 74 30
82 6 18
74 36 86
14 58 82
8 10 18
51 72 8
70 21 73
27 66 47
20 75 65
66 76 78
34 36 2
73 87 27
78 53 89
66 65 60
17 15 2
77 92 68
78 21 15
69 34 72
4 73 94
89 44 87
21 70 17
5 96 59
54 29 32
26 89 4
36 28 45
81 72 57
62 86 22
93 87 45
73 21 53
39 35 61
39 3 16
68 13 95
28 32 28
82 41 8
15 59 3
56 41 38
65 92 19
24 86 17
72 51 61
21 36 34
51 16 35
41 7 68
78 29 44
66 5 36
20 70 82
89 66 75
83 18 32
71 74 88
70 49 8
61 87 66
29 67 34
64 17 60
63 14 57
25 59 47
14 93 83
13 74 12
37 32 45
86 6 30
32 23 22
48 68 3
70 23 59
96 18 60
4 67 64
77 44 94
9 63 57
72 5 30
45 89 36
9 8 27
22 58 41
52 56 40
7 88 27
47 35 14
3 85 84
38 60 62
51 53 30
5 52 24
28 47 11
66 15 82
29 53 68
84 26 76
47 52 25
94 94 26
72 54 47
68 46 71
37 87 94
90 94 50
10 60 92
85 18 78
75 36 51
45 29 3
66 24 54
46 59 1
59 85 89
77 76 62
34 26 33
7 58 32
31 83 82
14 22 70
28 37 13
13 40 4
2 4 42
25 27 84
62 93 80
26 32 13
13 27 47
29 35 24
57 62 31
19 95 95
16 79 90
29 48 67
26 58 47
39 74 67
39 74 29
33 45 94
55 87 44
52 8 32
8 60 49
55 62 8
93 93 38
25 20 20
4 82 22
49 67 5
14 22 61
19 9 43
31 60 65
83 94 5
35 86 33
19 28 78
25 88 35
67 36 40
85 5 87
74 33 63
94 7 27
15 78 57
67 87 56
41 46 49
51 42 93
27 82 71
87 26 34
87 59 30
86 24 76
47 93 18
33 43 65
39 71 35
69 47 6
59 14 2
55 66 46
91 83 10
14 23 81
77 71 74
77 52 56
13 32 33
21 13 36
8 57 17
82 35 86
46 89 19
42 89 28
44 68 88
94 38 38
17 56 29
95 75 20
93 46 3
92 16 43
24 89 38
22 74 62
78 72 81
7 96 23
8 49 25
11 35 21
15 17 83
76 75 23
25 50 65
94 62 63
10 48 94
62 94 88
50 61 17
96 22 28
17 22 59
74 38 37
49 7 63
85 90 10
91 89 41
7 35 64
6 93 42
43 51 21
88 16 89
57 41 19
73 82 58
7 39 1
56 95 59
86 95 82
91 53 45
79 96 20
73 21 85
17 9 17
61 30 93
24 64 81
56 91 36
20 16 93
67 18 84
30 28 34
76 74 42
18 18 25
41 29 82
46 78 92
36 32 52
63 47 21
15 18 11
41 53 86
51 20 72
31 27 19
66 62 52
21 43 95
65 88 55
32 48 32
28 6 68
4 73 72
53 16 11
47 53 74
11 60 78
61 58 75
83 63 42
62 48 34
37 1 28
51 86 54
30 74 63
3 83 46
57 71 59
31 86 77
60 56 12
20 80 40
34 75 35
6 87 86
82 83 76
48 86 1
26 84 41
87 44 90
48 49 48
60 93 88
50 67 1
52 93 73
35 22 1
8 17 9
22 88 65
22 95 18
48 67 4
69 45 89
56 91 38
36 11 82
11 72 49
7 5 62
80 9 52
18 94 83
21 72 6
69 28 70
61 77 94
37 37 10
81 31 80
82 45 96
80 66 29
78 61 2
73 39 68
31 80 88
14 76 47
28 16 30
90 26 72
72 37 1
9 16 56
25 73 80
93 58 4
55 96 85
94 92 25
26 88 95
19 83 1
27 56 52
61 84 40
13 73 5
46 44 12
16 48 88
91 9 19
19 66 57
5 71 51
10 64 57
40 31 83
79 86 32
52 17 31
43 90 13
65 51 18
58 5 83
59 36 28
56 51 91
5 13 16
11 53 38
29 64 16
47 83 73
60 43 70
86 27 52
57 29 18
72 30 40
59 13 21
53 71 49
93 8 39
8 51 71
16 90 95
16 23 77
69 50 6
60 18 78
90 71 36
78 22 54
48 90 24
61 14 92
75 54 46
67 20 41
36 42 26
8 69 37
36 20 45
29 57 4
9 48 20
21 94 34
26 81 57
38 30 3
3 3 24
12 11 37
19 77 26
21 69 44
53 75 1
91 12 5
90 70 11
76 1 82
76 2 16
74 44 88
62 7 52
58 83 93
68 76 56
67 10 32
33 58 21
13 15 18
90 4 50
78 52 49
95 65 19
62 4 69
93 71 7
93 82 5
15 66 93
84 87 83
79 48 37
71 48 42
61 75 75
39 15 22
74 92 2
8 7 35
53 51 9
71 42 87
70 58 14
78 75 65
15 30 96
15 29 6
4 70 89
54 6 14
14 20 92
3 31 27
69 74 60
69 53 65
7 42 64
15 49 63
63 92 83
61 61 75
50 38 70
10 59 40
12 42 75
21 65 33
58 36 13
6 66 59
46 9 91
46 27 40
82 30 31
91 56 80
9 23 64
58 38 90
15 1 4
28 30 35
69 29 92
45 44 34
66 9 69
58 31 56
31 88 53
21 57 2
79 52 70
53 70 10
5 3 6
62 46 62
5 70 85
15 93 77
69 93 61
3 10 94
53 6 13
37 30 50
59 92 77
15 25 24
20 70 9
33 75 64
85 69 4
36 72 39
42 3 58
60 32 17
53 85 1
18 90 29
52 12 94
48 1 66
31 39 44
28 16 38
70 30 1
43 70 91
82 1 13
47 76 92
23 41 35
55 68 25
51 71 20
89 32 81
95 19 3
22 36 16
5 67 86
82 92 3
45 93 57
81 65 16
27 32 71
62 96 69
89 14 43
81 91 33
77 61 16
2 34 61
47 11 34
15 67 55
58 81 65
34 72 22
44 61 30
72 84 92
93 46 57
74 80 54
87 60 96
25 36 72
90 74 70
27 57 21
34 4 58
94 86 51
37 73 42
23 81 1
15 50 54
94 39 3
63 82 78
58 79 2
41 80 69
77 30 60
29 6 62
60 52 76
46 72 48
44 55 48
47 25 91
78 17 59
79 80 96
92 62 32
37 51 44
24 33 12
51 82 46
30 69 51
96 76 11
8 75 59
87 93 28
49 77 67
62 62 76
52 86 9
73 41 1
90 2 28
60 44 25
53 62 14
29 62 38
8 53 57
42 8 26
10 96 58
8 28 57
48 16 42
59 80 58
82 65 50
9 80 10
17 34 69
92 32 72
80 35 49
58 33 25
55 41 34
58 91 87
10 41 43
67 78 22
51 87 25
20 85 56
73 32 35
90 62 6
59 12 87
84 27 66
56 77 3
63 54 91
44 44 27
13 16 37
63 91 9
91 65 89
92 1 86
33 62 12
31 30 11
76 95 31
