5000
33 37 31
61 54 3
78 70 75
5 59 19
4 20 53
25 11 27
52 15 56
3 52 2
29 17 48
30 57 21
58 46 3
20 60 28
22 61 28
66 45 48
13 86 13
78 28 63
83 86 2
47 47 48
22 77 15
12 8 58
32 77 76
16 56 70
58 17 50
56 78 5
15 30 51
68 62 53
13 36 42
79 2 43
30 78 18
81 67 9
7 3 9
76 69 82
55 48 71
78 70 52
74 45 22
50 58 41
7 32 40
41 62 4
69 52 76
20 74 29
6 74 13
67 65 5
26 40 41
23 36 40
76 43 80
29 70 18
61 6 82
18 85 77
77 55 22
10 70 73
73 2 53
75 27 21
42 21 71
18 46 7
3 53 56
1 5 61
77 45 28
44 79 23
18 50 64
55 15 19
48 31 75
28 56 66
37 42 83
80 69 53
58 19 46
73 56 11
65 37 83
46 33 41
19 2 40
75 42 22
19 86 68
69 7 48
31 1 47
44 4 62
8 7 58
71 62 47
56 24 33
21 43 76
79 13 84
63 81 73
68 38 42
43 48 18
18 24 59
54 26 72
9 51 53
56 4 2
16 53 11
57 28 15
16 2 35
15 38 81
18 59 75
31 32 31
11 43 23
60 80 80
4 41 28
74 16 51
63 22 35
46 76 55
23 35 83
53 8 44
82 73 48
81 68 72
21 25 86
36 50 39
18 48 49
26 35 23
56 51 2
85 18 11
13 33 47
43 15 67
6 31 68
84 14 12
42 48 32
21 3 82
3 2 52
79 59 8
68 67 79
61 76 43
27 60 35
31 44 48
53 22 60
29 84 81
8 36 84
65 37 45
46 56 52
38 26 43
59 44 33
72 39 50
58 83 15
55 52 65
66 13 62
8 45 52
36 53 33
33 75 32
35 58 45
81 61 13
2 17 56
31 71 12
50 25 57
80 71 15
10 34 64
11 84 10
36 20 23
52 77 24
19 69 30
70 45 49
22 5 44
40 69 46
54 76 69
75 62 37
32 14 25
50 16 58
7 54 31
54 15 24
65 82 38
41 68 31
21 67 48
66 77 31
47 31 81
50 63 72
3 12 82
59 18 78
85 25 41
25 84 14
44 43 37
48 10 66
14 31 27
3 43 86
68 38 65
21 46 79
28 27 5
73 55 20
38 78 45
14 1 56
15 19 17
85 55 6
7 7 38
23 26 36
49 70 10
14 56 8
37 65 64
16 86 76
38 78 31
59 65 6
41 52 62
22 27 47
56 40 13
42 82 7
69 26 70
12 81 79
67 80 66
76 80 52
9 17 52
85 85 50
41 44 60
30 70 73
30 52 60
48 17 75
14 56 39
30 16 75
19 14 1
59 80 17
6 71 55
10 36 43
47 22 17
24 10 69
22 3 34
37 16 73
13 60 49
52 22 66
72 33 84
23 15 74
29 27 65
19 14 60
38 84 26
9 47 36
19 60 77
55 22 34
54 65 85
33 73 72
33 24 67
16 53 25
80 6 68
79 48 86
11 36 5
38 70 1
41 81 13
81 55 82
52 5 65
79 38 17
65 54 45
37 44 66
35 39 10
48 63 12
25 4 45
71 52 57
24 69 9
62 32 70
23 1 30
64 57 36
42 77 79
2 47 22
80 80 31
45 60 74
11 85 68
76 74 38
28 52 40
20 76 4
51 38 5
21 29 26
55 34 84
36 7 83
43 22 31
42 32 10
35 78 30
22 61 75
3 75 66
46 50 59
39 46 45
14 40 71
9 83 29
3 24 83
19 47 66
31 21 4
26 32 42
69 21 11
63 77 24
57 63 55
55 26 8
25 16 11
8 18 70
39 45 45
65 4 44
23 18 28
50 24 47
27 68 56
76 53 79
54 8 20
46 24 41
51 16 73
63 53 19
45 54 20
76 54 68
44 18 59
3 23 48
56 35 39
2 5 79
20 82 21
53 24 44
56 61 39
66 79 59
5 71 35
34 72 46
68 46 25
75 29 44
68 24 67
85 5 26
67 75 17
63 48 30
64 81 49
35 8 19
29 85 13
55 69 22
72 56 14
59 28 80
26 41 63
85 83 5
61 21 5
78 37 41
26 2 77
25 76 65
57 54 69
79 82 41
36 16 78
82 79 4
41 60 26
72 9 64
54 27 32
20 44 54
55 57 28
72 48 60
80 15 48
20 49 79
33 53 35
75 85 26
79 48 13
69 78 10
31 28 59
85 14 85
14 84 32
82 83 38
46 70 2
7 72 4
4 62 11
28 53 17
13 6 13
25 86 71
73 60 46
70 57 41
77 83 4
59 67 69
23 67 52
52 36 58
56 34 48
51 53 51
19 2 17
39 59 83
37 79 2
67 53 63
26 74 40
44 17 25
7 73 86
12 6 48
37 2 7
40 51 64
15 31 11
7 5 83
28 3 66
30 3 17
7 71 62
20 70 49
85 73 11
52 21 66
85 16 33
33 11 6
47 26 7
58 36 28
30 13 4
23 2 76
74 82 76
44 73 59
53 53 10
55 57 39
36 55 28
63 80 7
83 49 24
64 43 70
23 9 68
13 25 14
64 31 11
37 34 55
13 78 53
34 69 60
53 71 58
9 64 48
42 69 11
12 1 25
5 62 70
57 40 62
17 82 35
3 81 79
71 3 33
26 42 17
7 79 9
78 47 43
67 67 51
80 29 55
38 53 82
20 72 2
1 59 30
12 55 70
68 81 69
80 60 53
1 47 36
80 47 77
63 31 3
62 61 63
39 35 43
81 46 47
31 25 73
43 60 40
64 6 55
42 40 5
31 24 32
52 26 32
71 37 26
46 8 54
5 78 62
14 45 15
47 16 63
76 31 66
81 53 84
11 52 39
29 34 15
24 10 45
14 27 49
49 86 21
22 74 45
53 79 83
51 47 41
16 44 23
54 48 29
80 6 7
30 73 53
71 65 11
75 33 80
4 36 29
67 46 8
60 74 39
81 33 43
20 28 25
23 1 81
54 50 69
75 70 5
27 74 72
11 13 55
32 52 46
42 77 60
54 12 86
13 28 81
48 33 15
2 17 20
10 18 15
59 51 82
58 29 78
13 79 24
13 31 42
46 70 14
20 50 69
86 31 24
4 56 60
37 71 41
35 67 14
54 22 44
86 66 9
52 8 84
48 30 8
27 64 38
44 19 50
69 74 2
54 62 84
74 46 25
18 39 71
42 35 60
20 57 69
21 76 66
26 47 84
71 27 55
16 34 19
29 74 28
63 62 9
27 14 50
85 65 73
39 86 18
44 75 53
44 50 40
45 54 39
44 59 69
70 28 32
30 36 17
11 77 66
23 40 1
23 74 52
60 18 77
66 67 17
71 8 78
24 75 38
85 13 85
49 84 42
18 48 5
81 39 37
45 40 50
27 60 18
60 1 40
74 29 73
10 41 73
37 19 77
4 34 77
69 64 80
14 85 78
36 78 12
76 21 73
21 17 56
38 55 66
5 36 52
67 25 16
65 27 45
39 10 13
75 25 58
76 67 12
48 34 67
58 20 49
23 35 56
4 83 30
63 28 14
58 77 11
71 60 19
37 42 33
67 56 19
7 70 70
49 46 78
75 65 86
32 81 20
35 55 82
55 13 30
67 73 9
10 79 84
3 28 35
9 44 61
78 77 12
34 62 35
64 13 70
22 5 16
25 62 57
1 21 11
10 67 66
45 82 4
45 32 4
40 32 7
53 21 65
36 73 71
68 69 9
6 41 80
57 5 16
31 66 14
1 36 59
82 70 29
42 33 27
14 64 38
48 29 37
11 48 86
78 43 79
21 71 9
59 65 13
29 45 3
24 36 40
56 67 78
8 62 77
73 67 37
64 37 79
16 44 30
67 43 3
22 45 70
77 36 41
20 76 18
32 5 43
59 49 48
16 57 47
31 51 82
26 41 34
76 83 73
39 43 46
70 67 2
27 38 21
83 80 17
52 69 85
12 63 70
4 24 16
3 73 37
70 29 15
20 55 66
7 71 10
33 84 7
86 43 53
65 84 61
9 25 31
67 12 64
69 23 53
77 59 51
64 26 41
83 18 63
46 59 59
71 11 45
53 55 77
53 71 3
56 84 75
50 50 42
50 77 36
63 36 36
19 79 13
84 78 61
22 43 40
53 72 18
45 27 13
61 85 83
78 77 18
13 69 59
69 18 73
54 19 75
79 60 11
7 58 57
41 39 60
42 57 1
29 68 17
67 52 70
75 81 85
41 29 21
46 32 45
79 69 24
16 36 14
17 57 3
50 54 71
78 36 86
79 6 62
54 59 67
28 20 35
18 72 25
17 4 67
66 43 51
74 19 83
28 74 51
47 54 54
19 72 36
76 86 27
50 38 73
19 76 58
16 48 37
11 78 31
4 59 5
10 15 40
79 40 63
69 38 63
54 67 10
11 2 23
35 68 14
71 42 43
50 26 72
43 48 22
18 24 45
5 79 3
30 71 5
70 40 42
53 72 66
29 14 23
61 78 51
78 44 41
37 69 39
16 86 65
76 4 38
86 58 32
62 74 76
81 34 18
20 5 51
76 77 49
41 13 83
23 51 17
69 27 13
3 7 38
9 44 70
76 50 55
53 42 75
37 8 39
83 59 20
41 49 67
21 82 56
35 66 82
9 66 58
14 34 76
83 63 50
69 11 31
72 17 10
36 27 8
37 47 15
50 41 6
30 43 86
57 66 82
70 26 6
71 23 41
74 84 68
29 31 64
48 81 60
14 80 69
18 34 42
36 48 68
45 85 74
61 15 82
77 51 4
59 1 47
14 11 3
30 22 46
63 72 24
69 22 23
56 55 42
67 10 56
31 78 78
76 50 84
60 44 52
60 18 56
18 44 30
4 8 49
25 45 41
67 48 39
82 7 79
12 65 82
63 82 60
18 35 38
78 14 72
9 38 56
63 39 35
84 42 62
85 29 34
60 86 86
60 17 79
22 51 27
9 71 78
71 1 72
11 13 44
73 66 39
9 51 7
56 46 32
79 57 50
22 25 6
2 47 24
5 70 34
4 52 48
1 46 33
26 14 17
22 12 9
22 38 64
53 23 83
5 16 8
86 37 43
20 34 61
54 63 4
24 66 45
1 11 77
9 49 20
18 5 73
40 50 56
47 34 11
34 74 1
79 68 50
33 66 31
29 80 65
70 31 6
54 57 48
34 54 44
53 25 6
17 70 80
9 13 59
46 85 82
71 32 62
22 19 29
23 38 58
28 49 65
33 48 15
55 71 48
55 82 34
68 4 79
58 57 46
24 67 33
67 79 3
55 19 39
78 35 8
58 22 17
20 6 33
84 65 17
53 55 2
59 17 65
50 18 30
12 23 73
18 1 2
78 12 63
83 81 58
27 84 83
46 23 82
22 9 30
84 61 24
86 43 82
7 27 27
48 44 74
9 56 57
5 18 69
48 82 84
47 34 77
26 58 85
24 19 13
54 43 74
37 86 23
15 72 48
77 75 61
33 78 59
27 56 82
83 28 80
60 74 11
28 44 4
65 58 43
22 59 55
81 72 16
1 10 5
71 9 54
43 9 57
39 20 1
62 73 24
19 22 27
85 5 43
25 44 28
17 3 56
79 81 2
63 49 20
75 38 14
70 17 7
38 52 46
8 82 16
63 4 44
3 36 1
17 59 2
15 9 25
25 54 10
38 83 15
82 50 35
20 62 54
47 60 52
28 23 20
75 74 2
38 4 72
86 29 50
31 62 76
74 72 4
43 48 21
28 64 9
73 16 85
36 61 53
50 84 26
54 44 65
70 37 75
33 78 66
43 37 27
51 40 68
74 73 59
64 52 32
13 4 37
74 86 17
61 57 50
82 83 27
56 64 4
81 65 20
30 74 73
75 42 82
53 44 10
53 64 5
32 86 76
61 78 31
70 43 62
56 7 73
45 57 47
16 9 4
5 61 10
45 63 28
17 50 5
77 53 34
57 69 78
20 59 79
28 75 7
46 42 68
63 17 42
80 65 26
62 76 10
85 22 43
52 22 76
43 27 71
77 14 50
74 46 84
80 38 46
8 13 68
8 15 67
78 31 18
66 13 8
35 76 67
54 81 17
33 11 42
49 22 38
35 8 15
32 9 41
29 35 26
57 8 63
53 72 86
68 50 79
34 40 49
15 68 45
42 84 66
73 34 25
47 61 81
78 10 39
71 13 12
38 11 6
4 19 38
45 42 51
33 1 10
42 76 71
31 69 77
78 71 11
46 60 75
3 49 22
13 79 81
46 68 52
2 50 18
65 50 78
8 22 12
63 34 80
86 47 67
22 16 9
59 32 39
11 51 17
26 66 11
54 19 14
8 47 24
85 6 45
57 77 73
10 53 70
8 60 83
75 28 84
7 47 21
38 62 57
9 33 72
38 39 58
21 23 60
56 45 42
12 23 6
34 60 35
63 67 19
13 45 57
66 1 30
26 7 1
8 41 33
57 30 71
40 83 41
4 21 75
29 38 43
74 81 30
85 12 37
74 48 82
32 83 27
53 57 69
13 4 1
6 69 35
46 86 19
52 42 5
1 26 8
36 39 53
40 7 69
6 31 23
80 46 60
85 22 41
11 54 61
23 19 23
38 48 72
5 52 6
82 20 65
50 40 47
42 60 8
54 64 7
34 49 41
2 10 41
19 45 82
70 48 33
63 59 71
4 28 36
32 65 30
42 21 69
27 24 86
85 67 22
83 41 82
34 31 57
18 85 12
13 20 9
57 64 15
23 65 22
30 78 27
86 77 45
3 4 55
27 49 75
74 79 59
55 3 14
45 7 34
68 68 9
79 12 81
40 17 11
2 8 79
78 84 53
39 26 10
52 4 54
33 36 26
29 60 34
85 36 69
24 25 73
32 48 49
24 21 61
29 1 12
13 47 60
30 33 51
5 41 14
56 50 67
47 72 31
46 25 72
30 31 16
50 29 71
69 38 62
6 10 37
58 25 42
44 82 14
47 72 67
68 15 63
29 82 72
7 52 78
36 80 26
7 81 63
4 57 56
52 41 43
29 41 17
15 10 59
42 23 73
7 26 21
20 19 50
54 84 46
63 16 81
27 15 86
69 56 16
29 72 12
53 22 81
75 53 4
13 54 75
76 52 10
13 44 52
58 27 84
31 44 68
22 61 10
62 57 11
83 67 12
80 67 17
4 8 74
43 66 5
48 12 55
76 16 77
47 74 74
85 78 44
76 15 70
35 28 46
26 1 34
49 19 85
72 75 6
83 63 11
22 67 25
10 32 40
67 10 85
72 33 30
9 64 80
32 34 84
24 34 49
71 11 71
81 24 40
18 46 28
11 62 2
18 56 21
64 23 65
47 83 25
8 60 53
75 32 44
81 30 17
61 12 42
65 66 15
78 52 20
25 80 80
80 67 84
45 34 77
71 7 21
50 47 62
80 39 51
22 38 26
67 51 24
75 5 36
44 46 38
15 69 69
54 76 64
85 62 80
54 56 85
62 80 7
69 47 40
83 64 86
73 24 26
19 67 67
72 25 83
48 4 4
53 85 36
65 27 12
51 77 62
51 32 71
32 5 19
76 35 3
13 13 84
51 68 15
11 2 36
77 2 67
34 42 79
56 26 55
8 40 35
17 60 62
70 14 5
54 34 21
31 42 21
27 59 71
55 25 17
48 14 74
16 68 9
26 57 52
74 77 83
47 69 57
63 59 69
72 85 45
83 48 62
79 26 1
12 21 21
26 16 71
48 79 33
43 51 44
29 22 52
4 57 23
52 84 1
70 59 1
20 20 3
58 65 74
32 54 38
25 65 6
62 10 15
14 82 30
33 78 43
37 29 76
64 40 85
52 50 10
59 7 36
82 46 44
56 79 38
86 56 64
37 22 27
76 49 70
79 54 48
10 18 69
52 11 34
63 52 6
61 63 51
68 38 2
63 17 37
50 17 38
85 72 81
64 58 12
48 46 54
5 41 11
77 7 61
40 24 82
52 20 20
84 45 84
43 77 70
44 25 73
15 62 46
32 27 78
29 4 45
77 43 82
2 12 83
9 26 39
79 48 21
51 17 81
64 34 45
20 67 48
27 43 86
71 57 57
20 50 49
69 59 68
51 65 58
10 9 17
80 10 5
39 40 21
45 76 3
17 52 15
38 65 47
83 32 62
53 9 37
17 41 71
19 27 83
53 72 81
62 7 73
71 21 55
60 73 23
35 42 76
65 18 45
77 86 3
21 27 10
8 21 46
41 1 49
71 30 41
63 7 78
67 81 58
36 14 79
12 19 44
15 25 32
82 51 56
16 16 72
42 81 70
33 85 58
40 33 72
30 33 17
39 8 15
86 69 72
57 42 67
58 69 84
48 76 6
10 70 71
12 61 58
8 58 73
75 57 24
15 46 1
51 3 15
68 14 30
38 49 28
84 28 66
63 81 62
81 24 36
51 38 55
57 54 47
8 32 7
60 12 64
20 6 23
42 75 19
75 86 39
33 76 12
19 6 35
80 62 15
6 29 74
41 79 74
57 22 80
41 30 28
3 70 26
23 78 21
53 81 83
70 6 9
59 43 79
3 69 5
18 32 82
20 78 28
20 12 8
1 4 2
62 36 2
82 35 3
63 84 40
25 40 33
41 25 61
21 50 56
76 68 68
28 7 63
27 6 51
4 62 67
9 42 34
58 36 47
73 16 65
39 25 23
7 63 59
86 48 37
52 84 18
83 78 53
72 69 12
81 19 74
45 42 31
40 56 30
56 6 36
38 28 52
74 1 34
8 13 5
68 57 12
34 26 81
71 80 46
50 80 30
77 81 69
6 71 66
66 45 72
24 59 4
71 71 23
83 60 24
76 69 36
5 25 29
36 57 42
79 52 39
10 28 67
38 51 7
68 40 30
70 4 7
4 83 57
8 47 73
44 33 72
13 64 9
28 66 85
3 44 3
82 15 38
65 10 82
62 73 43
45 39 36
82 69 73
70 55 38
60 82 40
83 17 70
20 59 9
7 65 7
14 41 79
72 39 47
16 17 1
27 15 43
17 62 56
86 71 5
70 26 46
10 73 73
9 86 9
86 37 57
18 36 39
39 32 47
37 59 49
68 69 31
7 54 48
77 74 81
76 26 63
58 34 48
17 29 72
53 31 14
79 9 7
65 62 28
76 20 85
71 83 67
27 17 8
19 13 16
3 38 16
27 56 42
15 50 6
25 2 57
13 12 31
22 3 35
5 11 22
22 11 65
44 83 55
10 31 82
8 72 11
1 76 62
66 81 80
86 73 73
67 52 51
30 7 42
17 75 85
77 82 68
78 63 22
20 46 11
60 30 48
37 16 77
16 53 69
85 79 3
1 59 35
27 62 44
35 70 31
38 84 23
33 57 74
82 49 2
29 64 67
71 33 86
68 26 51
73 80 19
66 74 41
64 26 9
16 76 55
6 41 84
60 67 28
81 13 39
54 53 55
4 60 83
85 31 42
12 19 8
78 55 54
39 4 8
44 27 21
32 32 81
57 14 43
9 23 86
8 69 50
28 26 66
48 23 67
1 5 31
10 20 24
21 9 8
83 30 58
60 64 58
51 44 41
51 60 77
44 72 84
25 64 64
74 51 58
84 83 52
15 27 5
42 43 38
63 73 66
79 71 17
8 48 9
43 17 26
81 77 19
34 75 10
4 59 44
23 57 65
76 21 45
3 13 49
28 60 46
63 60 46
46 30 80
30 25 29
15 29 66
81 19 50
16 13 86
8 14 75
48 37 23
70 71 4
42 79 35
8 36 83
55 3 6
51 63 83
2 1 61
53 57 66
10 41 37
58 64 6
19 24 31
70 34 43
62 49 83
31 15 33
38 6 86
13 68 41
31 54 58
7 24 22
23 30 45
4 85 59
55 72 82
47 27 14
51 63 18
68 35 15
74 60 50
25 33 68
22 59 23
55 80 50
7 27 47
59 35 83
51 72 42
51 62 33
69 7 5
49 40 29
21 78 17
82 37 49
10 47 61
60 35 6
10 78 13
60 71 19
80 84 82
25 9 78
28 28 65
66 14 63
84 30 26
86 41 85
23 35 10
4 81 10
27 22 45
2 5 85
42 9 21
55 44 59
9 26 58
49 64 5
54 77 19
3 33 66
52 28 48
67 45 12
5 28 34
13 37 68
20 41 64
14 7 43
70 84 60
7 31 59
48 27 1
21 50 8
11 16 33
51 17 65
68 37 29
80 29 30
63 13 80
30 25 62
75 83 83
43 5 53
29 79 59
49 63 13
80 54 28
40 13 51
55 31 38
69 63 58
3 37 31
49 6 38
8 80 69
14 75 77
80 16 7
37 19 82
40 47 52
39 81 49
10 49 64
26 7 49
8 85 48
81 62 2
63 20 3
61 4 26
13 18 16
64 36 54
50 73 27
43 34 54
42 1 34
55 59 16
65 61 6
6 37 78
44 49 73
61 45 27
7 43 31
43 44 56
11 9 28
11 32 30
29 43 43
16 46 13
8 19 7
20 59 29
75 60 66
12 51 69
33 11 36
18 55 69
56 73 79
10 57 47
31 40 70
44 23 64
32 54 14
85 15 73
71 51 85
16 25 66
36 3 32
32 62 39
20 42 11
73 48 83
13 62 23
19 19 9
12 55 17
49 10 85
55 41 82
27 86 24
4 3 19
30 38 61
3 47 30
69 18 22
55 58 10
52 44 28
86 75 76
31 59 60
53 79 19
80 51 9
5 78 15
35 70 48
25 31 79
82 4 78
51 84 65
35 84 19
62 6 44
72 49 10
42 46 47
82 81 74
78 38 84
5 8 1
29 85 55
33 62 67
52 20 60
59 22 18
26 68 76
54 14 55
61 43 15
9 14 66
69 25 29
27 57 40
8 12 55
22 33 19
54 47 43
3 24 62
5 45 18
78 67 20
48 71 81
80 12 52
48 55 54
86 7 41
35 4 61
42 48 76
16 19 32
62 63 30
2 69 17
79 74 15
40 44 68
3 75 13
29 63 67
79 17 58
28 15 66
32 63 70
23 27 69
14 78 81
85 76 10
55 65 63
55 32 2
3 3 73
32 74 5
54 49 50
47 32 5
28 36 20
49 60 54
15 8 9
66 67 50
71 77 32
50 65 79
3 74 39
81 40 44
42 55 24
19 5 45
35 56 54
73 26 43
51 3 16
75 33 8
40 55 86
44 4 65
61 38 50
80 64 31
57 68 81
6 76 41
7 15 43
4 54 7
54 25 32
10 30 72
67 32 16
16 25 10
80 45 82
53 64 35
21 2 53
85 36 82
2 34 12
78 64 79
53 11 47
70 81 56
17 4 49
77 50 13
83 24 75
61 22 43
83 4 45
33 3 83
7 20 29
12 58 23
38 65 78
41 26 25
57 41 10
70 17 77
76 30 20
21 8 18
15 26 26
1 51 80
14 11 78
32 44 71
82 33 55
62 77 76
52 56 74
81 47 79
36 76 31
80 45 23
26 39 36
26 80 1
16 17 57
59 6 66
16 60 52
35 33 67
57 21 82
62 32 58
18 4 27
63 31 5
37 30 50
41 85 22
30 15 51
18 27 45
40 47 37
75 78 22
25 25 3
7 39 8
47 78 39
20 61 27
35 5 35
69 74 61
3 12 43
32 1 26
2 6 12
28 44 6
67 64 73
32 2 4
83 71 55
26 58 56
8 65 54
50 24 52
86 73 79
29 39 53
12 70 30
48 51 4
45 35 69
76 25 85
48 56 39
37 84 15
4 85 60
36 22 81
5 52 79
60 70 36
59 7 6
68 54 20
35 30 69
80 36 15
59 80 49
71 41 81
34 20 53
70 16 1
7 11 12
61 77 71
30 20 75
23 65 17
22 8 83
57 34 64
23 60 30
47 83 70
72 58 67
45 57 61
12 64 14
66 11 79
51 57 49
4 80 35
85 35 1
22 50 41
38 45 65
76 67 73
65 41 84
60 1 29
78 60 71
27 17 39
77 52 68
73 82 51
30 74 77
14 36 39
8 81 48
20 52 81
23 70 80
45 80 29
5 80 82
16 46 46
26 80 32
78 50 42
4 21 50
44 53 34
11 46 15
48 8 1
53 14 51
50 58 23
29 71 2
29 24 57
63 10 66
7 31 31
57 8 73
67 80 78
69 19 30
6 62 6
36 82 37
62 82 6
63 71 82
3 13 22
77 33 20
35 22 46
56 44 26
72 48 76
8 39 2
50 15 6
28 7 22
77 9 7
79 9 29
21 25 14
7 66 41
12 85 45
17 1 31
31 27 59
45 54 77
83 62 65
64 14 86
69 35 61
10 83 50
62 24 16
64 13 30
85 63 40
58 75 10
14 33 11
35 8 28
24 20 72
54 85 55
22 64 51
21 50 6
40 43 82
60 67 86
2 50 16
53 75 84
6 11 19
10 53 36
4 57 36
37 32 67
21 57 23
74 62 84
29 2 13
77 81 58
68 13 7
6 7 66
25 26 14
77 12 61
40 33 1
55 34 30
12 62 14
56 53 3
45 16 49
76 75 51
75 86 27
32 80 16
70 68 46
39 29 66
83 24 31
74 71 33
10 10 74
73 20 75
68 56 30
8 9 81
47 2 54
46 16 19
68 2 75
26 7 34
24 61 39
3 84 44
44 34 75
52 13 84
22 65 46
3 64 85
52 78 60
70 58 74
2 27 25
39 79 76
21 25 20
68 54 48
83 80 77
71 28 62
56 70 28
58 57 28
72 45 35
69 77 6
3 63 18
31 7 71
75 78 82
84 48 44
29 53 62
21 80 23
14 74 38
35 6 46
4 56 35
7 2 72
40 66 21
55 53 65
27 21 13
21 47 66
80 45 24
20 11 14
32 38 70
83 2 2
77 42 44
49 32 34
72 60 22
63 37 62
37 51 6
12 22 21
4 36 70
12 16 35
73 8 17
29 57 83
74 41 69
70 40 84
9 14 13
73 82 64
64 34 84
27 50 50
69 44 42
11 20 10
70 3 29
68 61 48
50 49 81
53 21 82
63 38 23
2 63 60
38 44 13
73 6 18
2 35 48
46 33 16
45 74 16
28 69 74
3 27 48
45 69 45
63 57 20
14 23 29
82 32 51
16 5 50
52 55 6
6 83 9
47 33 67
17 39 31
24 69 12
45 52 28
42 47 77
65 77 17
59 41 1
32 29 4
54 68 47
71 30 41
12 46 19
7 30 5
54 47 29
3 32 83
57 68 52
30 49 10
38 54 2
37 13 27
42 72 82
70 54 3
35 54 35
62 54 85
72 49 80
72 10 69
75 1 67
75 21 79
20 13 50
38 68 18
48 59 86
81 56 4
66 17 18
14 14 26
2 74 47
32 80 49
33 81 73
28 32 84
73 46 83
74 30 46
36 19 31
80 55 80
40 12 40
40 48 28
57 75 2
75 74 58
76 37 61
12 26 13
45 44 47
63 58 83
82 5 40
36 7 68
61 11 43
63 40 47
80 20 84
5 12 66
15 16 9
45 40 10
56 61 5
51 74 34
76 62 11
61 79 77
36 81 71
63 46 45
19 84 27
1 78 68
55 48 59
83 86 15
9 57 72
34 77 51
82 28 67
39 2 11
40 13 20
38 46 59
32 86 42
45 14 79
55 74 57
66 47 54
29 79 27
27 84 26
11 85 60
71 15 42
61 50 83
69 17 12
50 12 62
16 17 86
51 30 82
46 62 32
85 49 35
48 54 32
61 70 34
43 12 15
53 16 40
32 2 22
17 26 17
38 49 44
11 22 56
48 42 15
80 43 7
41 81 37
53 9 49
11 59 10
67 24 36
4 17 54
68 35 44
70 53 85
52 24 49
85 84 49
1 72 49
60 5 38
13 68 4
47 26 53
64 15 67
20 62 39
83 22 48
45 65 35
77 39 18
24 86 26
55 52 9
56 41 45
17 1 20
61 33 12
45 17 25
15 86 73
43 14 61
2 50 3
30 37 9
32 72 61
36 54 54
39 14 56
13 67 55
8 9 44
28 75 86
32 16 70
85 64 39
31 7 43
27 29 86
29 3 29
48 68 38
79 49 60
23 59 9
36 32 47
18 18 68
67 66 31
71 82 53
23 75 34
52 3 29
75 32 65
3 60 54
25 38 37
13 29 56
28 11 49
26 44 47
14 38 62
78 58 19
10 11 86
34 56 23
14 55 25
54 8 58
47 2 22
75 75 53
80 86 77
23 55 34
79 72 1
46 38 9
38 13 4
60 43 63
30 27 14
83 18 74
12 25 75
18 38 69
47 55 26
54 24 70
53 5 9
19 57 25
65 3 83
69 8 54
53 66 51
16 71 84
62 48 49
23 40 35
14 39 49
50 74 51
1 56 68
69 59 36
20 2 81
37 63 83
30 46 67
1 5 47
57 75 77
31 77 21
1 62 37
61 48 61
8 40 72
33 82 65
16 19 16
70 75 53
25 55 31
76 85 62
56 6 5
53 9 37
64 81 5
29 39 61
7 61 80
53 3 30
5 72 63
13 48 40
62 8 29
8 64 51
12 21 56
52 43 31
68 67 21
33 59 51
58 39 70
7 86 14
52 56 43
30 38 49
79 67 43
37 68 20
30 4 73
35 76 64
78 29 37
23 70 11
20 83 25
84 66 61
66 47 20
51 70 5
35 42 12
84 8 75
4 76 10
50 26 79
83 30 24
64 10 52
60 27 26
9 13 14
32 68 51
15 25 35
68 85 2
11 76 72
38 81 68
25 31 53
77 60 38
75 30 81
73 15 6
23 82 47
2 33 67
73 10 32
34 7 25
76 34 35
70 25 20
17 30 85
86 59 39
13 2 20
56 30 34
8 60 63
12 80 43
18 35 38
6 13 8
70 27 86
71 41 10
23 23 47
58 82 57
52 23 29
1 5 67
39 46 83
25 39 7
45 61 84
64 25 71
75 42 26
2 9 39
77 54 59
47 25 64
46 77 27
62 30 34
5 43 43
85 73 36
23 79 35
25 80 12
18 39 46
73 54 26
53 23 38
18 31 82
17 27 17
30 32 65
68 53 6
82 30 21
26 55 48
5 48 59
7 16 23
84 83 64
61 13 44
79 70 86
29 34 69
11 28 73
40 66 40
41 25 73
52 60 67
60 13 80
37 62 21
16 42 6
52 71 1
9 9 58
54 67 8
21 48 76
4 25 24
4 5 25
43 39 13
9 15 42
47 24 32
68 36 23
8 39 4
39 38 34
39 29 79
16 3 40
39 55 76
45 38 13
48 83 20
51 47 30
59 24 61
83 77 42
54 10 64
13 83 48
83 42 54
12 30 51
57 13 65
43 59 82
39 34 86
22 18 69
76 39 33
11 16 78
45 60 5
37 59 51
53 29 74
73 10 76
17 73 84
31 49 50
56 21 7
21 65 50
40 59 59
4 62 76
21 46 78
47 49 50
78 47 68
59 22 20
18 26 86
23 51 27
34 23 18
74 35 29
69 49 28
30 43 4
70 61 75
77 68 21
70 70 80
32 60 86
9 77 7
27 62 62
82 24 57
42 29 9
47 72 75
19 11 60
8 17 19
59 20 25
12 35 11
33 50 43
82 72 39
21 17 72
7 79 45
39 31 42
76 41 65
33 19 30
66 55 65
67 10 34
64 34 73
67 20 30
2 79 13
41 21 68
81 14 56
50 5 1
40 8 25
29 81 40
47 84 24
57 65 6
46 62 73
4 30 26
51 83 79
59 70 38
16 63 27
2 14 74
41 44 79
77 39 81
6 48 14
9 13 34
74 64 32
2 59 12
46 38 78
44 49 6
61 36 8
8 42 53
43 31 71
21 17 46
59 8 7
69 37 64
48 74 73
63 34 10
64 32 85
23 65 34
65 3 54
8 60 65
80 71 67
22 9 29
82 75 69
41 60 50
79 3 18
40 44 53
39 79 54
17 59 46
39 17 21
48 69 46
16 81 44
62 69 48
31 50 55
22 35 53
39 38 48
8 68 9
38 3 82
13 37 39
47 53 28
33 36 75
86 26 30
61 3 17
62 16 60
79 66 50
21 82 16
50 62 47
36 10 38
31 30 8
32 67 49
76 35 41
6 44 16
71 38 71
26 35 45
32 78 66
76 43 52
33 71 1
43 21 27
6 36 85
78 43 57
79 39 5
46 67 65
12 55 8
20 29 53
77 20 29
80 34 8
67 49 79
37 85 68
60 63 6
84 57 46
42 9 4
78 32 19
27 7 15
51 17 83
36 57 16
43 86 66
8 13 82
9 14 82
68 53 41
36 43 11
74 11 49
81 77 60
41 20 74
64 83 32
27 32 60
35 25 65
28 73 18
62 62 6
49 2 67
73 51 74
56 45 5
72 52 12
64 85 60
32 18 51
81 84 66
56 22 79
72 3 44
1 83 86
73 8 39
1 66 63
41 57 7
2 37 70
14 42 63
41 69 50
6 23 78
59 2 19
16 81 63
40 55 65
80 23 22
15 9 4
78 10 85
47 10 36
71 62 62
32 23 68
52 27 63
25 65 29
50 68 50
12 51 83
48 46 70
27 16 75
77 3 19
41 29 69
64 15 13
16 53 64
51 11 37
69 85 84
39 41 66
17 38 86
9 66 85
47 60 2
28 17 17
5 21 47
39 71 6
73 30 37
18 31 64
47 62 83
20 51 8
61 19 84
15 26 42
37 15 2
2 25 37
67 33 5
59 27 53
30 24 63
53 51 55
13 25 17
16 47 42
82 78 65
22 48 82
33 17 58
10 41 64
8 50 10
5 13 7
17 40 41
13 52 29
12 80 46
76 84 73
76 37 15
32 86 11
1 63 73
2 3 42
18 45 59
55 22 66
55 33 43
43 33 40
32 41 80
48 8 13
69 63 84
10 7 41
76 71 59
33 33 41
36 82 64
3 82 13
36 65 54
48 76 37
48 46 25
58 70 84
16 82 73
35 54 64
16 1 3
46 18 12
10 33 8
61 12 39
53 11 80
72 11 70
82 48 86
56 23 7
77 7 4
75 75 33
8 31 17
82 79 64
25 11 66
29 21 74
72 35 42
59 37 72
59 37 36
38 13 59
4 25 46
28 63 34
68 48 84
82 56 47
82 71 63
63 86 75
40 86 73
68 24 66
83 42 22
69 86 71
79 75 65
6 33 23
13 44 30
75 34 2
40 18 36
28 34 20
2 59 3
77 72 40
28 44 31
46 4 41
36 71 82
32 33 12
29 17 18
59 65 58
46 29 64
40 52 31
4 73 33
24 85 24
82 49 81
64 63 3
23 2 31
1 75 74
17 4 84
29 1 8
42 27 6
57 67 56
24 60 19
34 17 27
69 63 29
19 4 81
45 17 71
43 8 73
4 78 81
64 1 15
14 70 24
33 44 67
8 73 73
41 36 15
53 58 40
59 56 21
75 83 53
13 49 77
85 17 16
62 77 7
2 29 78
80 2 61
19 67 72
37 57 2
73 54 76
25 59 16
36 62 33
9 74 29
11 56 36
28 48 86
35 38 55
19 9 64
23 36 18
86 41 18
3 76 11
21 14 16
66 61 64
81 27 45
30 70 4
53 4 41
7 46 16
80 52 59
12 57 77
86 4 27
66 59 35
5 66 22
7 50 14
30 68 12
43 48 34
18 26 70
35 23 67
80 50 78
8 25 24
82 35 61
39 24 32
3 66 35
8 40 13
18 24 77
48 81 41
75 11 3
52 24 51
35 70 49
6 76 83
26 54 80
11 42 32
62 26 59
22 74 32
1 17 83
4 39 48
35 22 26
35 18 35
15 12 29
14 40 51
83 71 49
62 11 1
6 38 4
12 4 21
34 9 45
3 20 47
71 78 12
53 36 14
38 65 47
58 38 47
84 60 30
62 76 13
21 44 83
19 70 27
67 34 51
54 21 50
15 23 52
57 73 81
26 10 17
31 55 85
55 16 35
43 25 71
39 80 5
8 18 61
77 50 71
79 6 17
37 60 30
17 50 32
35 58 44
47 44 3
29 50 58
74 25 52
53 80 77
38 65 83
72 70 52
20 53 70
60 28 44
47 64 72
55 16 41
32 68 25
39 60 50
25 13 20
40 32 33
43 84 52
1 12 61
10 73 33
49 78 44
77 64 42
36 41 79
76 65 5
25 36 62
53 24 21
25 68 86
60 69 80
65 5 6
20 57 2
66 22 86
49 44 14
5 11 27
53 86 54
49 20 74
71 83 64
29 30 71
74 71 84
29 86 15
19 37 9
17 31 76
14 37 80
71 37 20
66 37 66
25 29 43
33 61 63
58 28 7
5 57 57
73 8 22
57 85 10
17 41 17
3 34 50
52 12 52
31 29 44
2 70 67
45 16 7
9 17 56
77 74 38
44 14 17
73 31 82
76 38 4
52 63 9
61 6 14
51 81 5
47 46 9
83 86 51
58 31 44
18 44 16
14 12 4
31 5 51
56 52 76
23 60 85
67 36 76
51 33 65
56 36 10
75 30 20
43 14 29
42 24 58
16 53 16
83 52 40
14 18 59
13 79 78
41 11 41
29 7 72
46 5 43
28 46 16
60 41 58
5 81 30
4 63 51
19 79 54
63 6 23
35 60 18
13 52 35
61 28 68
10 31 65
44 42 27
22 36 72
74 54 3
61 27 16
39 80 49
63 56 55
25 73 13
51 66 24
71 79 73
75 33 1
81 27 40
61 22 81
60 71 69
23 81 63
28 21 41
14 80 72
73 37 11
81 77 45
83 72 85
22 55 85
79 70 83
43 7 78
58 51 48
34 14 64
76 26 55
5 75 2
67 20 72
77 5 40
58 22 82
49 45 50
80 58 64
67 25 48
25 72 41
13 18 25
70 69 21
81 12 29
42 1 82
50 10 48
16 57 33
37 21 9
28 76 52
69 69 63
33 38 32
13 49 21
56 15 76
71 20 73
19 22 71
12 28 29
25 78 64
56 52 24
55 79 76
56 81 75
6 22 4
86 2 48
76 25 34
57 6 71
27 64 73
61 26 41
23 19 53
55 77 53
15 13 8
67 78 83
67 1 74
44 67 58
67 76 39
85 39 56
11 84 76
23 70 71
17 73 68
21 30 57
83 84 76
32 56 1
72 22 73
54 71 23
35 79 4
16 59 21
82 49 75
13 5 6
15 40 74
6 80 12
74 21 31
13 42 43
83 47 76
40 68 85
65 79 28
81 39 49
20 34 58
66 4 74
8 11 44
59 40 15
22 1 4
49 48 40
78 39 26
52 34 72
31 23 71
8 65 74
12 71 36
77 26 33
61 14 3
21 86 29
55 69 50
59 33 36
49 50 44
83 84 6
21 16 43
76 29 24
78 49 25
12 58 68
66 70 17
34 64 37
41 16 84
71 46 59
1 63 61
42 17 83
61 54 66
60 30 20
65 66 9
52 38 82
9 66 29
19 17 2
73 48 66
25 10 44
53 20 81
12 59 50
32 15 55
56 31 80
17 3 22
4 1 81
2 79 86
30 39 78
16 33 10
2 58 80
20 79 45
44 38 36
57 32 64
77 76 56
32 7 31
81 52 49
38 50 56
79 1 31
4 14 22
51 86 72
26 8 63
22 23 40
80 3 67
8 33 65
24 84 45
26 20 51
29 26 57
16 3 30
5 41 23
3 28 25
17 71 1
19 81 15
8 29 10
35 23 33
81 74 58
49 29 40
14 64 42
26 18 57
15 49 46
32 56 44
19 46 44
43 62 14
57 32 80
15 69 48
12 83 1
35 68 64
44 45 4
33 21 81
41 38 58
15 72 81
27 37 80
84 51 73
38 41 39
85 77 25
37 5 20
38 10 4
11 30 5
67 3 56
53 83 79
73 71 53
18 17 59
68 64 81
77 41 39
4 37 11
12 4 14
55 5 37
13 78 77
15 35 80
8 48 41
4 70 20
6 20 15
45 16 69
72 38 82
48 74 10
7 35 12
27 74 10
68 8 58
57 11 65
81 26 46
71 6 11
47 66 65
44 56 34
23 54 61
52 62 23
71 80 79
72 16 55
39 22 4
78 49 19
51 77 29
58 54 53
74 65 61
71 86 65
54 16 64
85 77 67
80 14 78
45 53 57
80 56 47
85 64 25
25 22 25
7 34 29
23 56 75
63 73 3
32 44 4
8 65 76
54 36 38
47 35 74
16 18 6
9 39 69
85 85 38
43 58 60
65 7 68
8 50 32
17 55 19
10 47 72
48 72 68
71 18 46
73 25 46
63 49 50
48 50 46
49 27 68
66 30 32
25 32 62
66 48 13
2 26 20
32 1 44
34 49 85
8 21 82
84 76 79
85 18 31
59 83 23
70 20 31
75 57 42
36 60 10
57 6 3
21 44 13
67 17 54
76 84 38
47 34 15
82 71 78
45 67 27
15 77 65
82 21 57
15 18 23
24 9 37
2 4 68
33 10 55
46 60 38
66 4 84
26 66 83
2 67 63
44 74 9
30 78 1
8 69 2
82 16 26
2 48 67
37 26 60
61 78 29
53 19 24
26 75 51
70 48 28
69 81 82
6 70 56
37 59 56
57 38 32
65 16 23
27 80 5
20 46 19
86 85 67
31 5 50
28 69 45
33 7 55
37 76 20
8 85 77
26 50 9
81 50 3
53 26 72
8 86 58
32 1 60
20 40 61
22 70 8
51 42 67
17 57 77
66 55 14
84 35 65
15 77 4
54 23 39
75 80 65
44 64 79
27 65 75
7 46 30
61 26 16
1 81 75
7 67 72
54 23 78
74 44 25
32 67 45
16 74 3
54 13 68
14 19 44
3 34 1
21 35 24
77 25 44
26 53 16
58 30 6
8 25 52
49 30 60
46 51 64
55 82 42
80 19 54
85 84 9
47 29 12
46 71 54
78 74 58
61 70 75
58 42 2
41 58 1
67 85 48
26 25 81
23 13 60
14 44 9
67 19 81
30 30 62
84 30 13
9 29 75
64 64 68
71 36 8
61 37 12
81 86 61
2 67 4
13 47 86
4 60 86
76 83 68
42 62 66
11 86 69
47 66 41
43 11 15
74 43 39
46 69 22
66 26 59
37 48 74
47 56 44
14 73 45
55 73 67
15 80 50
66 35 82
16 72 60
38 76 23
9 74 53
6 83 78
60 76 81
86 19 24
79 7 23
4 82 49
58 72 18
82 3 49
22 86 86
75 36 38
78 18 19
36 18 12
14 30 82
10 83 29
50 83 70
54 9 43
65 61 12
11 66 41
66 34 48
73 84 48
65 16 49
8 46 65
73 4 39
51 36 21
17 75 47
46 8 59
70 59 56
81 38 2
67 82 81
34 25 52
54 8 23
67 59 5
72 6 18
34 35 5
24 25 1
18 44 13
1 14 40
6 14 66
52 22 2
22 63 21
37 23 15
31 52 17
78 24 86
32 3 28
33 41 13
22 21 3
46 31 30
63 45 70
83 47 62
41 1 52
29 62 74
78 2 14
21 4 33
27 65 55
38 38 30
46 74 3
12 33 79
24 21 83
57 73 24
3 23 48
65 45 18
70 27 18
21 68 69
48 65 35
46 23 21
16 15 53
59 57 44
10 17 31
62 53 43
72 81 19
79 57 5
57 79 84
44 81 4
57 1 43
54 17 44
86 54 11
1 11 45
43 11 23
51 43 55
47 27 24
42 49 39
72 77 80
57 14 58
46 74 33
66 17 49
83 66 71
40 14 58
35 59 22
63 48 42
6 17 81
76 40 84
9 9 51
84 10 32
72 71 56
25 39 1
85 72 72
55 4 40
26 76 75
4 55 25
49 75 70
36 30 10
29 67 20
61 62 22
45 64 86
64 27 61
50 33 57
29 13 35
47 25 39
23 67 84
37 30 44
52 52 4
37 22 85
67 55 78
21 67 32
65 64 48
76 55 2
72 27 57
40 6 16
3 57 26
12 39 51
40 27 22
74 81 3
13 61 12
16 25 64
51 34 63
6 13 85
36 19 3
61 41 41
38 57 81
39 69 48
47 18 85
28 15 15
24 6 38
30 7 52
59 40 86
80 78 60
50 14 30
4 24 65
86 50 85
30 83 80
71 1 56
86 81 10
65 57 25
51 58 11
12 8 54
14 23 83
74 40 43
51 16 10
13 71 9
63 57 13
21 6 28
47 59 33
39 29 21
29 51 41
75 24 84
1 80 34
21 83 60
67 8 46
52 25 85
24 8 55
8 83 20
75 70 5
39 45 60
55 68 51
50 34 12
50 8 40
34 28 70
34 72 42
85 56 32
85 47 75
84 84 13
64 40 8
66 64 15
67 52 85
74 48 19
81 11 26
45 29 73
61 45 86
5 78 45
35 16 72
53 70 28
35 13 46
49 1 48
85 56 25
65 5 54
36 60 1
2 80 6
71 7 55
51 75 35
37 34 38
38 21 9
9 26 7
57 53 37
55 12 49
37 27 3
53 82 61
83 11 76
3 50 84
51 52 13
42 8 31
7 55 68
78 3 27
8 65 71
3 51 35
5 39 44
58 1 53
5 69 4
41 8 71
51 69 53
40 35 81
33 45 60
59 6 40
47 12 62
9 5 57
6 46 72
10 62 80
84 54 5
37 20 78
47 64 58
42 3 12
82 57 26
77 54 2
63 29 35
19 23 22
80 66 75
8 83 20
15 70 46
1 29 28
13 57 17
54 72 83
44 74 51
11 60 33
28 51 84
22 3 21
86 59 86
18 86 59
2 85 2
7 85 3
23 68 44
65 17 36
82 81 42
43 73 46
32 86 61
50 17 45
27 64 41
82 39 68
29 4 3
81 14 45
24 14 84
50 16 31
53 39 85
7 9 5
23 79 40
29 43 15
48 77 23
77 67 83
43 50 22
83 77 29
13 29 10
56 60 48
73 53 47
80 24 40
36 9 21
37 85 56
5 30 57
49 9 78
49 20 24
84 73 72
50 22 50
63 29 19
62 86 32
60 58 18
15 5 26
78 13 28
51 13 71
12 72 84
30 59 44
82 36 33
53 57 39
77 48 7
22 44 48
43 43 48
55 62 31
28 79 85
37 25 46
25 29 5
35 76 57
85 82 77
49 37 12
8 41 59
51 57 75
69 42 59
69 22 3
77 54 84
40 31 8
38 86 80
4 15 32
64 40 71
32 79 20
63 19 71
66 86 59
86 49 17
2 37 22
86 59 75
40 33 36
84 20 83
13 35 55
4 28 25
56 86 51
72 42 54
81 80 76
82 69 42
78 35 56
65 3 28
41 59 81
5 53 19
54 17 44
76 5 32
12 28 52
17 58 37
26 67 36
60 40 68
75 61 33
16 15 10
12 5 61
40 13 14
33 59 23
38 5 67
12 16 20
30 65 25
39 13 41
18 26 58
8 4 48
70 46 32
79 82 68
32 70 32
20 48 27
84 18 84
72 15 24
68 24 50
14 28 84
35 25 77
1 41 69
85 38 47
41 55 73
59 4 38
75 18 79
46 9 3
75 78 48
32 49 31
56 50 10
1 63 21
20 52 71
4 2 9
81 13 81
13 19 41
13 77 54
17 23 79
64 13 55
40 39 29
24 48 3
5 75 22
70 5 66
85 26 63
38 61 54
58 84 52
37 51 2
12 85 36
38 20 1
71 39 3
49 17 23
35 66 83
9 20 68
80 44 79
54 77 31
58 13 46
2 8 15
33 21 57
21 34 57
77 36 40
72 28 10
85 14 49
72 75 55
68 44 37
81 34 3
36 70 84
76 12 5
75 49 20
50 86 76
30 45 21
47 72 4
66 17 22
12 64 43
68 13 58
5 36 37
19 79 34
70 62 13
42 41 6
63 80 67
52 80 70
60 14 79
37 4 59
60 83 1
59 81 57
23 18 58
72 4 16
38 75 34
64 3 64
73 28 44
86 75 75
64 6 4
42 4 58
56 17 4
1 16 52
84 44 47
1 55 64
2 12 58
23 28 43
12 29 27
6 45 41
19 60 33
69 28 7
52 11 36
31 62 43
65 34 76
76 7 24
18 53 55
62 26 64
11 49 1
16 41 81
64 85 65
73 22 78
1 69 53
27 17 49
25 48 8
15 20 77
66 44 47
2 43 48
70 26 29
23 71 73
15 3 48
6 4 59
34 21 17
85 31 54
41 67 12
6 22 14
43 14 83
35 36 77
30 74 57
52 43 74
60 65 69
69 14 3
56 50 32
83 82 45
71 7 3
50 32 69
84 76 85
59 38 5
79 19 47
16 29 14
49 48 13
65 60 86
45 23 29
28 81 75
15 38 70
78 44 81
35 77 76
25 41 49
50 28 42
61 24 54
51 44 33
53 48 45
15 20 44
82 55 46
58 62 1
45 12 4
62 11 72
31 6 30
47 51 9
58 12 74
22 69 42
82 42 26
10 37 27
20 73 33
26 6 36
26 57 6
48 81 44
4 81 35
57 40 46
85 81 30
70 51 21
80 83 9
13 58 79
59 33 10
22 21 50
7 48 17
45 85 8
35 70 59
15 44 64
18 50 47
17 25 44
50 2 45
75 57 5
6 69 13
9 73 11
77 55 38
12 47 69
63 11 38
57 82 68
60 58 44
19 44 24
4 70 79
36 26 34
74 37 1
86 39 41
23 51 38
33 33 44
9 8 36
19 63 60
47 40 65
38 31 79
21 45 14
78 14 42
61 55 21
44 15 57
18 86 66
10 24 9
28 37 11
7 44 30
33 77 23
70 47 54
16 70 84
36 9 58
22 72 51
26 63 29
5 74 14
32 10 46
39 58 84
6 70 49
34 19 31
65 49 4
37 77 38
46 7 52
79 22 52
11 84 81
48 25 21
8 75 32
61 61 11
70 3 71
50 36 43
13 65 82
37 72 79
34 50 86
35 44 6
59 9 31
5 49 24
49 3 17
31 78 74
39 54 39
5 28 15
52 36 63
23 81 55
53 11 25
65 72 40
25 69 12
15 43 10
69 54 28
11 62 29
42 82 20
76 82 14
11 84 83
12 62 29
2 83 48
15 83 38
23 57 86
39 77 31
83 49 68
64 17 32
70 17 71
64 50 19
2 59 66
29 18 43
31 11 51
70 19 82
37 79 19
32 36 8
48 14 59
46 21 31
58 12 68
71 51 62
61 48 9
73 71 5
42 16 5
71 61 73
51 22 29
2 8 3
41 55 80
57 73 63
20 34 14
27 13 71
40 68 34
15 40 40
80 7 85
18 51 56
77 78 43
40 1 72
9 32 27
65 54 80
69 74 79
20 31 24
72 42 16
39 12 63
9 54 71
19 7 44
48 39 15
50 39 31
35 73 58
59 10 7
77 8 3
11 48 1
61 83 77
9 66 27
14 62 76
25 18 64
20 46 11
69 57 36
3 9 8
20 1 19
85 13 30
66 86 39
86 53 27
11 71 51
81 30 71
12 59 79
40 4 70
86 20 58
48 81 34
35 16 69
5 16 61
37 8 62
86 18 49
7 33 28
31 35 67
40 16 10
13 64 83
79 58 10
23 74 13
47 3 15
75 46 65
22 9 82
70 17 40
46 22 73
12 21 1
6 20 44
18 19 23
20 33 9
54 72 6
67 38 84
73 74 31
28 37 56
69 21 50
83 69 34
33 5 80
4 49 76
22 47 1
23 35 63
2 9 40
12 72 59
44 70 17
70 19 17
40 34 54
11 79 12
74 28 31
10 81 37
4 66 35
15 61 28
57 81 61
24 78 85
72 20 84
64 34 40
67 61 18
66 38 61
68 57 5
25 55 33
24 47 1
52 26 72
84 53 29
82 86 13
76 6 44
33 36 70
14 71 1
14 23 55
52 19 86
43 64 41
85 84 64
56 23 28
13 45 36
29 17 52
26 52 39
75 75 55
86 9 75
28 77 21
57 29 82
21 6 3
77 47 42
14 45 50
10 59 51
4 27 57
13 41 56
84 68 57
83 39 15
43 22 58
30 10 14
24 40 48
31 37 57
43 74 59
85 18 55
51 41 14
43 31 32
75 67 79
28 64 27
76 29 75
67 53 21
85 34 80
11 54 74
28 34 53
81 82 82
34 74 2
61 46 38
83 51 7
81 64 11
52 30 35
29 41 10
70 6 73
63 80 68
15 66 45
14 68 65
58 69 34
17 45 20
83 20 81
26 68 36
78 15 58
59 59 53
15 24 14
12 69 33
82 57 69
58 30 27
10 77 71
18 55 51
33 24 65
52 62 34
10 12 70
70 54 29
65 81 56
12 59 52
84 28 84
28 30 71
74 69 53
70 25 33
79 21 73
49 7 55
53 27 34
43 71 65
18 75 3
8 75 58
27 65 43
86 49 57
84 34 71
11 85 34
47 4 58
76 51 12
86 44 26
7 79 43
18 24 86
16 83 33
21 53 43
15 71 35
44 47 32
65 47 48
43 9 78
54 76 30
60 49 66
62 39 73
64 63 29
50 72 50
43 62 45
75 33 1
38 43 7
20 69 12
52 84 8
45 44 37
79 23 4
26 54 83
42 57 73
18 10 69
24 51 86
11 66 38
45 74 63
2 2 37
66 12 57
37 60 76
69 48 71
17 79 31
66 59 60
86 72 6
79 59 21
7 20 51
47 68 65
70 22 39
13 26 30
3 27 73
39 75 76
61 37 7
62 5 61
55 69 50
67 57 31
84 30 75
79 3 35
22 66 86
52 12 38
51 61 41
42 6 72
84 76 56
83 9 11
16 82 9
40 19 28
44 57 81
48 15 76
11 40 12
12 51 75
62 78 54
51 19 42
2 31 34
24 25 28
9 56 31
21 29 56
12 79 61
83 79 41
14 50 48
8 77 10
72 61 84
35 20 46
11 5 76
68 48 20
15 18 31
43 57 37
17 53 37
6 51 74
80 45 63
24 67 8
52 53 7
47 75 46
78 47 75
41 1 84
66 47 59
63 50 39
47 61 15
10 21 8
29 75 12
83 85 82
13 57 23
27 76 40
9 25 41
77 39 45
79 63 64
29 72 2
11 7 11
18 32 57
42 62 33
35 9 2
4 10 24
70 20 77
42 53 79
13 16 85
17 4 22
12 71 43
41 67 26
27 1 49
10 79 36
47 56 54
86 55 36
15 77 22
27 21 9
30 47 27
37 77 37
29 75 7
12 42 85
4 58 70
41 55 65
26 22 36
30 79 78
41 67 15
38 35 82
86 68 59
6 39 71
6 27 35
57 48 29
52 77 37
61 12 28
52 56 17
66 75 10
12 27 81
81 10 20
40 77 8
66 26 23
11 42 35
32 37 18
11 70 47
14 25 71
48 35 44
28 86 73
24 16 17
5 61 53
63 84 67
43 47 22
9 70 69
12 40 22
29 76 70
36 78 7
2 22 48
56 8 56
81 18 69
34 50 11
48 9 41
12 63 82
85 47 28
66 71 69
25 32 34
38 4 36
43 84 60
22 11 2
86 66 39
46 58 53
30 10 50
24 20 34
86 7 5
78 63 85
70 76 74
17 73 71
44 66 4
56 57 19
37 25 76
18 25 43
86 63 4
83 35 67
21 84 85
42 71 66
19 41 63
60 27 26
36 2 14
3 13 73
64 77 46
37 14 18
31 4 43
69 62 46
16 21 73
26 2 5
66 19 9
8 41 20
65 23 85
70 48 83
23 7 39
24 15 28
70 57 63
52 1 78
79 71 62
82 41 36
60 25 21
1 50 74
73 51 83
26 17 48
1 16 6
17 15 9
66 82 85
6 64 75
47 52 81
25 8 61
14 20 36
71 62 51
84 54 4
43 73 25
54 74 35
7 22 42
85 2 21
50 24 50
20 74 11
44 37 52
24 83 9
55 48 78
55 48 39
80 28 49
58 58 38
79 42 49
85 9 29
67 67 77
58 83 28
6 10 56
61 50 56
53 40 15
33 63 1
4 21 75
31 56 37
81 85 11
53 81 53
21 16 84
62 11 29
32 42 83
52 37 63
77 75 71
1 13 35
36 81 24
42 86 80
79 5 10
22 61 20
34 82 56
70 38 9
73 9 35
16 73 70
11 8 55
14 61 77
34 81 51
2 26 68
2 38 28
45 39 35
6 58 79
72 81 72
77 69 11
8 18 20
3 54 43
77 56 7
4 57 28
28 15 70
54 3 84
57 43 70
19 84 34
60 68 13
17 60 66
79 73 36
60 78 72
11 32 14
10 75 66
10 51 82
34 49 67
36 84 47
65 8 9
78 40 7
33 29 58
72 66 21
86 33 72
79 44 8
15 45 78
49 28 21
57 14 48
31 18 38
70 9 84
47 64 24
76 39 44
14 17 79
42 16 23
66 45 36
11 71 49
23 60 47
36 18 53
64 84 74
85 7 21
46 47 45
68 80 56
34 81 40
7 74 54
42 78 2
11 25 83
48 54 25
21 76 49
79 29 45
46 50 46
79 49 67
20 37 17
77 47 65
64 33 5
86 4 22
41 43 34
15 60 22
45 23 1
36 38 49
81 39 68
58 76 50
40 43 82
56 56 70
18 14 36
24 28 4
35 28 39
63 37 16
35 39 15
60 20 54
76 79 41
79 57 26
27 81 55
66 58 62
71 36 23
23 2 37
42 8 6
44 17 35
37 74 67
84 44 47
48 5 45
56 32 20
34 35 42
37 10 55
42 35 65
27 36 12
46 80 59
65 3 66
53 25 23
44 35 39
72 49 63
72 40 55
19 39 71
17 18 58
75 70 22
23 42 40
20 31 69
4 44 18
33 57 83
75 52 78
62 42 28
16 76 38
28 16 22
8 63 86
8 10 17
2 69 67
51 55 22
14 4 18
31 46 35
27 1 69
48 41 66
60 63 34
47 20 28
75 23 9
66 53 60
19 66 39
23 1 37
25 14 32
25 28 61
23 69 17
83 10 22
80 53 85
79 4 71
4 6 78
75 77 6
75 72 52
20 85 75
81 21 85
51 4 58
50 74 67
46 40 28
75 49 66
21 52 16
77 50 82
33 86 18
11 22 80
21 81 66
27 65 43
7 26 63
35 33 3
62 52 49
31 14 12
38 80 18
7 11 41
82 61 10
35 13 6
43 39 59
50 46 76
27 78 32
55 86 35
33 61 14
47 50 19
44 80 68
29 66 21
86 12 57
24 29 13
80 38 78
49 71 84
55 81 57
7 59 13
2 44 23
4 55 46
12 8 31
34 62 59
37 75 69
44 47 63
75 58 17
51 33 32
60 38 49
61 45 5
28 82 68
54 38 63
20 9 48
47 81 47
9 60 64
68 6 14
74 78 41
8 39 65
33 35 15
7 18 28
24 33 51
57 70 86
74 39 31
20 80 52
45 50 27
83 17 47
34 27 31
21 60 41
44 49 10
81 11 33
72 36 41
40 20 5
12 10 54
50 76 61
82 42 20
12 2 43
16 21 37
17 60 14
38 77 27
8 51 76
74 2 31
33 6 20
22 61 45
42 49 2
43 23 27
51 16 14
7 12 66
3 48 82
42 79 49
16 48 77
82 16 50
80 37 44
10 40 50
54 18 15
19 51 46
36 34 41
82 68 52
74 79 40
69 68 48
45 64 28
80 21 84
35 76 37
8 11 16
35 1 22
33 24 18
21 41 56
24 3 9
83 62 66
41 55 67
24 69 73
74 83 9
86 12 76
74 85 78
38 78 7
17 76 33
12 44 2
33 67 69
4 71 9
64 77 80
82 29 40
53 28 63
39 2 44
33 15 13
41 26 47
15 30 16
37 36 83
63 69 9
68 69 74
23 48 45
28 84 3
34 64 55
32 35 36
12 13 85
62 7 28
71 63 5
36 13 27
85 9 65
70 77 65
76 2 80
63 26 14
73 36 26
86 20 13
28 81 51
7 34 73
59 63 78
62 44 57
22 73 73
71 28 69
2 14 21
20 62 58
21 29 63
47 43 84
36 3 23
62 8 63
42 77 58
14 23 40
64 12 83
75 41 37
39 80 28
4 69 71
77 69 56
7 13 7
52 57 56
60 86 75
38 72 44
22 34 6
34 4 48
45 31 6
48 73 17
58 13 78
79 85 55
16 22 20
21 66 8
38 40 8
28 13 60
72 30 3
26 45 31
20 48 43
7 37 46
37 6 52
41 74 11
65 70 9
42 26 83
25 27 48
34 79 38
61 58 58
31 32 53
5 2 53
64 13 38
79 68 23
13 13 20
31 38 57
58 32 65
22 13 32
37 10 51
28 52 46
59 39 5
23 17 20
58 17 5
58 65 56
16 17 53
16 67 62
72 44 15
51 69 85
85 45 65
53 74 61
44 9 18
83 30 60
58 63 32
77 47 54
8 2 17
72 51 85
29 36 28
15 26 64
66 23 25
80 36 40
64 19 9
68 29 24
62 47 62
62 26 50
24 52 84
65 2 45
4 36 51
28 81 4
2 24 76
23 34 40
1 81 63
27 53 21
57 5 51
8 53 61
84 75 7
71 42 21
23 11 59
61 47 52
57 7 37
33 76 79
81 5 62
68 20 20
14 64 11
57 83 84
35 35 39
26 81 60
81 64 26
70 14 65
79 34 42
50 86 58
52 5 23
25 71 72
51 62 50
23 35 70
3 33 28
16 36 33
28 34 43
4 2 40
62 33 70
29 3 6
32 10 41
14 12 9
4 2 52
62 44 13
48 65 70
60 72 78
72 85 43
83 69 35
12 18 55
12 9 59
52 58 73
66 44 46
45 85 54
47 23 78
84 74 5
69 47 4
1 28 2
11 8 14
38 19 72
56 71 45
80 63 64
74 22 60
76 31 14
37 4 27
16 49 86
85 72 76
82 36 44
29 34 76
76 48 29
38 19 50
42 77 33
61 7 29
5 83 17
56 62 52
66 78 54
70 26 68
40 57 32
18 64 84
59 8 29
2 73 15
27 1 84
29 84 84
82 18 74
71 8 21
54 16 1
68 55 73
17 11 67
82 17 34
18 63 14
32 82 70
77 50 55
31 36 8
85 71 70
50 22 17
11 76 56
67 12 60
78 45 45
17 41 54
43 59 75
34 6 49
5 58 66
38 39 28
7 54 16
50 13 58
77 15 13
58 31 49
59 54 83
27 19 5
43 85 27
62 22 11
72 4 63
76 29 32
55 9 14
70 83 33
78 50 26
82 13 77
9 37 52
16 43 70
69 31 46
19 66 44
25 17 22
1 85 42
70 60 62
22 13 54
73 72 57
55 28 39
15 5 63
68 25 57
44 10 44
64 18 14
37 64 18
58 40 85
51 18 76
68 28 40
43 60 50
14 20 15
6 77 68
65 33 17
26 34 30
13 15 66
83 71 40
8 23 10
43 62 63
62 6 70
83 55 56
37 71 69
55 40 29
4 51 26
83 79 37
51 31 62
57 41 24
62 13 13
62 4 50
50 15 17
18 30 6
35 13 18
83 58 19
66 60 67
56 50 45
47 6 20
22 26 66
61 82 7
20 80 36
66 48 39
58 68 57
60 8 20
55 36 78
46 40 28
44 68 20
35 6 24
32 1 61
45 26 45
60 40 57
85 65 77
69 45 47
8 3 12
48 1 43
12 13 13
58 12 84
63 71 19
23 45 72
72 58 70
9 14 59
35 80 12
40 35 83
38 36 7
14 40 49
8 41 8
13 14 72
63 74 53
16 25 85
4 46 39
1 5 1
1 42 6
42 42 8
56 39 34
48 9 10
79 84 69
41 58 39
24 15 76
1 39 54
53 82 72
53 82 49
45 63 86
30 7 79
29 35 49
30 81 77
60 53 22
9 53 59
16 75 7
22 21 45
29 51 54
10 72 9
66 53 56
82 85 8
35 44 2
65 15 86
21 23 65
64 45 68
51 47 38
77 40 8
9 6 22
44 19 56
20 33 77
43 27 70
19 78 2
7 18 15
46 69 46
15 5 80
39 75 51
81 40 73
85 67 72
32 46 86
26 29 28
12 55 2
80 62 14
32 53 13
43 10 6
68 51 27
79 68 29
11 56 11
44 34 65
16 18 37
75 46 43
75 46 6
71 77 70
50 68 44
64 72 24
83 38 39
71 4 10
80 73 71
56 66 18
69 30 10
31 34 2
31 62 81
66 74 33
80 55 50
72 39 10
50 24 56
5 14 38
46 75 69
36 82 75
69 30 10
2 42 34
48 37 42
58 47 39
37 38 61
58 19 28
77 23 28
3 58 49
18 6 60
51 19 67
65 75 59
73 65 30
32 3 43
5 31 24
64 45 37
47 2 31
50 80 20
50 59 35
2 82 73
69 40 82
31 31 40
73 64 44
28 18 9
86 22 10
25 49 45
30 50 49
43 40 62
19 13 79
61 25 14
33 38 6
44 3 65
45 33 5
59 27 15
27 26 36
6 74 10
49 38 6
47 47 30
82 71 31
65 78 50
66 58 64
68 18 16
42 61 49
50 2 25
17 69 12
35 18 13
38 15 12
58 1 59
21 10 61
56 12 15
17 33 23
27 68 66
56 10 2
2 6 82
47 84 61
29 38 82
24 65 19
10 42 3
30 26 69
60 51 84
23 39 44
39 78 86
70 14 18
50 37 6
79 64 76
33 79 21
57 68 7
6 35 29
42 85 77
21 43 65
65 49 32
4 2 60
15 42 68
79 13 32
57 72 30
29 63 46
52 32 61
77 19 77
78 85 78
43 21 77
21 31 30
17 41 47
67 27 33
35 77 68
48 20 7
19 30 84
40 69 51
27 26 14
1 54 55
15 37 74
57 58 38
4 37 45
62 65 21
35 74 60
28 64 74
62 1 73
49 34 39
8 31 56
6 83 66
59 6 36
38 74 61
9 46 38
45 51 21
25 11 64
29 13 9
61 14 47
78 51 4
16 40 34
56 44 29
34 65 38
57 36 67
55 6 10
22 5 45
58 24 73
76 33 85
33 40 71
73 74 74
77 24 20
18 9 25
69 45 32
67 12 35
79 68 84
57 1 29
54 12 57
34 49 35
17 9 80
78 31 24
52 24 56
4 71 25
83 52 41
61 13 36
32 61 48
55 12 42
31 8 39
64 42 42
12 85 68
26 74 15
8 76 17
59 48 43
28 78 65
23 21 82
53 39 72
66 64 51
12 57 1
42 72 13
76 44 49
5 83 55
66 77 14
75 6 37
38 36 29
50 58 24
42 1 1
11 57 79
80 78 43
43 85 41
55 40 2
84 17 16
86 19 64
45 78 71
60 66 48
18 6 31
65 12 49
76 65 83
82 77 63
39 50 85
39 25 8
23 71 12
54 7 13
79 34 75
8 47 24
41 14 76
79 61 17
64 75 49
40 40 45
38 83 76
43 11 83
72 57 14
40 79 81
85 29 12
16 29 9
27 68 10
5 14 32
13 12 15
21 32 16
34 57 36
85 3 13
63 28 74
86 29 21
19 81 55
21 64 36
47 39 51
17 59 42
80 11 77
18 60 12
62 27 77
28 74 75
67 75 66
45 59 69
65 63 12
42 35 84
49 59 19
86 70 17
58 82 1
62 82 85
1 19 73
84 17 65
30 44 80
9 11 2
12 57 80
14 10 82
18 29 16
80 68 62
67 52 22
82 30 72
75 51 30
59 81 77
47 73 55
66 86 71
29 11 9
52 76 48
25 51 44
67 84 32
53 8 13
82 19 58
72 66 47
41 79 44
7 44 21
83 54 76
76 36 15
20 65 4
16 72 28
25 53 61
16 15 56
76 62 51
40 28 22
31 63 4
74 55 68
11 34 35
47 11 41
30 65 61
69 28 25
73 51 62
16 58 66
36 51 2
81 10 40
52 71 43
76 7 75
18 54 22
9 46 53
8 82 7
75 55 42
49 54 64
78 68 7
80 42 33
71 43 75
5 73 13
75 50 70
48 68 11
11 40 53
47 65 65
73 31 31
14 31 33
