5000
40 54 74
37 41 71
38 61 63
24 13 46
89 73 2
64 25 8
54 29 74
86 92 1
85 81 91
60 81 14
73 22 66
82 42 42
16 91 40
20 38 23
59 93 50
31 40 14
30 55 62
78 19 70
33 16 74
96 32 34
15 4 9
53 46 99
61 41 87
70 84 85
26 53 79
60 59 4
94 69 4
26 98 18
29 68 91
48 34 58
1 81 68
94 86 92
80 51 89
54 44 95
45 37 15
26 66 46
94 42 64
73 86 12
63 66 32
67 46 91
66 19 69
61 6 94
29 39 53
81 4 101
30 49 73
85 62 85
37 91 35
9 11 80
35 38 83
33 64 94
4 78 94
83 17 50
24 61 73
42 80 3
6 65 90
92 84 1
14 79 84
84 28 45
19 94 68
29 60 64
14 25 7
4 11 68
9 17 19
66 41 60
15 8 17
72 5 15
84 55 78
12 73 56
63 51 34
4 26 59
38 61 23
78 67 6
52 30 55
34 77 18
6 99 30
100 101 76
22 14 51
42 81 30
54 51 16
51 12 49
5 41 82
79 24 100
86 17 25
101 55 67
15 2 9
28 13 45
25 68 40
46 70 91
67 100 70
71 68 52
77 58 11
8 30 84
94 5 20
75 81 2
21 18 57
74 45 53
67 45 87
30 57 12
89 18 18
95 58 23
90 80 29
68 73 97
3 9 6
94 81 83
44 81 66
69 101 68
33 11 32
68 44 14
4 6 88
4 46 53
90 24 46
60 2 98
84 41 39
13 2 77
51 98 82
81 11 73
12 50 95
99 89 42
20 89 54
62 32 97
33 47 64
34 70 49
22 22 7
27 12 2
76 11 69
48 39 87
70 73 27
18 61 14
10 74 30
45 92 23
63 19 59
44 30 97
49 68 69
76 54 66
87 90 93
79 20 25
83 24 46
70 51 68
69 41 91
32 61 62
1 91 67
13 36 61
15 86 37
50 2 87
37 80 9
62 83 18
62 96 73
67 78 45
59 21 49
101 91 88
4 29 84
56 34 10
39 36 66
84 23 77
98 46 83
31 27 50
45 65 22
82 57 47
77 25 75
58 44 99
63 46 60
2 97 83
12 1 24
66 26 52
52 27 62
75 36 41
46 62 31
21 77 19
6 77 86
89 79 13
26 22 48
44 85 44
15 61 70
35 12 34
66 73 33
62 95 52
6 43 46
55 45 25
18 36 90
44 72 81
62 53 56
67 28 42
80 25 36
64 90 20
4 53 69
39 4 24
19 94 75
10 60 14
52 13 37
94 24 10
49 72 91
7 16 33
5 49 65
55 51 25
63 53 95
26 88 51
72 2 67
45 70 75
37 64 87
28 61 65
14 23 16
59 80 66
50 34 101
64 15 83
37 94 100
41 41 34
79 97 13
47 89 26
58 41 79
24 4 74
57 62 41
86 79 87
30 64 33
38 1 55
39 85 72
19 12 38
71 84 79
10 12 74
71 84 87
15 68 5
2 58 33
70 28 50
82 89 72
15 68 85
6 11 62
63 48 45
42 12 72
88 75 12
93 41 62
81 58 41
61 5 8
8 59 39
74 90 45
6 38 82
95 33 87
14 30 79
56 79 47
98 84 80
74 79 71
63 101 47
100 78 19
53 71 57
26 74 3
22 62 36
100 35 21
57 56 67
98 54 38
101 58 66
76 96 2
48 90 61
40 21 94
57 79 82
19 42 12
44 69 33
10 99 43
15 73 42
69 38 29
77 61 34
75 56 30
6 63 22
35 36 93
48 54 6
72 101 40
89 67 12
36 43 68
11 52 81
32 96 99
49 81 22
33 13 31
70 84 68
72 69 71
61 73 30
61 78 19
53 17 10
46 72 51
69 87 2
47 67 78
29 20 6
43 2 85
86 67 20
95 76 75
42 64 58
22 19 20
68 62 72
87 96 37
70 32 11
58 66 4
54 42 56
41 38 30
33 86 6
14 84 86
55 55 39
86 83 8
31 86 37
11 53 65
51 94 58
87 98 22
89 57 15
40 40 77
93 95 78
75 97 84
80 16 58
3 42 78
26 20 54
73 83 83
75 14 58
76 81 58
98 56 72
25 48 59
42 96 14
91 30 34
89 64 5
76 63 68
58 31 21
39 101 22
88 26 77
67 4 28
101 49 61
71 14 32
74 8 66
24 9 52
89 49 83
22 32 71
59 75 15
58 54 15
10 31 15
45 99 58
19 64 81
89 84 91
49 95 27
44 100 94
49 86 96
91 71 30
51 54 17
18 8 44
20 34 27
81 43 67
18 55 27
73 93 80
56 5 80
74 68 76
6 78 65
15 28 79
17 88 18
74 54 35
96 15 38
84 73 62
12 92 42
80 56 72
79 9 74
81 15 32
65 97 9
100 2 42
11 13 20
81 71 78
99 34 27
80 36 91
99 7 75
68 52 52
70 73 98
68 23 57
70 9 85
72 48 33
67 32 33
94 9 73
7 1 59
7 45 49
78 44 101
92 73 94
89 31 37
48 100 26
20 39 14
51 42 82
97 79 11
4 15 73
59 65 52
12 79 47
20 90 41
10 87 71
29 9 18
41 91 84
34 91 77
71 5 21
26 38 41
32 98 64
10 7 14
15 25 61
90 58 19
72 42 53
98 14 57
56 70 62
53 63 2
79 15 82
12 11 22
96 50 26
24 98 70
58 78 52
88 30 24
15 94 78
75 77 4
61 68 25
51 67 52
81 41 57
58 100 23
6 52 8
41 40 80
14 53 20
71 54 101
100 1 51
76 46 79
11 10 22
17 68 3
6 70 71
69 73 59
55 48 72
37 1 29
60 28 96
16 28 96
99 36 27
49 86 101
48 32 3
66 48 90
7 82 75
40 21 29
70 11 58
21 36 30
42 89 8
27 18 94
81 66 84
75 30 25
87 48 84
51 6 17
54 86 70
21 43 32
18 64 91
80 35 84
54 12 90
87 38 25
39 58 3
96 44 54
52 94 2
70 67 3
71 79 8
8 22 97
4 33 9
36 56 74
12 79 40
3 63 51
16 39 49
72 96 30
35 12 44
15 6 51
67 83 49
38 2 35
86 62 64
26 97 64
23 39 93
14 41 7
81 50 79
69 74 95
68 97 101
29 56 31
6 19 15
11 16 96
89 95 32
52 4 62
56 32 32
8 8 95
9 59 39
46 89 55
26 20 65
58 86 54
98 2 92
45 43 12
24 60 73
66 7 13
94 77 69
82 24 60
95 69 24
85 31 8
65 43 78
26 88 67
2 32 4
59 99 14
51 49 26
34 72 62
64 53 14
100 75 77
10 30 25
59 6 42
84 86 71
60 61 82
61 29 91
7 9 14
10 7 52
74 60 79
10 52 37
26 101 66
47 48 77
46 61 70
99 94 51
17 93 79
58 2 28
71 73 61
81 48 3
71 46 61
68 44 60
20 17 80
90 35 72
38 36 86
47 3 94
74 46 11
81 14 98
13 9 14
77 83 94
28 2 49
17 46 87
26 10 81
84 83 60
73 63 72
20 39 4
75 69 59
56 91 24
33 72 16
37 25 29
69 3 34
89 68 23
96 66 3
88 20 86
19 42 57
33 86 13
52 74 14
9 10 22
45 76 43
36 11 41
87 25 53
46 86 72
52 47 31
14 13 77
15 68 43
47 73 45
17 19 65
21 52 41
75 14 66
46 19 43
76 17 78
42 84 66
37 66 77
100 49 12
90 41 51
47 64 32
82 17 38
43 21 54
95 14 98
82 91 55
27 75 60
58 89 27
97 53 48
38 22 21
83 41 52
23 79 47
56 83 78
49 96 86
86 59 58
15 8 101
36 11 57
77 41 78
37 70 26
22 38 54
37 84 12
10 66 40
22 77 33
11 48 78
10 20 86
57 74 95
17 79 64
98 24 69
48 46 84
13 80 82
49 3 22
14 90 31
45 83 74
56 80 47
45 27 25
88 53 12
87 70 52
11 2 30
90 15 55
101 23 91
20 64 88
33 56 17
35 79 41
42 84 60
7 23 19
69 60 56
30 61 87
38 75 80
92 17 2
58 99 56
48 40 84
101 74 96
56 23 50
37 62 18
45 70 45
40 45 77
50 86 43
58 52 34
74 4 4
93 74 93
60 99 72
87 94 75
33 16 63
10 83 48
27 96 85
5 40 61
62 6 87
69 4 83
71 79 1
37 64 86
86 101 22
79 24 28
63 8 80
6 93 69
6 99 74
49 39 70
68 98 42
46 34 19
75 3 51
42 55 13
31 45 37
77 29 61
65 63 63
43 49 42
73 5 82
87 70 13
82 73 52
83 86 14
46 69 54
65 92 77
83 4 22
13 99 32
101 99 101
47 74 58
34 6 56
17 16 74
84 96 93
36 47 80
44 62 5
48 66 49
30 6 32
1 36 55
87 28 72
56 34 49
47 39 11
32 50 30
65 86 90
33 16 32
49 25 61
75 63 20
64 100 57
3 47 51
43 49 31
43 90 22
72 48 92
54 12 16
93 5 63
59 62 101
57 3 8
55 90 55
88 43 10
66 97 17
83 1 79
96 54 6
39 85 12
79 20 18
17 50 62
90 93 72
62 59 4
11 83 38
6 83 61
44 38 2
72 29 77
56 7 93
54 48 19
96 76 82
7 26 30
20 49 2
64 15 8
58 78 53
57 36 79
1 94 56
89 41 4
91 52 78
30 59 30
93 73 93
38 20 95
82 20 44
65 3 15
24 37 92
3 87 69
27 32 38
83 90 30
45 86 83
39 99 25
87 97 87
91 11 50
82 78 69
76 12 72
86 29 18
101 95 14
55 47 65
97 52 6
72 56 47
41 22 55
78 91 89
62 18 29
86 26 62
79 101 75
20 75 67
32 90 78
44 36 49
18 91 1
6 99 28
24 101 52
23 88 14
50 73 23
16 6 77
75 53 18
91 47 13
57 48 68
20 7 73
55 16 12
13 34 98
43 49 3
31 58 19
100 61 11
88 40 30
93 27 89
23 77 23
12 37 66
51 50 47
79 64 35
8 40 30
70 11 38
96 98 76
66 67 96
17 97 4
77 78 59
77 75 28
95 37 49
46 41 40
72 51 5
45 7 31
46 70 61
83 88 82
74 36 61
39 75 33
26 5 54
2 35 61
50 32 15
15 30 45
81 1 90
97 6 68
93 88 6
79 45 78
62 22 76
5 30 7
15 90 13
90 83 47
94 54 59
70 17 15
25 28 49
95 68 88
25 80 47
85 68 99
2 59 37
79 3 28
35 91 41
32 43 23
90 27 17
92 16 81
29 49 24
18 17 39
65 100 59
10 10 35
53 91 41
53 77 50
26 1 34
55 7 100
74 60 6
68 55 1
60 26 97
65 73 90
6 79 46
89 69 94
23 1 31
14 2 14
40 84 87
31 3 43
44 2 66
53 45 33
79 24 75
88 9 77
34 97 66
55 50 61
7 64 44
9 44 65
7 54 66
41 10 77
12 16 6
33 79 11
45 75 29
32 18 75
35 32 98
23 94 45
68 51 95
10 74 7
79 94 63
9 52 27
32 65 8
18 89 7
90 72 70
9 65 37
94 58 66
23 88 30
76 48 54
94 46 6
55 9 58
74 13 53
78 11 54
44 32 35
34 25 70
51 35 42
81 73 1
61 77 71
18 85 29
77 35 3
90 12 4
20 58 31
53 12 88
76 25 38
15 1 44
77 91 76
62 2 85
32 27 4
11 56 27
98 15 17
42 48 23
1 81 47
52 40 82
7 42 51
22 87 59
65 40 37
42 12 40
15 66 21
86 40 67
45 67 13
52 99 25
83 78 19
6 77 78
84 5 95
1 2 92
80 80 58
2 16 12
2 81 3
22 40 100
66 30 84
77 88 30
80 72 3
54 50 12
46 27 63
70 43 15
39 29 74
27 71 93
34 48 60
55 7 62
33 71 91
91 87 74
46 84 44
93 34 23
34 87 60
75 92 24
17 72 95
26 36 68
70 96 14
18 66 7
39 60 63
48 33 50
85 65 42
1 77 99
11 43 66
71 27 71
46 82 76
77 41 6
19 59 97
71 1 11
81 14 7
95 87 41
96 86 49
86 23 47
93 67 38
54 10 83
55 35 10
91 67 10
2 17 46
52 61 75
33 18 50
37 74 49
19 38 30
28 6 89
14 55 94
71 96 36
4 87 71
77 47 73
93 96 46
77 59 74
73 22 98
71 41 21
35 63 37
89 36 69
92 18 40
14 26 20
17 98 61
82 14 61
28 20 43
75 51 88
83 65 30
24 19 9
62 61 99
74 88 43
87 26 59
80 62 78
46 61 25
80 85 55
28 38 92
46 15 92
81 45 13
80 98 82
56 96 44
36 8 68
62 97 76
46 36 25
77 82 38
52 50 62
61 40 39
70 50 61
93 78 7
11 76 52
51 19 6
14 47 15
25 87 43
40 58 11
44 17 60
82 54 15
54 28 29
72 48 30
44 44 82
44 68 94
2 95 18
14 35 3
87 3 74
8 2 56
99 8 98
74 55 55
60 43 45
92 75 60
93 83 91
91 88 85
91 80 12
71 62 9
3 88 56
2 71 35
87 21 86
3 70 101
58 100 43
67 93 80
15 51 90
46 67 1
69 85 29
99 77 5
40 30 100
40 29 52
57 14 22
65 21 31
47 62 6
6 78 32
90 9 45
49 93 43
94 71 79
90 78 69
46 75 1
40 27 14
52 26 15
73 41 94
49 49 70
70 3 88
62 11 82
68 14 48
22 63 71
48 80 17
37 90 2
29 68 14
74 3 69
32 90 36
27 64 86
4 91 79
48 90 31
1 3 69
95 4 101
60 32 46
32 25 63
99 20 44
92 81 97
35 19 31
24 32 52
17 83 67
37 23 10
48 79 24
78 68 87
2 78 90
81 6 29
61 76 52
45 87 3
4 68 3
8 37 2
31 24 71
100 65 84
78 42 31
67 8 75
67 20 12
85 63 43
7 3 87
65 81 63
9 95 22
31 29 74
85 65 21
54 83 61
17 82 69
43 23 20
13 5 50
88 94 11
25 80 62
83 10 52
28 53 51
74 71 23
53 80 29
100 4 1
68 61 3
42 42 48
53 13 43
55 69 81
88 97 65
60 81 98
52 87 74
21 2 74
82 70 57
44 21 23
8 80 22
83 36 79
66 46 71
52 60 30
31 67 46
44 22 100
5 79 54
67 76 36
5 43 10
98 12 58
101 13 35
11 65 8
10 21 96
75 7 59
79 91 2
28 64 96
99 45 9
53 44 63
15 83 79
48 16 89
39 46 13
28 7 29
64 97 20
88 7 88
65 77 36
65 2 57
51 86 25
43 22 6
83 43 84
38 62 52
19 48 84
76 75 56
30 59 79
27 53 23
86 57 31
63 70 97
92 98 87
57 6 92
52 84 67
40 96 35
65 86 50
61 82 19
16 48 17
60 8 75
19 77 75
101 9 22
13 34 6
64 1 72
17 36 14
12 90 48
23 32 1
59 65 92
50 36 81
36 27 43
49 98 32
10 64 43
34 46 44
3 20 24
17 91 65
30 34 58
31 39 12
27 68 13
88 52 82
21 59 5
64 13 13
33 97 98
30 68 60
43 55 97
26 30 67
33 64 83
4 80 18
36 30 58
54 8 47
45 97 65
64 56 68
92 101 41
80 86 44
46 16 91
70 86 96
70 64 82
74 2 24
24 32 15
31 16 32
35 92 58
61 2 30
54 19 1
65 6 17
6 67 2
58 84 66
44 66 5
54 52 5
9 51 26
87 92 40
77 49 41
55 46 71
23 43 15
19 91 76
26 31 18
38 42 78
48 47 78
80 66 90
76 23 97
89 15 41
78 88 83
56 60 63
90 33 66
100 30 33
13 90 20
8 18 55
67 14 8
92 60 40
34 60 80
64 80 14
26 56 45
67 20 4
86 75 61
34 76 62
51 64 2
74 48 75
63 90 20
21 7 100
27 17 18
31 78 78
74 55 96
7 67 94
98 55 37
82 70 28
78 95 66
32 74 3
70 65 100
61 7 17
22 82 4
90 31 84
8 5 64
78 78 12
42 99 77
9 31 70
55 72 66
100 27 34
53 101 72
97 54 82
61 81 72
84 59 79
86 38 91
101 63 66
81 76 14
6 92 59
29 34 41
67 64 24
54 60 101
22 26 10
81 17 49
10 8 4
33 64 48
90 34 38
14 1 99
64 28 100
27 91 44
58 25 32
70 24 75
8 63 29
83 1 17
7 22 24
92 71 47
53 99 3
22 53 29
10 67 101
97 80 83
11 19 66
61 40 99
33 49 15
23 16 18
3 36 80
77 39 21
23 39 21
69 49 69
74 11 82
79 5 97
65 46 10
81 33 35
81 45 77
50 83 29
98 37 42
87 17 11
96 5 22
57 57 25
54 52 48
85 56 13
16 74 51
43 18 23
44 81 7
72 101 51
13 41 75
66 97 46
29 41 23
45 29 42
47 67 19
33 67 32
25 60 53
2 16 42
8 2 92
49 35 60
40 77 20
66 82 42
67 7 94
80 54 15
24 23 56
32 67 45
85 40 23
61 73 33
18 45 94
44 17 34
32 70 40
7 24 76
80 74 4
94 43 3
53 97 19
4 48 13
40 90 24
45 79 28
89 70 52
35 6 64
16 16 23
17 51 14
85 55 94
93 91 59
54 40 14
75 87 3
90 93 69
37 64 98
15 36 32
43 84 36
95 77 17
71 53 71
58 88 64
95 92 72
52 57 83
42 60 41
16 33 51
7 55 38
39 84 51
63 71 23
35 18 59
98 37 79
2 62 78
48 78 45
79 4 7
69 84 90
52 8 51
81 18 67
62 84 84
68 18 97
84 8 41
51 23 59
90 65 101
75 8 74
30 22 58
19 44 48
90 74 40
24 55 21
98 65 34
27 35 32
7 66 22
40 19 10
84 68 28
100 59 13
40 53 45
14 86 3
79 35 24
55 37 73
16 35 32
86 71 43
40 52 93
6 52 1
4 84 74
37 17 26
65 2 20
64 82 4
70 36 49
64 11 4
18 54 41
24 31 20
74 2 33
22 7 4
20 98 90
66 28 16
52 23 73
19 75 34
20 93 42
86 81 25
55 18 72
41 13 84
78 18 27
20 100 86
4 52 36
44 10 22
64 76 29
59 88 35
16 6 23
22 98 29
64 100 29
10 96 74
94 47 64
87 23 58
59 84 50
4 21 72
89 25 20
92 28 91
62 83 43
96 60 99
73 72 98
100 33 52
16 98 56
22 16 19
99 100 45
52 64 1
52 90 86
40 59 7
28 50 24
60 51 42
2 44 52
29 41 63
63 30 94
23 44 14
5 8 75
80 42 96
67 84 60
20 88 43
98 28 21
79 85 65
70 85 89
97 67 27
98 30 47
56 48 84
45 96 1
81 47 25
12 45 22
100 70 67
13 26 67
77 63 97
65 1 84
94 19 18
48 5 76
63 54 72
16 42 2
7 72 11
23 18 19
84 42 60
88 91 21
50 7 8
15 70 88
24 76 70
85 56 63
20 66 63
88 41 78
24 3 36
38 14 31
45 56 1
20 19 14
24 62 91
47 13 37
51 97 11
36 93 39
71 20 90
10 66 16
68 44 38
11 56 87
4 8 31
40 91 8
70 26 57
47 49 70
84 4 53
2 32 14
79 69 93
76 57 22
75 41 94
50 39 62
16 12 67
29 27 14
15 30 45
76 14 78
2 90 43
30 34 9
34 36 100
70 19 31
94 65 23
45 7 54
3 37 6
83 68 52
82 77 91
32 6 46
12 33 33
30 81 3
15 65 86
100 89 70
39 20 55
21 25 7
23 86 41
98 27 24
64 85 30
21 50 22
80 68 9
12 1 57
57 46 95
56 71 60
100 81 36
81 90 16
99 34 55
75 92 63
93 64 47
16 62 56
94 100 96
14 19 87
19 15 11
43 66 67
83 82 92
89 40 9
12 74 61
35 4 81
65 33 48
45 2 66
7 56 97
48 6 23
45 69 3
97 55 80
24 12 15
72 63 45
8 27 28
7 99 31
45 81 97
81 67 96
91 42 17
55 19 14
74 86 92
66 73 60
75 26 40
3 1 65
71 59 82
47 74 68
83 12 83
29 57 25
32 55 15
56 13 40
59 68 17
49 16 7
13 51 41
2 46 97
6 13 88
99 4 100
10 76 78
14 23 11
95 101 27
16 83 46
9 69 19
60 100 69
62 32 50
93 39 30
47 50 85
26 52 5
16 94 96
70 72 39
72 4 65
40 80 11
43 34 60
13 26 27
52 20 35
74 23 23
25 39 97
74 47 53
101 77 62
49 78 1
48 75 75
98 60 76
52 58 4
40 14 54
57 54 74
44 19 99
81 71 78
53 65 32
78 80 33
34 65 94
85 20 28
95 51 22
82 55 82
82 79 37
79 65 36
24 57 77
6 14 34
4 3 81
10 15 51
69 99 5
21 44 52
89 77 60
13 100 84
38 54 48
24 82 31
99 25 46
95 59 74
40 86 53
14 57 82
38 19 6
23 22 62
7 55 13
65 18 57
68 70 1
20 53 71
101 37 68
24 6 14
60 43 46
68 39 12
76 52 97
61 62 63
101 84 56
87 28 77
33 12 59
57 53 89
69 57 69
60 51 83
96 92 101
11 55 76
45 60 87
27 18 59
42 63 83
39 25 91
88 89 30
37 11 88
27 47 9
59 54 30
24 55 87
50 4 27
67 54 10
22 28 75
70 74 45
33 26 11
47 8 4
64 57 66
35 35 100
85 58 39
52 64 35
67 11 10
5 56 11
13 74 94
53 4 38
61 91 35
11 31 77
70 76 27
88 26 67
80 51 64
97 9 26
42 23 20
72 20 13
32 18 37
72 83 89
63 80 87
20 71 46
72 6 24
45 20 62
80 83 91
68 61 100
99 91 15
22 50 95
80 64 20
65 5 99
91 98 17
76 43 21
17 24 89
90 15 11
86 24 48
10 79 14
98 48 87
100 21 63
39 86 101
27 40 71
70 98 101
22 64 49
21 77 2
70 92 53
24 10 92
99 33 74
46 91 5
97 12 58
15 12 46
2 84 93
78 44 40
23 17 9
48 64 19
26 87 15
10 63 34
92 98 43
27 55 98
96 57 89
91 85 13
54 84 30
24 76 44
1 57 60
55 34 2
98 24 42
3 31 53
78 23 16
51 53 23
62 78 65
78 68 100
74 69 26
7 80 46
28 85 14
40 93 33
57 4 69
91 35 73
58 16 78
9 69 67
36 72 42
11 72 76
66 101 11
80 14 65
24 7 76
10 20 51
30 68 65
86 4 65
88 6 24
46 79 78
63 56 49
54 16 93
12 98 39
74 18 32
81 83 48
25 90 36
57 6 52
97 84 47
37 70 94
78 45 25
27 72 40
59 92 5
48 18 86
12 35 91
12 57 1
35 43 23
21 90 59
22 37 53
90 89 62
70 1 27
35 85 91
60 19 34
56 43 62
22 3 71
30 62 62
61 2 61
87 85 64
21 90 46
35 78 47
77 99 74
15 78 101
48 55 76
33 39 64
36 38 84
35 86 27
94 53 87
63 39 33
35 69 60
67 65 2
15 101 15
77 86 79
96 51 36
41 35 7
94 62 69
87 21 67
3 11 50
73 3 42
44 54 40
67 95 90
72 69 67
89 33 67
66 67 95
38 72 16
31 70 68
11 72 35
83 67 22
14 77 98
88 76 5
100 33 9
95 94 91
100 37 78
45 90 75
92 71 17
3 57 98
81 13 23
35 36 82
50 100 53
25 7 37
99 81 27
51 11 24
24 41 53
50 68 69
8 66 96
74 40 55
41 39 8
43 47 59
28 11 74
94 74 53
58 15 73
93 51 13
76 42 69
62 61 19
49 18 81
23 25 47
1 61 16
84 73 40
41 27 98
20 44 71
83 40 10
79 54 55
24 49 78
45 40 19
25 85 9
50 13 13
2 40 90
8 8 79
30 93 76
29 38 35
93 5 43
64 27 82
23 93 36
68 76 62
85 26 58
53 44 90
79 68 4
47 100 50
36 70 69
47 81 61
64 60 13
8 42 62
84 12 71
62 91 69
10 54 58
18 53 78
57 91 5
54 56 25
45 1 98
47 53 58
1 96 90
39 50 8
39 39 92
92 73 9
20 17 59
100 41 89
35 48 95
99 25 98
56 29 47
80 101 25
65 6 65
29 10 51
65 49 97
85 80 19
93 34 51
49 38 17
68 61 27
29 33 41
75 10 57
44 88 9
34 7 17
30 42 64
13 66 71
12 61 70
57 56 67
99 2 54
44 79 61
94 35 34
28 41 73
1 54 86
60 57 14
96 53 36
55 21 29
25 93 10
78 90 69
51 25 64
48 50 20
69 30 79
39 39 56
14 23 42
58 47 84
33 59 73
52 36 91
23 14 45
97 36 94
18 11 51
36 79 10
43 95 99
87 37 81
64 27 63
79 16 44
89 33 74
27 86 75
30 35 14
22 88 42
26 88 14
2 24 6
32 100 75
80 101 20
61 90 70
98 1 18
38 83 38
47 30 20
44 46 16
90 5 90
7 58 72
6 10 24
4 21 90
34 67 62
21 87 11
89 34 43
17 79 90
39 11 42
59 50 100
87 41 36
14 33 21
29 27 16
7 51 23
31 2 60
48 84 7
85 38 96
17 75 79
64 25 37
17 19 84
21 73 91
49 17 49
12 76 25
43 94 66
8 32 67
71 21 57
95 85 89
52 79 67
87 78 43
66 77 71
30 12 7
15 2 57
63 41 69
80 15 3
43 55 61
72 44 101
68 83 98
16 73 99
35 45 49
27 67 65
48 65 22
57 91 60
52 15 25
48 81 97
50 95 27
67 85 63
32 101 99
13 38 20
67 52 75
45 61 53
16 38 22
37 71 92
10 72 50
46 77 67
71 62 58
87 32 45
53 75 76
96 19 6
26 82 7
9 75 64
95 93 83
33 66 57
53 57 1
33 57 91
58 79 46
1 75 67
95 47 35
92 45 100
30 56 35
83 52 59
18 97 50
57 52 35
91 57 56
97 62 42
94 27 83
49 47 71
101 99 16
3 84 45
14 60 15
37 67 75
53 55 35
93 99 69
63 26 8
97 83 99
8 57 67
4 57 73
57 15 8
91 94 59
60 31 67
92 75 94
56 68 87
15 39 72
54 65 18
80 55 54
83 94 81
75 73 8
14 11 36
46 23 6
98 91 9
80 48 48
70 81 76
52 92 43
2 2 56
64 64 61
26 73 45
89 52 60
7 74 24
77 61 46
55 6 85
4 82 90
49 39 30
52 101 49
83 40 82
64 2 12
89 95 95
2 40 64
93 69 91
83 78 65
67 33 81
71 29 14
3 6 8
1 39 67
70 37 12
64 44 23
57 28 60
94 16 56
64 33 66
75 98 71
80 45 11
41 13 43
60 81 72
55 96 21
95 48 60
101 82 72
53 34 65
38 39 27
9 19 75
91 7 91
66 25 50
51 8 73
9 26 86
18 53 36
69 3 24
88 87 100
40 52 17
88 6 47
30 3 13
43 89 15
46 101 6
28 23 61
85 29 99
11 35 71
72 68 71
92 15 39
96 1 61
54 77 80
7 30 9
79 33 8
99 94 83
67 19 28
78 39 73
14 48 42
21 60 26
95 18 69
66 71 7
47 68 7
95 72 24
44 93 12
69 89 5
48 7 60
39 36 64
41 15 57
87 32 56
11 2 89
66 97 78
10 98 26
11 43 65
68 88 10
63 21 94
5 59 45
7 78 77
28 9 38
35 32 22
8 79 16
57 44 94
68 32 15
38 16 55
37 100 77
72 79 10
64 79 91
50 100 85
6 53 53
45 35 27
34 4 42
72 59 87
38 74 29
95 94 60
6 39 27
85 82 19
12 11 90
23 30 49
50 89 18
61 17 16
9 39 64
35 101 80
59 16 51
48 92 26
23 8 68
29 63 74
87 45 69
21 97 15
41 7 4
86 37 44
12 64 18
97 42 45
43 42 98
10 90 95
93 48 18
16 25 83
93 17 30
70 31 94
59 26 42
12 93 87
2 58 88
45 33 36
74 54 19
14 82 38
13 67 96
81 63 48
36 98 73
95 47 26
70 51 30
100 90 67
97 80 7
42 49 29
61 10 87
89 74 69
58 2 78
78 79 100
82 62 10
61 58 60
58 97 52
35 16 3
44 75 55
90 3 73
26 53 72
73 62 50
43 3 29
81 97 86
43 15 63
63 50 34
90 15 56
70 91 80
19 64 7
48 95 9
2 34 99
66 13 18
78 58 41
66 2 25
94 16 95
23 11 73
45 48 39
19 34 35
65 22 86
31 101 95
99 45 38
46 27 59
35 71 88
2 78 74
20 82 26
93 24 24
22 19 39
99 47 57
96 64 95
44 66 96
37 76 6
24 100 27
11 61 46
52 77 27
29 97 70
28 87 84
86 24 17
95 20 79
28 17 37
27 57 6
28 82 81
73 63 6
34 75 36
7 27 76
101 7 73
59 12 17
55 52 72
66 63 6
25 62 42
1 69 93
58 80 23
24 61 13
18 72 78
13 19 52
14 13 5
62 49 73
31 40 7
33 72 12
16 8 76
29 14 44
3 73 79
78 4 71
40 43 84
97 53 42
50 48 28
77 77 11
58 5 67
92 101 81
1 66 41
61 89 79
99 43 84
41 35 45
49 69 3
5 26 55
31 36 16
35 80 69
77 73 88
67 7 48
16 53 45
65 29 33
51 67 92
55 3 16
100 5 63
68 82 81
52 35 83
7 48 18
19 34 28
91 94 95
39 60 100
30 94 65
57 98 28
30 33 16
56 59 4
61 55 83
4 13 54
80 81 72
33 27 5
11 38 65
98 41 69
91 63 35
38 70 38
36 62 31
39 22 41
15 18 3
31 26 94
85 93 30
45 95 95
91 21 13
76 59 57
67 68 15
93 48 32
47 93 49
90 94 41
33 32 77
28 77 59
5 45 65
22 41 75
3 49 70
45 82 29
50 3 74
19 9 36
19 38 48
16 81 10
60 90 27
16 76 3
37 32 83
78 81 39
75 47 61
42 15 64
3 56 31
8 96 93
14 47 70
35 32 66
80 95 72
58 79 52
59 6 92
29 5 84
57 47 48
77 37 21
17 43 52
86 58 50
23 16 90
83 73 90
97 55 94
27 43 55
2 90 70
32 24 94
101 58 50
56 32 21
18 15 82
14 13 35
99 35 48
15 26 64
79 100 58
95 28 77
51 27 98
88 70 98
36 1 49
3 26 40
72 47 49
101 28 16
14 19 18
69 76 47
77 86 43
86 67 55
61 82 11
48 50 20
34 14 91
85 21 17
91 98 67
101 88 23
40 10 94
62 33 27
37 22 9
89 93 98
87 8 50
65 59 5
48 84 43
58 23 80
14 13 56
21 28 15
35 92 20
12 44 70
51 28 28
52 1 4
5 9 2
45 16 98
64 1 12
44 23 94
53 21 69
59 54 24
44 73 37
54 52 40
19 15 88
60 81 65
75 48 26
35 11 45
10 24 77
11 92 27
2 91 73
95 34 97
59 55 65
96 96 33
9 98 81
36 29 80
29 11 26
36 70 22
15 23 61
92 11 84
28 96 100
55 65 22
76 81 87
28 51 95
64 21 95
91 10 91
57 18 60
8 83 87
99 30 65
66 36 62
28 46 91
52 77 95
50 33 44
53 99 14
33 100 55
13 19 21
65 91 67
21 100 63
53 94 27
48 51 76
61 70 50
20 72 39
71 31 42
3 46 36
49 34 32
39 38 45
82 39 77
28 87 81
57 65 47
94 82 99
68 99 5
15 12 9
59 58 76
66 38 56
2 38 32
33 68 52
83 1 9
85 44 20
19 34 75
67 10 16
100 46 88
17 15 66
79 8 60
8 35 87
85 66 49
59 39 53
33 6 6
17 27 16
36 36 44
32 74 9
41 9 85
39 53 58
74 70 19
68 12 18
81 99 65
4 76 40
21 12 28
95 19 33
25 11 36
21 1 82
54 17 80
5 71 13
64 73 19
79 47 18
64 87 81
95 46 40
83 75 20
62 51 75
33 89 44
81 16 66
7 12 46
74 53 84
96 50 43
17 85 33
81 14 66
16 81 83
27 89 17
27 34 55
91 58 5
83 89 15
78 66 18
81 37 96
93 53 78
8 49 2
94 90 18
41 41 67
26 29 96
49 100 90
3 17 81
19 46 28
96 40 34
37 10 51
72 19 19
19 100 50
43 95 60
38 65 16
5 8 79
3 3 89
22 61 28
8 36 49
44 6 30
43 62 45
22 46 85
43 32 55
26 76 34
16 101 32
90 90 1
71 3 99
9 14 20
98 81 44
11 33 12
74 85 82
70 93 89
63 16 38
90 74 72
7 75 43
18 80 40
93 21 86
42 2 35
96 72 72
64 27 10
18 63 90
42 46 93
22 52 81
60 2 52
42 20 21
53 22 5
92 79 45
49 25 5
100 43 38
17 37 39
89 53 52
57 6 42
73 56 66
86 8 29
19 17 17
60 42 33
73 57 63
34 2 86
59 99 50
39 5 97
27 67 53
27 45 74
101 23 1
27 90 5
28 16 59
92 62 86
1 9 11
101 39 55
51 35 28
5 60 53
39 23 50
71 90 5
30 44 15
99 10 75
59 98 15
37 35 2
89 51 80
75 43 29
68 96 61
49 7 44
68 25 100
15 30 17
29 90 30
96 101 36
41 50 85
41 4 48
29 60 70
31 69 17
91 42 98
7 72 41
78 21 30
61 51 62
17 9 50
83 91 71
42 4 48
46 13 101
71 16 75
98 22 81
68 15 100
45 19 71
50 15 76
2 89 5
75 44 83
70 62 8
81 7 67
25 55 101
46 83 12
70 38 82
98 62 33
25 47 2
8 31 46
35 8 51
95 61 27
9 55 101
52 25 24
43 69 67
10 61 20
39 47 11
74 59 37
35 91 79
92 43 53
18 100 77
27 35 1
53 72 61
31 93 85
87 17 58
71 98 29
20 44 85
91 95 71
13 65 83
49 1 77
17 79 57
73 11 14
4 45 60
37 33 82
87 20 99
84 73 5
74 92 33
54 5 95
24 42 75
69 37 8
5 75 73
101 2 46
98 11 50
37 56 68
97 45 43
56 100 43
30 32 71
96 58 8
22 10 29
99 73 37
74 65 15
54 25 38
22 101 96
22 5 42
6 13 101
41 22 59
81 94 19
60 41 73
4 4 80
61 61 93
20 65 42
30 65 32
87 32 33
31 3 58
31 55 100
4 41 4
75 67 41
44 27 69
69 51 53
54 28 7
6 44 50
41 27 96
3 85 11
16 91 93
1 76 90
10 21 96
52 90 34
15 7 85
4 78 74
82 8 63
91 85 61
10 7 84
2 2 67
20 27 86
75 41 89
52 10 86
44 68 40
28 61 45
61 80 5
62 55 23
82 91 51
39 98 11
55 44 58
71 70 80
85 37 87
60 75 26
54 46 95
13 3 28
28 54 86
28 44 86
69 10 29
3 80 67
78 78 5
93 35 93
20 76 56
42 32 43
66 69 25
82 2 79
99 91 8
37 80 58
2 45 32
39 50 14
100 84 25
62 34 81
1 80 34
33 94 65
34 36 63
17 68 24
56 17 93
11 82 5
56 84 69
95 86 88
87 40 43
41 4 35
69 20 41
65 87 98
90 72 36
39 73 10
51 25 13
27 3 3
21 16 44
39 28 37
47 32 32
72 87 70
17 40 75
66 58 62
63 72 41
43 6 96
38 37 57
83 24 46
91 21 44
72 35 9
53 25 4
67 3 59
84 24 15
31 57 54
47 46 34
101 42 54
19 79 73
55 66 28
98 24 63
90 75 52
1 71 42
99 46 4
34 90 30
47 20 16
92 42 53
4 48 91
42 80 96
61 35 51
6 8 44
8 79 101
100 1 83
23 95 77
64 43 88
99 50 39
6 75 59
80 30 67
58 28 35
101 76 21
75 43 85
16 63 25
84 38 20
28 38 24
9 16 100
12 91 34
48 93 41
85 50 43
43 63 18
80 45 52
11 57 4
70 2 27
95 32 101
16 22 11
98 61 56
34 65 86
3 68 41
4 96 91
68 60 23
37 91 17
98 14 80
60 52 31
93 27 7
37 18 61
58 1 77
27 94 14
82 50 63
62 74 34
28 69 36
6 4 86
81 49 46
5 76 47
66 82 23
58 34 65
24 39 67
43 85 14
35 2 17
76 70 13
49 4 12
72 72 62
57 62 67
74 42 48
70 83 37
78 48 93
59 98 71
49 67 81
100 42 82
28 68 9
85 21 30
33 67 87
84 53 64
3 64 36
75 27 25
97 14 13
74 73 78
38 94 28
43 76 15
2 90 2
40 74 34
45 62 74
14 20 24
54 39 77
94 5 51
62 45 18
46 57 4
74 3 49
24 55 88
8 84 61
59 46 40
68 42 37
45 82 4
63 37 16
19 61 45
99 94 9
26 41 31
54 23 87
16 78 9
78 23 40
31 13 67
4 58 83
22 73 77
52 98 63
36 67 62
101 9 94
95 72 37
66 44 63
42 35 27
41 50 77
67 21 43
13 64 80
31 31 73
40 73 76
31 54 77
59 32 55
8 46 68
37 38 83
41 98 82
10 24 41
62 71 69
80 63 67
1 57 29
35 15 44
58 65 3
83 47 47
94 48 19
95 20 2
16 21 20
34 44 3
23 67 15
14 91 65
51 96 38
81 66 75
23 39 55
88 83 89
86 1 63
47 2 5
6 30 5
83 62 29
80 27 42
92 4 31
11 1 70
27 85 18
40 61 45
68 38 48
56 87 44
33 22 75
91 51 78
54 72 99
98 55 50
23 15 93
49 88 68
62 29 22
33 45 84
76 1 34
99 3 68
37 54 15
80 26 72
36 13 24
91 42 12
44 6 93
50 10 80
20 68 52
85 56 5
38 16 69
29 4 71
17 1 9
44 17 53
67 51 12
53 35 61
49 25 32
64 6 86
4 20 52
86 35 42
92 97 49
2 72 18
1 59 38
49 45 83
77 25 94
73 74 25
55 23 21
17 23 24
73 16 66
23 6 9
91 3 82
88 80 27
84 91 2
4 69 52
23 99 37
81 9 99
13 83 20
17 61 27
80 99 41
59 44 85
10 18 48
64 76 22
31 29 35
26 9 86
25 67 13
1 8 78
33 56 45
81 45 69
93 59 96
91 76 44
19 86 39
17 33 42
68 59 98
73 46 71
43 49 40
1 81 10
41 77 21
92 1 2
70 82 66
10 14 58
59 53 101
100 14 7
16 50 43
95 25 29
23 75 51
72 9 83
78 76 23
74 76 47
1 35 92
100 22 5
31 98 13
42 59 22
30 85 26
41 78 12
75 100 97
84 99 93
41 44 23
6 19 88
28 73 55
23 93 91
83 89 36
101 18 53
62 88 26
58 78 42
6 24 36
100 73 39
59 39 93
73 96 6
35 83 89
15 75 10
15 9 55
63 75 32
99 26 38
4 83 49
76 35 75
71 69 17
6 51 40
98 17 83
13 62 27
13 95 83
34 21 59
6 26 50
36 1 27
78 83 91
50 18 13
6 10 101
28 46 44
87 44 63
46 29 15
60 43 59
74 16 95
69 23 100
64 1 25
42 83 44
31 10 32
24 24 37
68 84 16
81 53 3
37 65 41
53 45 81
76 27 27
67 49 59
29 65 32
11 36 10
30 82 94
21 30 68
46 64 99
14 47 86
22 14 90
90 101 45
57 98 20
37 45 58
77 100 18
93 17 71
6 9 55
101 14 5
58 27 50
78 79 39
16 24 19
52 21 72
68 27 14
32 70 21
70 35 89
30 81 91
83 44 69
65 48 14
31 21 13
12 57 44
39 46 10
75 55 4
91 8 23
42 61 21
70 25 59
66 28 69
21 79 8
75 7 65
11 17 78
76 66 46
73 41 72
58 58 69
41 34 32
54 71 98
32 9 9
38 87 72
71 87 31
82 19 53
32 37 22
72 6 48
91 51 37
73 57 39
17 11 54
13 77 35
58 15 51
58 9 73
76 94 95
29 5 21
85 44 66
54 82 80
79 40 24
1 38 19
84 15 41
29 89 11
3 44 74
12 100 1
59 46 39
15 85 16
7 79 2
38 13 60
45 65 19
40 4 88
58 63 75
86 52 1
85 47 17
100 10 86
77 62 87
69 67 49
66 42 55
71 60 74
93 50 53
13 63 76
38 88 29
87 101 69
88 4 16
59 100 83
35 15 80
74 100 33
98 22 50
6 74 62
84 14 58
3 97 88
80 10 28
33 1 22
29 7 1
28 15 9
43 100 87
80 82 43
7 13 36
95 86 66
76 64 56
43 1 86
74 66 17
100 80 12
67 88 87
62 52 56
12 4 12
33 72 48
80 17 63
64 58 50
57 57 83
27 85 51
59 71 49
68 46 51
23 26 92
58 81 64
30 34 61
93 48 58
88 72 39
101 65 32
15 17 77
89 56 55
93 20 9
3 79 31
12 30 98
60 55 12
15 88 4
43 40 68
21 6 21
29 57 54
95 65 49
32 63 58
24 54 21
60 57 70
74 52 84
28 70 32
28 93 76
98 13 9
24 83 24
41 8 49
30 70 62
5 98 55
12 92 4
52 2 25
99 50 22
59 50 34
25 78 80
44 65 68
35 2 47
77 72 89
88 69 63
47 10 43
15 66 17
32 60 12
23 20 18
36 43 98
21 66 5
39 51 14
74 50 42
83 18 98
73 94 66
78 65 89
90 69 6
11 48 11
20 73 48
15 18 65
81 28 15
4 23 24
70 12 49
76 80 39
71 22 11
12 68 89
96 20 12
62 30 12
3 91 89
24 42 76
36 71 41
19 13 67
43 75 46
39 43 6
22 5 26
13 3 98
23 93 84
1 89 50
42 22 70
10 22 9
52 68 53
69 51 93
12 73 28
53 80 52
100 47 26
67 77 46
97 9 49
101 28 25
43 54 101
27 101 74
47 72 2
86 22 42
34 10 64
7 42 20
29 32 42
95 93 29
65 38 82
22 40 49
50 21 52
2 21 10
12 84 44
99 86 82
80 93 7
88 98 25
10 24 38
28 97 78
37 42 69
61 4 101
99 8 58
72 7 93
40 46 7
78 3 59
83 11 6
81 57 36
14 69 55
28 54 63
93 78 67
57 54 34
53 50 15
99 85 70
54 26 73
73 79 61
68 82 53
51 52 21
63 27 75
1 80 66
7 12 12
5 100 47
30 28 4
8 73 3
89 69 16
65 76 2
24 32 16
25 37 30
21 67 63
13 68 49
93 70 100
31 88 2
15 60 23
29 56 60
81 12 41
40 17 44
65 40 67
15 85 77
16 101 4
38 9 85
5 23 72
70 48 50
72 59 14
4 6 44
79 3 98
82 2 67
47 88 1
93 70 35
24 41 83
70 47 50
39 99 91
83 101 28
9 23 9
57 86 35
2 90 68
82 9 72
21 59 52
56 13 31
3 34 17
70 63 20
66 69 78
84 40 9
92 15 40
49 37 21
16 66 9
19 57 36
47 100 47
68 88 61
62 63 14
49 18 9
52 54 50
4 83 20
47 70 77
69 79 46
36 30 53
99 88 25
68 3 89
78 61 89
1 33 36
72 88 83
58 64 23
45 100 40
100 73 101
25 45 24
101 89 33
72 13 49
6 20 31
91 65 62
25 14 36
90 17 91
3 70 51
40 16 36
44 24 93
69 10 56
79 54 9
15 3 73
47 43 68
69 40 95
47 24 33
64 46 66
63 46 86
47 7 53
53 33 46
33 94 23
25 96 54
53 17 21
76 49 75
81 68 65
93 2 10
62 6 75
23 46 66
85 98 31
38 67 77
41 41 4
66 96 23
75 5 89
25 19 18
44 23 4
93 79 77
4 63 33
14 58 38
70 83 13
15 93 42
37 39 49
20 51 74
53 75 10
34 72 24
96 74 38
16 101 12
96 14 26
13 61 99
91 97 46
97 39 39
54 34 68
41 97 20
20 45 101
50 44 71
16 95 28
75 95 32
19 75 50
60 89 101
43 30 24
92 25 7
48 25 101
21 27 75
57 13 32
48 77 50
57 9 85
71 88 38
93 12 14
13 99 5
57 56 29
19 84 20
80 59 14
86 34 63
80 56 46
62 35 59
40 50 6
19 92 101
40 76 11
87 25 72
91 54 4
65 30 32
34 45 93
67 46 45
71 30 6
22 61 29
67 70 33
11 93 71
1 73 42
53 66 83
83 58 4
57 62 63
26 18 19
61 65 28
27 92 3
34 58 3
94 72 10
31 69 38
17 69 61
58 70 72
38 40 18
49 23 13
12 26 9
12 71 3
63 82 10
75 33 45
26 31 92
28 51 38
59 23 20
97 68 15
101 19 33
49 17 6
12 11 65
20 43 61
48 63 40
47 61 23
81 92 63
40 19 13
89 40 12
30 17 41
30 17 52
60 52 79
76 71 59
71 13 96
28 73 54
30 49 19
40 54 48
62 19 16
64 30 2
5 36 42
98 55 92
90 80 86
85 90 84
91 55 46
26 78 80
88 89 77
39 25 25
41 42 83
63 66 57
78 34 17
67 97 80
31 36 47
73 33 25
38 92 89
29 5 44
63 67 4
26 38 15
48 21 66
20 89 39
8 72 16
10 69 22
37 43 38
87 70 44
101 8 56
59 18 28
8 89 32
25 45 52
25 3 82
100 57 94
82 54 9
70 77 46
93 93 99
94 31 39
15 15 43
26 86 26
57 54 3
26 55 43
72 62 66
10 37 16
2 18 82
34 73 36
60 26 58
99 92 38
23 3 83
85 73 73
26 82 37
44 82 79
90 40 61
1 46 60
34 54 23
57 68 87
8 45 12
13 63 59
13 43 12
57 69 88
41 64 53
65 20 45
29 53 90
31 63 88
80 41 12
4 2 26
33 20 5
20 85 89
25 82 76
96 51 12
63 31 82
13 75 82
55 92 46
38 49 89
9 99 101
79 89 22
85 91 74
21 62 83
31 43 5
2 6 83
51 87 88
14 4 27
101 17 73
89 88 41
21 2 1
48 59 48
12 25 6
58 76 36
75 21 90
52 9 90
71 63 34
8 47 59
38 99 97
83 29 14
85 78 50
74 31 98
52 70 101
33 13 26
17 67 10
2 96 66
10 51 69
14 4 92
47 64 23
40 50 62
61 78 25
50 1 21
88 8 51
35 91 77
79 45 42
54 28 40
42 92 80
17 52 3
12 90 27
84 84 90
78 3 83
50 72 6
25 20 68
44 27 72
38 32 6
25 64 40
27 21 79
26 25 25
41 76 61
68 37 95
10 11 91
22 68 20
24 100 22
67 11 10
99 40 54
65 5 79
45 55 49
5 59 22
39 82 33
87 28 86
7 67 48
98 89 83
4 3 87
5 73 74
2 65 98
30 4 80
85 71 46
98 31 56
13 10 12
99 39 44
83 96 2
101 69 8
61 79 77
63 42 70
100 8 84
22 16 82
100 99 23
41 38 80
59 70 31
95 23 19
98 66 24
68 40 30
55 52 74
89 33 59
68 62 9
5 65 67
5 28 78
62 41 50
37 6 64
7 14 48
8 45 14
55 5 7
49 73 94
51 84 43
36 72 37
100 35 46
20 68 97
29 33 71
5 41 87
71 13 49
3 3 41
11 43 36
16 43 19
69 31 37
68 50 21
69 100 25
67 86 44
46 74 34
10 51 28
49 42 84
19 41 77
5 27 47
17 48 5
20 42 37
16 67 28
44 68 23
100 18 93
4 30 28
46 77 93
29 15 17
51 41 8
75 58 53
86 96 22
90 24 11
5 99 65
46 67 78
39 82 87
50 75 36
75 97 11
71 2 14
55 86 98
55 76 62
69 88 33
37 23 31
51 34 18
90 86 25
79 53 37
80 80 58
18 80 10
58 37 28
52 67 31
101 35 17
7 55 74
55 12 38
92 39 92
54 53 18
18 72 43
53 59 71
75 16 77
14 14 19
32 98 95
53 50 14
66 41 28
54 20 59
63 23 43
30 8 52
3 53 42
26 18 54
45 5 42
42 101 43
59 92 58
61 54 27
24 51 42
101 18 24
34 19 69
12 14 45
60 36 82
84 43 96
12 99 77
89 49 73
99 55 39
41 1 83
36 87 29
96 43 17
101 24 1
8 9 39
13 63 30
67 11 57
89 74 20
18 87 96
73 5 15
83 64 76
60 35 80
33 26 14
96 71 45
28 55 88
89 89 89
5 96 38
27 75 36
4 95 38
54 58 56
27 42 53
36 98 3
63 71 98
93 20 14
84 51 55
101 63 33
49 94 37
99 20 94
38 82 65
35 93 31
80 37 88
41 17 87
65 16 48
79 32 101
40 43 93
82 62 98
100 76 74
100 24 56
53 14 36
34 88 36
99 93 2
76 7 93
40 49 96
59 79 46
26 83 4
99 28 40
37 82 51
23 24 73
15 50 29
34 73 31
83 87 56
72 28 6
35 50 53
65 41 76
55 93 101
65 65 59
101 28 22
13 32 43
74 9 97
64 93 14
9 38 54
6 85 67
25 11 20
48 96 33
24 88 68
62 69 58
86 30 63
79 99 5
38 53 81
61 28 42
56 100 25
9 50 47
19 34 71
62 78 92
43 8 5
94 36 73
66 2 50
2 33 89
32 82 36
31 17 13
45 48 40
21 55 12
30 33 73
31 33 58
57 30 84
72 57 14
92 21 35
73 37 25
32 26 93
15 10 11
20 66 30
89 98 80
41 89 79
41 22 10
27 14 29
42 71 95
55 46 42
52 24 92
5 81 28
97 34 72
63 40 18
52 21 14
7 88 70
40 60 58
33 65 55
27 92 36
34 87 32
7 19 54
19 88 44
50 2 72
50 31 48
95 51 77
45 24 23
74 10 7
70 79 89
97 24 24
50 93 84
79 64 74
69 24 20
26 12 25
83 38 22
67 30 16
52 74 50
42 47 80
44 49 89
34 22 48
51 56 56
80 77 97
23 8 62
93 96 59
60 66 2
63 54 29
3 34 13
101 47 29
89 21 35
87 101 70
58 43 41
1 92 4
78 12 87
37 28 79
59 58 74
36 58 15
58 74 75
43 59 48
58 10 34
11 42 34
37 66 96
83 40 55
17 70 71
67 97 100
90 47 10
97 55 31
7 56 87
101 30 65
57 63 78
65 95 96
80 72 78
21 70 40
15 54 74
85 19 49
60 22 54
70 98 60
73 60 33
61 73 81
42 95 36
92 44 55
9 68 68
61 5 76
34 85 49
55 3 23
63 31 32
89 19 91
18 78 74
65 40 8
58 70 43
33 66 24
81 66 14
12 66 2
42 39 86
12 96 50
14 22 26
81 62 93
39 13 82
89 47 98
80 66 41
40 62 26
49 83 84
70 66 26
7 79 90
13 98 57
68 75 1
50 41 62
68 10 97
51 44 37
72 57 31
57 40 18
78 66 92
76 32 36
13 2 22
53 20 29
71 28 39
9 49 70
68 7 76
49 47 12
3 64 37
98 97 42
61 33 39
37 95 12
3 51 48
71 68 84
76 94 49
33 66 9
15 72 99
61 19 65
50 61 27
34 68 25
94 77 55
93 42 99
31 77 77
1 67 58
42 70 52
68 38 83
98 13 36
35 71 66
94 11 89
91 36 48
55 38 58
101 59 37
98 72 40
64 100 89
58 92 75
15 34 29
88 68 75
89 88 97
2 18 97
80 44 66
27 70 62
58 41 80
91 79 37
26 35 97
17 55 46
6 75 24
18 50 32
57 66 65
48 32 49
28 71 18
57 16 65
33 17 25
25 70 56
5 42 29
28 72 54
15 61 63
52 33 10
52 101 5
23 94 14
79 9 63
91 6 97
76 82 61
99 51 26
45 34 65
82 65 51
10 86 66
3 98 38
59 12 19
45 51 97
32 32 43
28 63 33
26 49 93
26 69 17
29 32 89
92 58 70
79 32 2
49 34 16
71 67 74
36 31 38
73 4 7
34 20 48
37 27 66
50 82 81
3 92 50
4 77 73
67 53 74
15 90 91
91 64 70
71 16 51
22 73 25
61 22 30
11 13 69
89 57 77
68 31 82
25 2 95
46 67 14
41 27 83
24 2 9
98 25 62
21 59 7
97 91 37
101 17 79
86 46 10
18 29 24
96 5 96
40 76 2
54 52 64
16 97 17
94 41 59
57 11 46
25 78 2
61 17 22
91 88 19
59 4 94
34 57 55
97 66 41
93 67 82
42 19 75
15 71 74
71 63 7
74 73 45
25 72 3
21 4 70
23 56 33
23 5 23
33 15 12
27 12 64
2 63 22
6 19 69
47 43 37
70 10 90
11 16 38
48 26 50
27 46 54
50 99 22
92 31 97
18 8 90
43 96 21
79 72 73
24 37 86
63 55 2
46 84 50
3 58 41
3 61 48
33 31 69
44 63 33
31 13 10
99 50 62
36 78 68
55 95 6
10 87 8
96 10 83
69 1 46
62 25 15
39 10 15
95 16 62
82 24 55
11 16 31
15 23 79
35 64 21
85 61 94
23 78 35
71 27 25
71 76 66
60 39 52
95 39 2
88 56 35
91 31 44
50 57 101
39 68 44
98 31 86
81 34 12
73 83 86
19 93 60
34 36 32
60 49 81
5 98 32
27 85 27
28 83 49
80 2 101
56 56 6
2 50 54
72 73 66
2 94 69
35 98 52
32 48 92
70 75 99
97 42 59
90 74 10
49 15 74
95 95 15
23 87 56
27 82 92
58 43 27
20 98 48
32 21 70
65 39 23
81 64 23
8 49 39
1 28 66
42 85 53
48 47 85
89 1 58
74 73 5
7 95 10
68 70 100
55 42 74
8 12 64
43 28 98
25 23 7
57 22 35
23 18 30
25 65 57
72 53 44
91 24 74
63 20 86
93 11 12
72 72 49
2 58 52
80 24 77
90 46 46
74 26 65
85 87 58
23 8 100
70 1 77
77 29 50
67 29 11
81 63 68
46 59 58
34 30 90
57 72 48
9 96 51
35 86 84
17 84 75
26 73 92
49 15 67
69 34 81
97 97 10
63 14 94
4 27 42
23 86 62
92 74 87
90 101 49
22 50 18
69 7 96
32 54 30
1 60 18
8 85 47
46 45 44
14 63 100
19 51 79
76 10 23
94 69 81
34 44 19
47 40 3
4 100 93
56 99 9
35 79 25
92 5 5
22 39 5
22 62 100
83 8 16
68 21 52
37 85 10
93 85 44
54 77 99
40 44 62
57 96 91
57 22 75
9 100 62
41 41 71
23 67 30
20 78 45
60 55 100
61 69 21
71 96 35
38 54 20
58 55 10
78 28 16
51 28 47
1 26 84
34 11 23
24 21 95
22 63 57
101 56 71
57 83 37
42 86 10
101 18 11
87 67 20
17 77 31
81 76 1
48 14 97
45 43 87
18 82 19
8 6 43
47 28 86
29 14 62
62 26 44
2 13 53
95 96 16
63 100 68
29 97 14
45 32 72
21 71 5
77 3 13
47 24 1
20 100 36
77 63 92
95 35 62
37 10 70
29 52 83
36 66 56
45 19 36
96 84 89
40 31 48
69 10 44
6 87 40
27 67 38
72 20 19
14 17 6
31 84 37
69 32 59
21 28 74
94 95 38
36 35 28
56 7 50
47 80 62
21 69 13
65 68 61
24 15 20
82 99 81
29 58 35
65 25 67
28 67 15
48 58 46
80 67 39
37 78 69
68 58 11
33 91 20
12 88 51
85 48 2
27 44 79
19 16 22
20 33 56
53 75 93
49 95 84
29 17 24
40 19 9
16 83 91
87 71 95
4 44 92
39 76 56
76 70 20
74 29 86
50 72 18
62 34 76
27 95 61
43 95 44
83 91 82
39 41 13
78 66 77
12 34 38
88 31 30
54 71 86
18 23 88
28 88 68
65 70 55
8 37 77
45 84 12
31 10 47
71 32 61
79 32 58
66 28 33
55 70 16
83 49 70
32 21 80
41 36 40
51 22 69
48 8 58
51 37 99
75 25 33
27 59 56
11 47 99
99 38 99
51 89 80
52 7 7
100 2 25
70 29 71
80 96 19
69 101 50
76 38 26
26 80 48
11 15 46
70 42 25
5 90 13
51 60 78
101 49 64
6 73 11
45 101 83
69 96 50
14 14 52
71 88 40
67 89 94
19 19 1
88 11 87
19 51 26
26 59 40
28 71 36
66 11 62
67 59 24
56 10 47
22 29 65
69 56 86
53 86 38
48 24 8
56 7 35
61 20 30
97 49 75
34 79 55
62 42 42
83 8 28
33 61 38
62 10 21
86 53 40
56 74 99
85 31 101
59 54 35
79 5 14
33 51 4
18 56 53
83 13 87
87 79 7
90 23 67
40 4 83
15 96 6
37 47 64
10 24 71
69 24 13
23 5 9
64 49 3
2 36 31
95 7 69
83 7 82
92 40 41
6 53 37
79 5 32
53 29 38
2 25 19
38 15 49
79 82 47
18 71 11
35 72 85
22 92 46
81 42 85
41 63 69
5 14 94
57 22 42
69 71 2
70 73 14
87 1 44
72 94 28
31 96 88
53 31 1
23 70 18
12 18 44
15 21 88
66 34 69
35 42 36
101 53 29
90 17 1
84 40 89
69 73 96
25 40 65
44 48 64
83 14 5
67 15 13
11 49 61
32 36 13
42 59 48
49 48 40
99 84 33
33 101 73
93 47 41
65 19 92
6 72 43
70 92 64
41 20 49
79 13 52
89 26 60
20 43 87
96 63 26
35 75 100
58 52 53
64 69 47
54 95 6
96 87 8
89 42 83
75 55 49
14 38 56
68 81 55
36 71 49
58 27 63
31 21 28
80 94 25
76 49 80
2 43 89
70 84 53
86 77 1
88 70 21
97 89 94
60 66 86
39 88 54
79 101 13
82 9 12
72 13 31
47 8 73
8 90 99
57 41 40
31 42 74
24 29 68
28 77 17
1 55 82
24 49 96
43 63 84
100 99 17
41 86 53
23 53 62
73 97 35
13 43 100
20 11 68
27 37 31
78 39 29
75 69 1
48 69 62
13 57 51
53 33 51
26 43 22
87 37 41
93 49 97
98 76 39
79 93 54
15 40 57
85 23 58
72 92 54
34 30 25
11 76 34
39 4 97
60 97 52
97 17 49
73 38 98
44 58 55
51 46 3
62 83 80
14 85 6
94 18 85
9 84 86
57 36 14
24 71 60
37 54 90
85 85 84
69 85 78
78 44 63
13 94 57
101 46 75
89 71 82
86 77 92
58 61 9
45 100 14
68 100 79
27 65 65
79 44 73
3 50 31
73 47 20
39 67 94
84 33 51
82 26 35
33 52 64
57 3 39
12 56 71
69 49 78
69 41 29
39 1 66
72 29 26
45 26 27
35 55 17
49 14 31
67 52 86
42 87 8
13 47 101
29 24 99
3 86 77
48 7 54
76 10 101
69 43 49
69 51 58
52 63 76
64 81 52
75 86 55
24 43 64
49 36 63
66 15 63
3 7 95
55 39 74
47 4 80
3 32 14
79 90 41
8 96 53
93 27 25
97 1 25
78 96 12
10 48 21
10 84 14
86 81 3
66 20 93
8 95 16
73 71 19
60 59 59
13 14 29
49 42 78
92 58 76
89 62 2
34 71 24
17 100 6
101 75 17
8 40 84
79 101 31
36 20 25
79 7 86
36 90 40
31 9 32
37 17 93
33 9 63
10 80 36
4 61 97
41 5 2
62 86 71
5 101 57
38 45 77
100 93 39
22 38 93
21 80 93
38 51 58
40 51 78
94 82 83
85 89 93
79 39 16
8 54 101
2 36 83
15 55 46
67 90 28
61 99 74
64 100 34
78 11 34
46 4 15
43 72 89
85 82 18
4 57 9
79 11 82
15 8 92
71 75 30
35 60 64
51 43 18
53 44 52
31 28 99
46 37 23
7 62 76
28 60 69
94 21 79
85 24 70
39 94 50
100 88 58
53 3 101
51 7 3
101 58 76
33 68 64
21 92 28
98 16 49
89 7 53
70 69 13
55 24 46
85 65 34
89 1 14
67 24 26
5 12 27
46 12 6
82 52 72
92 43 2
13 71 25
32 30 72
54 90 84
19 17 28
40 24 80
70 36 39
33 42 93
88 38 84
74 97 83
48 65 27
64 20 38
84 66 50
101 101 45
3 24 17
1 39 61
72 90 38
33 23 80
96 89 7
11 54 88
22 53 43
24 13 80
32 45 36
61 6 9
80 35 95
71 45 65
73 12 15
15 13 82
51 33 23
18 39 33
65 46 25
95 51 89
40 98 55
46 52 12
36 19 59
1 95 101
15 46 7
3 46 66
70 3 57
65 52 86
26 94 39
42 2 49
18 15 87
8 29 65
5 19 73
64 63 40
33 41 29
75 70 19
5 85 2
10 70 74
22 11 44
12 38 70
51 41 4
26 40 89
20 66 7
33 40 83
48 95 30
28 67 63
19 4 70
23 41 85
62 24 69
70 99 61
32 78 37
64 22 38
7 78 50
86 88 43
30 29 61
65 50 63
98 49 100
38 3 32
83 86 18
24 45 34
22 12 91
91 85 57
28 19 55
6 21 33
69 85 82
10 93 56
69 34 90
18 37 73
12 99 70
16 31 42
18 21 77
6 37 94
54 42 24
1 44 44
50 61 54
87 98 82
77 76 11
2 77 89
4 31 87
7 78 68
42 88 22
17 32 10
95 93 16
12 76 64
45 101 68
30 14 21
5 30 32
73 94 75
83 25 76
52 7 76
61 13 34
98 31 96
13 35 12
77 73 59
77 95 61
84 67 76
67 55 45
8 83 47
15 36 21
86 73 24
75 75 69
60 11 36
50 59 32
4 68 5
54 63 31
30 62 21
47 101 32
35 25 74
31 63 98
75 28 62
36 92 65
18 63 40
92 69 17
46 20 89
20 59 26
21 16 47
19 62 87
16 96 47
31 13 8
31 40 38
7 56 55
9 82 61
8 35 63
44 12 63
2 22 63
70 84 6
86 1 73
27 42 73
20 28 1
79 82 66
57 27 71
15 81 78
96 89 95
42 66 89
98 67 96
72 64 30
29 45 83
38 60 86
28 35 9
85 49 22
74 99 42
100 10 60
87 28 64
91 52 14
13 84 72
100 101 91
2 11 66
95 17 65
40 60 68
94 17 61
101 7 82
53 30 81
78 88 42
29 26 67
54 30 55
74 34 84
14 70 20
93 65 10
22 50 14
46 55 21
37 70 68
25 30 82
70 73 36
88 3 31
60 39 38
87 45 69
5 39 65
80 2 31
9 28 69
54 81 49
12 17 87
84 4 86
10 4 50
86 19 62
7 57 35
25 1 91
38 21 52
45 71 93
92 15 77
58 91 21
98 5 32
52 4 75
97 79 43
29 74 1
63 33 3
66 73 2
60 37 48
99 65 39
73 76 36
68 70 81
68 94 37
89 82 1
85 59 23
17 52 36
88 31 47
30 92 28
90 23 88
13 39 46
4 32 60
84 38 75
85 29 31
13 20 76
8 72 97
98 89 55
92 16 77
1 80 94
92 96 11
3 31 92
93 55 67
3 72 19
35 52 57
31 27 2
30 2 97
63 56 72
53 69 101
19 76 66
18 2 60
97 51 11
47 3 95
9 25 7
13 1 74
74 12 26
43 99 35
77 77 65
90 15 68
84 4 36
62 56 87
38 51 24
24 32 70
78 49 41
49 73 94
85 52 91
14 30 15
69 58 2
51 73 9
47 1 9
73 9 60
98 64 11
73 53 63
55 71 42
77 38 11
3 92 48
20 83 93
89 17 75
79 94 78
53 2 73
20 66 57
97 53 64
35 84 23
64 32 41
74 64 69
96 36 15
41 101 20
42 38 59
1 84 70
31 44 52
25 65 72
76 73 85
61 96 74
46 13 87
83 63 68
11 44 25
74 37 28
99 89 45
53 87 7
96 18 84
8 12 87
9 53 95
60 55 39
80 97 99
71 60 68
78 55 75
92 53 47
77 69 73
100 37 77
94 21 66
56 32 80
98 45 16
65 33 56
32 12 65
38 4 45
34 48 49
15 89 12
56 38 11
83 87 87
1 32 92
91 50 22
70 79 12
56 49 73
72 32 26
15 44 66
98 87 66
100 23 92
69 32 64
1 16 83
72 96 66
69 33 50
27 27 21
18 2 41
94 77 11
22 98 67
89 99 51
85 90 93
41 48 11
100 21 8
71 79 72
8 23 94
71 29 98
87 53 93
3 12 50
40 91 96
38 10 17
42 66 97
79 8 14
94 37 21
72 69 28
89 70 71
96 10 54
34 47 55
29 3 28
64 9 27
63 74 60
62 24 16
7 41 21
11 90 12
2 8 100
22 92 12
9 80 64
78 90 98
9 5 61
42 55 5
52 45 71
56 2 62
7 37 95
95 101 16
96 95 25
35 41 16
15 21 100
52 14 96
44 5 55
81 82 51
56 97 44
63 91 26
71 40 66
98 30 50
73 3 95
86 83 46
69 99 74
37 26 49
46 69 1
46 58 64
56 65 32
29 69 6
74 16 92
71 27 18
19 41 96
70 51 9
69 62 36
42 56 79
80 61 12
62 56 41
51 66 57
68 31 99
47 3 21
95 94 98
97 92 31
55 93 78
47 33 69
58 96 21
54 49 75
56 54 62
36 57 68
1 22 60
36 2 64
19 85 28
20 64 45
85 7 3
68 14 19
44 76 68
64 97 38
88 76 87
70 89 72
20 48 18
30 81 59
88 51 30
75 5 100
42 67 90
63 40 44
58 42 53
8 34 32
9 82 57
64 58 80
98 3 98
71 91 1
82 95 30
78 70 90
75 29 76
56 98 74
20 20 39
94 95 61
29 83 65
78 69 21
52 77 23
99 86 40
43 46 26
63 42 31
7 14 13
36 15 88
95 39 38
55 51 41
84 42 95
101 19 39
18 36 88
58 28 50
77 43 34
36 69 9
17 62 15
78 97 29
56 43 92
86 61 34
4 97 95
39 99 92
39 47 14
22 38 28
70 80 22
67 4 73
58 40 87
52 17 75
11 85 26
78 11 77
101 42 69
7 86 1
3 22 68
8 63 100
2 2 78
94 24 60
82 95 60
8 75 7
72 68 47
79 40 86
43 8 45
32 72 15
18 30 86
66 44 58
80 67 98
64 3 15
14 10 79
18 23 24
45 65 80
52 33 18
13 21 28
64 67 2
67 25 100
43 19 59
39 22 52
73 95 56
90 39 59
28 88 61
89 56 18
60 64 39
80 51 61
6 43 80
51 81 87
52 33 11
3 35 54
13 43 31
96 36 8
85 4 94
55 61 85
92 59 71
100 43 97
50 67 64
5 55 56
63 62 87
7 65 11
52 52 19
36 87 9
1 64 2
90 29 1
45 81 52
80 83 84
57 86 72
75 51 82
37 5 8
73 59 59
90 94 58
97 72 63
51 24 37
81 60 37
98 25 76
9 42 53
100 82 81
50 42 42
75 87 14
51 25 61
30 43 20
4 61 56
4 75 64
75 36 68
90 26 5
100 61 77
98 66 72
50 20 17
94 26 23
39 65 11
101 10 35
84 99 77
75 98 9
18 25 39
81 29 64
3 87 70
13 22 67
64 16 75
6 49 26
83 6 20
97 5 96
82 90 2
90 47 7
53 100 21
80 90 39
34 94 1
88 86 91
40 60 41
49 10 49
2 94 18
94 98 86
77 68 19
