5000
68 80 66
8 48 54
44 78 28
25 48 79
3 74 15
36 17 51
43 17 77
28 64 19
21 37 45
74 57 71
34 41 25
17 15 71
16 69 29
51 38 17
63 11 82
6 69 11
13 31 80
49 40 55
78 10 82
33 3 5
6 40 55
56 50 33
47 58 43
30 22 62
14 6 16
57 32 64
77 23 14
1 21 72
34 39 37
80 62 22
44 76 65
75 40 64
82 41 12
36 75 34
82 41 35
64 35 20
33 38 46
50 76 52
72 43 21
79 72 18
37 17 4
61 57 25
18 63 59
4 13 63
81 30 41
10 63 35
69 74 37
71 22 27
52 64 54
58 73 53
45 17 25
17 61 58
42 27 60
51 44 37
72 12 25
15 69 27
17 75 31
47 21 19
51 5 5
33 46 30
65 56 21
26 50 1
11 70 17
79 79 32
2 77 44
2 43 57
18 33 56
68 5 2
1 73 19
53 5 40
44 30 49
36 79 51
79 25 41
38 47 15
33 5 40
76 21 77
17 7 55
54 20 23
70 21 41
15 38 62
29 64 50
14 49 48
74 27 38
67 23 76
57 59 58
54 12 81
61 6 75
42 12 30
64 65 41
21 60 42
41 15 45
82 43 50
42 58 59
25 34 66
20 61 15
66 74 71
47 65 43
2 41 13
22 11 31
79 45 73
16 82 72
52 77 47
4 69 16
82 8 26
24 35 31
27 55 14
27 35 42
13 34 54
78 68 36
22 61 24
38 41 61
24 12 38
43 59 72
55 43 51
69 74 61
37 19 59
53 67 15
43 76 2
5 72 25
1 55 75
27 6 9
45 42 17
10 21 67
47 6 81
66 51 28
71 54 64
59 48 54
72 31 44
14 52 25
81 56 62
18 54 82
71 32 34
3 50 69
32 13 40
61 63 80
25 12 44
61 17 35
32 5 62
48 81 78
53 82 42
49 67 46
64 22 68
61 54 50
78 55 75
79 24 46
4 40 17
82 38 17
26 59 16
27 32 52
80 49 14
29 2 21
72 23 38
16 40 9
74 71 21
27 69 14
48 35 13
17 43 19
75 19 24
28 9 48
7 42 31
1 53 76
48 32 20
33 3 44
70 41 26
76 39 32
2 44 47
17 50 21
17 43 64
43 65 32
49 72 1
6 23 10
69 21 52
25 38 61
10 3 26
17 11 31
71 80 39
19 54 56
48 56 52
20 69 74
67 59 75
11 19 47
65 54 29
49 25 70
59 37 29
67 1 27
71 68 61
8 35 40
79 66 62
10 59 43
64 7 32
79 33 58
25 78 16
10 24 14
10 78 76
59 63 6
28 57 81
6 41 72
71 4 40
64 8 77
76 6 80
73 54 41
13 20 14
60 54 71
42 60 52
80 18 78
75 75 57
8 42 4
34 76 62
37 14 44
28 45 44
78 78 15
29 73 36
24 35 52
59 20 70
61 11 6
15 68 48
77 78 35
16 43 5
2 26 5
81 44 67
56 21 41
79 53 6
36 50 10
77 48 46
6 42 53
20 44 23
70 29 58
31 49 38
17 33 39
80 30 70
28 63 27
24 41 48
54 68 82
30 22 49
48 16 58
27 78 42
27 26 9
45 52 64
42 36 54
74 4 45
17 28 1
9 62 46
71 51 45
14 52 75
12 39 82
70 24 2
4 70 36
16 50 23
54 29 49
23 34 79
19 74 75
23 20 14
39 45 32
81 55 26
62 56 63
1 63 69
6 22 40
66 76 27
10 20 75
74 59 38
42 2 45
81 35 61
55 27 10
56 36 76
37 39 29
1 32 52
10 57 2
21 71 68
77 14 64
79 33 51
51 49 72
16 44 51
48 60 38
20 67 18
42 73 31
68 35 35
20 46 4
49 77 13
58 10 82
64 63 8
26 26 72
31 5 32
29 77 67
15 5 32
11 55 36
10 49 31
1 59 3
68 12 64
61 61 11
10 49 53
25 38 22
52 61 12
58 80 23
48 35 48
44 16 78
40 18 53
64 72 73
37 14 43
41 81 10
44 35 2
69 24 3
71 32 20
41 65 72
25 81 56
65 44 81
25 74 32
8 15 14
54 63 13
13 3 5
80 42 50
51 30 2
28 44 48
75 35 81
34 43 14
3 75 17
26 48 65
62 7 11
49 71 8
33 44 80
10 66 34
49 37 67
42 52 4
5 81 3
30 52 37
77 26 21
51 33 19
79 67 81
70 19 81
43 31 42
12 21 47
71 48 11
25 60 31
2 22 26
19 61 13
41 34 8
36 10 24
78 49 8
4 62 36
25 15 13
16 6 63
35 12 44
63 54 67
53 46 26
1 51 31
1 19 41
34 60 11
21 60 21
35 27 41
41 31 5
19 29 14
67 18 22
9 77 14
30 61 72
49 61 66
35 36 37
57 14 25
59 41 71
19 17 1
30 76 73
28 64 41
32 27 17
52 5 56
54 27 49
12 40 43
22 71 20
73 52 16
53 5 18
48 53 77
7 39 12
50 54 2
32 68 48
69 36 71
58 35 71
82 72 49
78 61 8
27 77 63
25 40 74
68 71 55
71 68 26
53 11 35
3 55 53
64 44 70
20 72 46
4 52 14
25 42 7
76 41 17
28 20 34
28 35 60
30 21 17
9 26 15
54 55 36
32 6 79
12 82 61
49 31 34
60 44 63
69 67 67
80 59 19
18 64 30
81 23 12
22 54 53
15 45 49
64 12 54
78 46 30
6 37 62
55 22 41
6 64 33
43 46 9
69 23 55
38 79 75
30 14 54
49 68 76
7 19 54
7 37 37
19 77 61
32 6 35
13 30 25
19 48 49
40 81 36
20 29 53
5 46 57
39 9 2
16 45 2
67 37 79
29 39 5
22 35 36
44 22 60
73 77 57
13 72 16
15 28 41
45 72 52
67 78 2
24 17 56
40 25 74
72 6 9
2 53 50
49 3 75
39 52 42
77 73 9
13 4 69
16 62 57
42 12 56
62 76 75
36 8 56
9 51 39
72 13 73
18 49 22
21 54 78
51 14 74
25 62 73
69 81 46
40 28 11
70 62 52
60 25 45
5 76 8
62 11 39
1 49 80
57 82 18
55 39 74
10 14 17
68 40 11
72 77 32
31 7 3
1 57 53
17 35 41
21 8 73
24 57 35
44 29 4
65 38 56
72 26 21
46 22 7
41 12 35
80 38 41
20 58 77
19 21 40
8 37 54
23 77 72
41 74 57
69 34 56
38 77 5
25 8 20
80 74 38
76 5 25
19 16 8
27 51 74
23 34 67
10 81 34
59 78 61
29 4 54
71 61 77
45 40 50
40 45 47
21 82 82
64 31 10
78 78 64
15 62 36
48 70 44
68 34 49
76 80 18
23 38 73
8 47 58
34 66 61
3 44 43
63 44 26
9 21 13
78 32 79
71 3 80
81 40 27
72 2 1
72 30 30
69 74 66
71 70 24
73 8 57
65 5 51
67 39 13
7 30 51
26 27 10
78 63 20
22 53 60
55 26 23
5 1 17
57 25 48
7 64 48
51 15 55
67 17 38
65 68 44
78 20 56
53 46 33
24 38 50
10 6 1
27 67 30
58 77 67
49 33 60
7 29 51
61 4 78
66 9 51
82 27 73
60 74 48
70 2 12
29 43 57
47 45 21
50 59 66
81 72 78
5 53 21
56 65 37
29 8 22
2 42 37
8 54 51
47 38 55
14 15 43
34 75 75
1 35 13
77 26 42
68 54 31
24 80 30
23 23 18
10 41 25
27 63 24
60 57 56
56 62 63
44 47 41
42 6 76
44 45 80
43 24 77
34 82 51
53 68 14
35 38 68
68 52 79
40 47 39
81 1 26
26 60 7
14 40 4
61 1 29
76 30 68
36 50 53
56 51 34
1 70 37
31 40 61
39 51 44
75 71 44
41 63 28
36 28 1
2 49 3
25 37 75
68 5 61
68 17 37
13 58 64
6 62 78
57 3 45
57 49 48
17 72 39
37 37 18
18 68 64
61 74 57
29 13 45
27 50 10
38 77 62
33 21 54
36 34 7
5 43 14
19 20 10
55 2 51
16 49 49
39 62 80
52 28 8
20 7 8
52 45 16
38 45 49
33 20 25
35 1 19
59 72 30
73 68 31
77 21 30
15 21 2
13 21 59
76 13 28
58 72 65
70 27 1
77 18 18
75 19 53
24 71 29
50 40 71
34 15 49
41 42 30
44 78 59
67 68 60
31 46 54
32 26 39
19 57 16
80 39 29
31 65 43
5 65 28
52 61 8
38 69 10
19 54 82
74 20 73
66 34 50
28 59 38
71 4 43
81 20 30
43 62 29
13 52 30
58 27 47
68 16 49
53 73 39
37 50 11
26 71 63
81 78 3
23 72 3
8 3 62
66 2 40
45 66 36
6 25 63
53 25 54
51 82 49
50 26 39
74 24 29
72 2 48
51 14 69
51 64 72
58 32 77
66 21 65
81 61 15
9 5 8
25 24 80
6 9 64
13 27 66
75 6 80
80 59 4
26 25 72
45 75 66
78 40 3
42 77 54
54 72 13
35 32 26
23 55 3
73 54 23
35 45 19
29 38 54
7 18 72
31 17 37
17 19 40
34 17 70
67 11 35
19 37 4
4 31 1
2 53 41
37 70 82
42 62 2
74 46 40
41 80 37
15 44 12
9 31 44
21 7 51
42 56 58
2 80 18
39 65 70
39 74 12
10 4 81
67 54 59
6 53 29
66 7 26
12 64 34
5 15 5
55 80 32
34 52 32
53 29 41
23 46 57
59 26 66
26 13 40
54 49 64
35 26 12
28 5 10
69 19 67
43 24 20
55 76 60
19 8 10
20 2 6
36 22 16
38 27 15
17 21 48
73 75 3
17 5 77
1 32 42
49 33 18
67 62 26
70 37 75
71 9 43
29 11 74
32 58 8
17 27 68
24 78 35
47 79 73
57 46 62
35 15 42
11 75 38
63 27 22
74 67 45
39 22 52
6 3 49
44 16 43
35 76 29
53 61 77
46 24 35
41 56 64
15 23 62
45 17 51
81 35 18
72 72 9
49 23 64
73 21 47
35 42 75
48 27 30
9 26 29
56 11 39
60 46 42
29 6 46
19 79 59
37 35 77
57 2 75
12 82 55
58 14 6
16 26 15
71 16 76
21 26 12
28 17 78
44 57 40
2 49 22
21 66 26
56 17 46
6 39 43
78 34 11
9 30 70
73 60 72
23 28 4
11 4 59
50 77 71
81 4 44
79 53 45
21 59 13
54 22 14
51 28 67
26 34 15
82 49 71
31 22 8
43 43 39
32 26 26
81 6 56
17 47 60
80 31 82
43 14 22
18 71 45
77 35 65
47 3 13
40 30 65
53 18 37
63 19 69
36 12 36
36 33 28
69 10 82
73 5 25
35 56 40
41 19 47
34 18 67
29 35 65
16 41 68
47 2 61
1 75 62
62 63 15
20 23 38
20 20 46
30 14 18
72 49 49
72 78 11
33 9 16
24 66 70
65 49 39
39 16 18
9 82 7
30 6 79
5 69 11
43 10 12
26 46 15
79 31 20
32 5 66
44 70 36
71 67 65
67 1 80
35 55 36
76 30 65
38 53 23
80 18 21
43 60 9
68 60 78
74 31 62
14 78 70
44 51 2
32 75 43
16 8 15
82 26 38
17 42 34
32 7 8
39 68 53
67 59 64
76 16 19
58 4 53
81 49 31
30 17 19
40 17 68
49 52 10
38 69 13
36 78 42
11 60 55
71 63 75
41 14 70
30 42 58
61 32 59
1 41 63
14 11 7
40 43 1
13 29 25
26 29 5
48 14 73
74 60 80
57 75 41
12 25 7
50 16 53
66 36 45
79 48 75
7 8 20
72 31 39
46 37 75
44 79 78
12 66 14
58 15 45
78 77 29
30 22 68
77 57 14
32 62 81
65 49 46
82 61 68
51 76 2
10 61 11
65 48 27
37 15 20
21 30 12
18 35 79
78 66 56
17 52 6
73 18 52
47 15 18
36 53 67
80 79 57
79 7 38
48 79 66
22 55 36
63 10 64
81 70 6
80 58 78
44 55 3
58 64 49
36 62 16
80 30 79
46 62 33
12 72 24
49 29 13
65 3 34
18 80 33
14 69 13
19 70 15
80 71 60
52 82 71
41 55 72
1 58 54
73 22 32
3 10 71
43 69 20
39 30 53
59 75 82
30 48 44
2 24 59
68 73 26
50 66 11
31 24 6
11 60 54
2 10 22
80 39 22
73 77 15
14 4 52
6 74 25
26 78 11
8 59 1
24 59 76
54 31 63
66 28 46
78 4 71
73 62 21
14 34 64
9 44 24
25 30 8
11 14 28
24 19 60
14 65 44
32 47 65
67 54 38
28 21 5
66 38 1
54 20 57
72 16 70
69 67 28
56 78 20
78 27 7
70 40 21
45 75 30
72 5 31
39 18 10
66 16 8
81 20 75
67 44 36
37 25 59
70 15 64
67 1 51
22 13 69
17 54 16
17 59 79
29 25 15
18 71 23
62 33 10
37 81 71
43 57 15
39 61 52
33 14 51
31 70 64
74 28 52
19 58 17
18 21 1
18 8 77
44 41 3
82 38 38
19 16 78
38 79 42
45 17 37
30 8 44
39 43 31
4 27 5
49 35 24
59 73 27
82 36 35
58 65 10
70 81 68
54 49 76
52 1 74
72 56 46
53 37 64
77 33 72
34 5 51
49 32 79
64 41 42
18 15 69
31 59 20
40 19 14
60 47 53
73 63 8
25 10 10
50 55 34
28 16 22
30 76 26
58 60 58
79 44 4
4 20 61
55 57 17
16 16 52
81 73 81
5 75 43
62 20 82
4 25 27
21 58 68
51 77 27
55 12 81
40 63 56
70 4 26
2 16 32
56 54 53
15 22 69
62 30 69
17 82 25
51 28 73
53 44 12
7 67 60
76 2 56
64 9 58
6 38 23
8 36 72
76 37 21
25 15 5
64 78 60
66 42 11
1 11 10
63 65 7
25 3 51
67 54 13
2 73 25
7 81 26
70 10 10
40 3 59
76 72 5
17 74 3
67 14 32
23 30 67
8 51 55
54 81 10
61 59 75
74 12 16
75 46 70
11 30 76
52 22 18
82 34 61
9 77 15
80 27 15
46 39 63
54 23 44
32 36 51
53 17 37
52 60 29
47 32 50
38 31 70
24 20 45
20 70 3
53 49 26
25 57 21
26 21 61
30 26 82
15 23 74
5 34 52
48 17 5
51 46 7
79 55 25
36 14 64
64 69 77
48 3 60
61 42 75
56 43 71
71 23 68
43 26 60
23 58 28
4 43 64
38 51 19
1 73 7
28 70 77
5 72 24
55 40 24
8 48 33
18 45 10
55 21 13
22 30 6
68 49 75
6 45 51
48 82 49
44 18 16
45 43 15
58 49 3
39 40 23
11 78 8
49 67 50
30 49 8
52 61 4
72 24 50
46 36 2
29 15 71
39 33 35
69 24 55
58 66 1
18 59 24
17 17 44
75 74 3
57 27 37
21 13 4
63 16 27
10 75 75
47 53 9
73 69 35
20 54 23
3 8 23
70 41 68
76 9 68
35 35 52
32 71 69
25 29 65
70 54 25
66 39 2
47 71 30
68 5 77
71 39 75
26 53 48
63 16 24
12 49 76
76 17 79
14 54 52
51 56 34
79 45 82
20 2 74
73 33 50
36 80 48
26 61 49
70 52 58
21 58 10
7 60 39
76 55 54
70 10 15
7 76 47
11 7 1
56 57 28
11 56 51
36 56 48
31 12 39
21 45 70
52 82 24
37 68 66
35 43 57
4 19 28
7 67 23
65 63 78
56 22 78
19 61 58
61 12 70
51 6 7
78 74 45
67 16 5
77 41 75
19 34 53
53 55 17
26 69 16
18 22 18
62 42 30
31 57 22
35 17 61
76 29 70
37 29 53
37 21 73
12 13 5
16 21 45
62 82 30
79 41 43
61 19 22
45 33 34
53 18 32
80 27 38
41 17 67
47 50 50
7 60 7
58 53 68
45 78 6
77 69 29
28 10 9
25 1 4
72 80 24
53 62 34
33 54 62
39 18 4
10 50 66
62 37 49
50 62 75
26 73 63
1 37 59
3 14 1
72 76 60
77 69 1
47 3 70
47 25 2
11 25 82
65 36 1
19 35 45
78 31 65
71 71 51
32 38 22
69 34 18
54 20 48
17 30 73
78 33 64
51 21 55
75 49 13
48 30 58
57 42 28
18 25 34
66 61 12
59 14 50
77 13 56
80 2 60
1 2 55
20 26 50
38 5 69
78 1 9
26 57 61
49 32 23
39 58 44
48 58 61
69 20 31
15 50 74
33 4 46
63 36 66
7 55 15
9 28 57
65 35 66
24 79 25
11 49 7
31 72 50
71 75 19
40 72 20
3 45 53
62 41 14
80 65 25
45 19 38
36 19 69
28 81 28
56 54 7
19 52 77
62 61 29
54 41 43
52 21 66
64 78 68
74 18 81
72 24 42
82 66 9
24 19 70
48 63 22
63 48 36
53 19 5
44 61 66
24 40 39
47 47 33
68 69 4
57 68 62
43 13 21
69 50 65
1 4 15
75 22 34
16 44 25
47 8 76
28 43 11
31 33 75
3 74 45
42 66 54
70 65 5
9 20 72
44 40 74
61 25 59
70 24 52
67 54 37
2 78 35
72 21 79
70 69 2
40 75 9
36 66 71
33 46 25
79 72 46
22 26 51
67 2 40
37 80 45
4 76 64
50 75 26
62 7 71
78 12 65
78 59 8
4 33 58
59 22 11
54 19 42
36 73 16
3 26 38
76 72 72
69 58 27
67 11 66
31 60 28
60 3 68
47 25 70
23 1 12
19 74 15
77 39 11
53 54 60
35 2 33
4 43 38
31 60 57
66 71 62
53 8 7
27 70 38
11 73 23
9 48 68
3 78 21
19 17 50
11 65 15
24 17 18
81 6 30
7 16 50
68 12 6
32 38 15
66 72 11
23 7 42
43 70 10
74 54 55
67 3 34
65 71 27
44 43 29
46 69 75
58 6 22
63 12 40
62 40 4
50 81 16
1 77 6
65 70 55
33 27 6
72 56 46
6 12 64
28 75 44
66 42 49
51 6 76
81 13 43
10 82 47
14 69 59
28 31 33
37 58 64
5 32 59
47 41 19
13 52 25
22 32 12
42 59 59
5 5 64
1 70 66
54 53 63
41 16 9
45 26 31
37 46 50
7 66 28
11 20 2
52 73 63
10 6 36
14 31 71
10 52 22
35 77 54
72 1 56
64 8 15
57 2 4
78 51 80
65 32 29
4 17 15
70 27 62
32 48 60
33 44 40
72 25 82
43 80 48
46 29 71
34 1 10
81 8 36
6 62 30
24 49 36
31 17 32
65 74 33
16 64 60
71 1 3
24 19 16
2 18 23
8 18 51
5 7 55
55 10 50
46 44 1
16 6 53
7 11 47
9 67 50
35 26 64
17 41 26
36 79 20
29 43 4
74 23 1
58 35 27
19 37 82
33 39 64
45 80 19
17 1 11
80 42 19
77 18 13
13 67 9
15 12 15
66 24 25
25 6 45
39 9 2
2 23 7
25 1 61
6 1 8
66 34 19
63 31 49
13 8 59
11 25 57
59 23 10
80 11 46
54 78 23
79 74 36
13 41 6
48 65 60
70 55 42
66 33 49
24 36 60
40 33 80
37 53 79
44 4 60
43 73 10
47 59 69
38 68 22
30 41 74
28 66 29
1 61 24
45 70 6
24 7 34
68 14 20
56 37 44
51 53 26
7 35 16
52 14 25
20 74 38
57 16 42
5 50 6
13 59 34
30 55 68
5 63 35
76 22 29
78 73 78
75 56 70
64 10 45
38 19 4
67 46 30
9 31 48
51 35 25
1 56 57
73 68 31
15 34 69
35 17 49
1 53 79
28 13 20
41 5 43
7 29 75
63 80 80
43 5 72
66 26 46
14 31 77
78 18 55
22 1 41
54 14 53
33 72 11
37 37 11
58 50 81
63 71 34
36 19 78
60 39 22
49 6 79
58 68 75
41 78 46
82 1 61
73 60 39
65 61 77
36 48 21
10 8 74
82 52 33
11 6 41
17 80 11
65 20 2
16 28 1
31 31 44
68 21 24
4 73 40
75 7 81
32 2 33
50 66 38
80 64 78
72 72 22
36 40 50
40 51 70
38 52 32
8 56 64
35 41 11
44 51 43
38 44 78
40 56 71
48 73 12
11 72 47
40 40 7
65 2 82
15 74 72
28 75 32
16 4 68
18 22 64
4 40 70
15 62 53
49 50 57
35 40 54
80 17 63
59 15 71
81 12 47
62 75 36
39 33 4
63 56 73
35 10 49
44 74 13
3 72 20
20 55 22
55 68 13
65 27 44
26 49 19
49 18 66
39 40 21
34 68 43
30 15 10
30 20 8
20 66 43
31 39 48
23 53 68
67 36 7
10 1 81
47 5 47
39 67 8
33 35 69
2 18 79
19 47 79
33 36 56
17 62 70
58 59 60
32 18 60
64 73 17
34 23 39
4 27 73
15 28 21
57 23 77
54 28 31
62 32 66
34 43 71
19 12 19
68 82 47
76 25 44
52 80 28
15 82 75
74 80 44
72 77 75
80 12 14
19 63 65
82 21 3
38 13 42
25 47 50
29 60 64
43 1 47
67 77 4
65 51 45
16 34 51
56 37 53
45 72 28
31 35 38
64 57 26
33 69 66
20 16 22
59 80 1
61 69 68
76 3 55
58 77 33
75 7 15
40 52 79
64 50 64
63 12 82
17 15 5
22 37 17
20 30 5
53 81 62
24 15 60
48 66 82
67 47 43
13 74 13
16 77 77
35 2 80
35 55 31
12 6 18
22 25 38
79 58 79
3 23 70
20 9 4
32 23 38
28 14 29
50 2 27
13 42 58
74 32 71
59 64 36
29 11 43
34 1 5
45 53 37
23 24 71
27 1 63
76 28 28
67 14 81
8 23 60
59 9 40
38 11 42
41 79 12
57 19 18
53 11 74
17 42 54
2 67 12
7 56 59
11 63 34
53 36 47
28 25 33
19 58 81
36 64 19
16 25 11
79 52 43
44 7 57
58 35 64
59 53 1
78 28 27
41 10 13
16 26 71
76 47 28
23 27 47
6 39 49
58 7 8
17 44 75
59 69 55
19 42 42
49 21 44
34 13 12
80 64 77
26 49 28
46 38 52
12 5 43
57 33 63
51 1 78
31 53 59
60 17 80
42 24 28
64 33 51
80 15 62
10 64 31
36 46 81
38 31 75
7 54 5
27 45 54
12 19 21
17 82 59
48 32 82
57 69 71
78 42 4
64 42 47
65 62 29
24 74 21
68 57 35
9 33 79
3 78 25
2 5 54
42 11 29
81 1 42
60 27 26
66 13 68
58 23 23
50 37 40
10 41 31
74 52 51
14 73 59
20 19 72
2 42 1
18 30 69
45 68 24
63 5 25
40 30 26
13 66 17
7 44 41
54 48 5
48 47 32
1 8 3
43 6 81
54 40 38
37 26 13
35 31 76
26 60 43
18 63 32
46 15 71
67 70 5
6 35 58
15 62 44
45 53 64
27 22 11
16 49 63
71 53 44
18 49 47
69 11 60
49 16 64
3 11 54
80 18 77
38 62 62
10 57 8
79 69 9
78 7 50
32 1 39
14 7 59
63 31 70
72 24 47
35 74 52
2 79 26
46 61 4
44 64 62
37 38 76
23 5 13
57 29 29
14 69 7
6 41 42
81 66 28
27 67 7
54 36 33
41 58 11
65 51 31
66 50 1
10 4 7
75 38 2
47 58 28
2 32 28
4 16 14
72 61 30
62 24 43
3 31 38
61 25 59
70 77 80
60 10 47
61 78 11
14 37 16
81 54 67
73 3 12
38 2 23
66 53 19
53 15 5
23 22 15
36 54 67
28 73 71
27 43 22
26 50 28
6 79 11
44 42 61
49 61 29
27 45 21
74 64 68
23 51 8
46 71 32
71 28 16
4 81 22
60 40 7
49 51 21
64 12 56
78 11 71
16 39 74
10 77 60
48 80 5
35 43 68
47 14 78
10 58 1
61 48 51
58 43 80
45 62 70
53 52 75
79 6 26
33 59 37
30 62 67
28 75 2
30 12 31
79 4 57
18 36 67
34 24 49
33 45 46
43 78 39
64 16 38
68 44 66
15 79 2
19 69 28
70 58 7
79 28 1
64 42 51
16 18 16
45 20 24
69 22 20
81 61 5
47 48 73
54 1 6
25 32 79
81 63 51
69 78 28
14 50 55
26 33 33
18 24 61
23 7 73
50 38 82
50 42 66
28 21 63
73 22 1
72 73 64
26 60 23
79 40 74
24 41 54
31 12 43
47 37 20
70 69 46
38 7 52
23 67 4
23 81 30
61 65 41
69 55 35
71 60 24
6 56 10
29 7 72
48 27 18
81 15 39
74 64 32
15 71 10
25 55 19
2 46 74
18 11 57
65 79 66
55 26 43
4 19 74
68 42 77
4 74 78
72 39 74
28 57 4
76 47 65
46 1 46
27 67 59
69 1 78
39 27 35
4 44 29
75 74 41
14 20 9
48 30 82
34 6 19
24 39 61
20 22 11
9 47 12
42 19 11
31 26 71
55 42 74
16 75 29
74 74 65
30 61 11
9 28 67
26 35 44
63 80 37
42 38 25
21 66 9
48 27 71
30 48 61
14 18 59
59 73 65
74 73 47
30 6 50
52 81 22
12 75 42
39 68 14
18 62 78
74 32 5
73 56 12
50 21 18
81 54 61
6 50 78
9 61 27
18 59 73
53 26 72
17 62 59
43 60 38
2 29 75
77 57 31
41 72 78
15 31 67
59 58 56
48 50 4
68 73 6
31 81 46
52 20 37
56 25 3
50 41 40
60 31 65
29 42 27
46 63 24
12 27 66
76 5 54
81 10 30
17 45 37
49 55 63
18 70 58
73 23 17
59 35 46
26 58 60
75 58 61
35 7 15
42 30 23
40 23 32
50 77 2
1 13 66
39 44 24
78 73 73
40 68 39
56 79 58
78 71 5
82 23 34
5 43 4
15 61 40
39 81 82
50 31 28
74 14 8
51 45 28
42 5 14
45 33 31
82 77 46
3 9 27
62 7 67
11 38 74
61 36 24
76 50 65
82 69 35
64 39 81
19 10 21
21 48 12
35 47 29
79 57 48
36 65 61
4 26 60
63 49 14
39 80 62
13 52 30
47 71 45
5 73 65
48 4 36
62 55 10
3 66 45
26 58 54
81 71 59
10 7 36
82 35 46
46 51 77
1 67 18
53 79 64
24 64 3
28 65 1
48 41 47
61 3 60
43 78 79
42 59 73
28 36 61
19 53 22
79 49 11
46 18 2
35 21 53
49 51 2
56 32 55
22 25 75
14 71 80
48 44 19
19 61 6
58 27 45
63 6 33
24 9 41
56 34 17
30 9 9
42 16 18
66 49 55
75 10 72
78 71 20
5 67 3
30 10 56
7 17 59
24 12 76
17 3 33
46 26 41
27 32 30
4 13 32
71 55 13
37 57 32
63 57 58
74 59 23
27 68 39
18 32 78
53 21 82
35 71 44
18 36 46
60 23 61
45 11 49
61 13 21
34 13 34
68 60 63
67 21 40
74 26 49
32 13 39
31 39 35
37 75 81
26 21 59
75 4 45
24 43 36
8 12 80
8 11 38
80 20 29
44 56 78
25 64 10
61 23 17
36 23 27
59 16 3
7 16 55
68 15 42
24 38 21
8 1 75
47 32 17
32 10 49
7 53 14
39 28 12
41 27 53
82 50 50
76 19 25
5 23 48
59 31 60
5 52 72
45 26 21
4 52 45
27 23 47
36 32 64
79 26 26
5 65 58
9 70 38
55 63 73
3 39 3
20 7 52
38 7 51
46 15 46
3 10 72
60 60 32
63 60 43
8 17 40
39 6 39
61 42 56
52 47 67
62 25 3
23 50 60
80 39 59
67 49 35
23 9 19
7 68 18
77 74 41
2 66 9
70 48 67
69 17 21
34 56 75
15 23 41
79 27 34
45 6 20
70 43 9
26 3 54
60 55 62
58 55 67
28 81 79
53 5 69
70 28 30
48 74 63
52 27 14
37 12 33
9 37 51
1 21 1
18 21 20
31 7 51
64 2 4
44 8 41
47 79 37
8 80 21
8 51 33
1 71 51
44 25 51
1 27 22
5 21 21
49 81 38
71 18 53
63 5 64
42 10 52
46 1 74
17 76 15
78 10 38
5 76 31
8 47 22
13 66 79
7 12 33
48 68 31
60 20 23
28 6 11
64 26 10
23 77 38
50 50 20
62 39 2
61 34 72
46 40 12
11 76 41
54 44 39
32 78 68
18 49 12
42 17 42
4 55 64
34 74 81
40 51 1
43 35 38
61 66 50
20 59 73
55 80 64
11 40 15
15 18 28
79 27 66
45 35 32
40 19 50
35 12 34
45 71 11
11 67 51
68 51 57
42 53 70
50 81 62
67 48 41
4 79 60
24 73 12
2 64 54
81 68 11
28 72 44
18 51 4
50 26 37
34 74 17
65 16 2
4 10 48
37 50 13
50 49 51
1 19 59
57 25 57
4 79 12
74 22 80
31 13 71
18 42 20
24 29 54
13 10 21
58 6 37
16 52 53
7 47 70
33 21 45
36 3 32
7 57 1
60 8 56
15 37 49
63 34 49
78 62 57
65 2 62
62 46 28
62 74 41
42 47 31
76 31 61
4 40 38
76 80 34
55 39 21
12 48 42
45 60 33
18 34 16
6 56 58
66 7 54
47 63 1
5 50 72
77 59 37
9 28 59
14 56 77
70 77 66
56 61 68
81 43 77
21 53 47
62 47 35
24 16 46
66 81 60
9 54 14
5 28 45
19 7 69
47 54 34
47 16 54
56 47 80
64 17 38
12 8 31
79 65 32
17 58 27
53 10 15
68 53 71
33 75 9
47 70 72
10 18 45
63 63 34
8 71 37
35 20 6
19 18 37
4 15 71
73 35 45
34 31 69
10 72 2
28 77 76
34 46 6
20 46 63
57 16 34
26 70 41
34 75 62
43 51 43
42 60 43
75 42 61
21 79 2
28 51 30
33 44 62
16 69 15
61 48 26
52 26 59
31 50 38
40 46 26
23 67 53
63 26 1
9 36 65
67 74 57
80 5 28
64 13 44
9 54 21
71 7 65
45 15 76
35 75 20
47 1 62
10 2 30
64 53 75
48 40 35
81 19 68
50 35 47
49 77 67
50 23 56
41 75 73
55 45 37
19 81 73
1 11 66
80 6 30
59 41 14
80 65 27
78 50 78
17 61 69
39 2 68
82 80 71
74 16 45
75 1 73
14 26 67
79 68 51
18 34 11
76 51 22
6 18 69
40 34 43
33 54 81
28 56 38
45 70 24
59 9 25
4 34 12
2 16 26
44 54 38
29 40 41
49 45 80
62 16 34
9 48 59
72 11 4
25 66 37
59 33 33
41 65 58
15 9 57
18 21 29
62 60 22
42 77 9
4 2 23
53 44 45
63 77 22
5 56 32
65 18 42
55 65 30
46 28 23
11 8 75
26 41 76
38 60 60
12 31 34
50 15 41
43 38 23
41 32 34
30 3 66
15 22 31
12 71 23
2 38 11
60 59 2
74 30 56
27 2 13
71 3 62
45 47 19
28 78 60
73 31 71
17 63 24
30 63 76
74 46 49
24 18 56
10 55 33
56 60 6
48 33 78
20 21 40
15 38 49
70 67 44
57 38 78
17 24 64
61 1 3
44 17 21
41 53 38
36 48 56
58 81 54
12 66 38
66 64 10
27 81 45
65 49 35
19 34 77
69 48 27
23 82 44
43 14 8
70 59 41
38 63 46
35 19 80
39 47 77
51 74 61
11 46 23
40 12 46
26 31 24
17 34 4
16 78 40
81 34 15
59 19 58
46 61 50
67 42 24
64 36 51
56 64 24
43 50 19
72 2 56
55 10 59
6 60 29
76 3 10
5 23 73
3 51 80
42 50 58
26 38 11
26 41 66
57 37 78
73 67 78
22 5 30
55 75 74
36 13 39
26 77 28
62 58 35
39 27 20
27 67 46
18 32 7
41 82 82
48 35 59
39 75 15
72 39 13
61 62 12
80 16 42
41 62 49
39 2 78
44 1 66
29 25 37
15 31 70
58 35 6
27 65 23
1 7 1
59 73 21
62 12 13
57 32 10
82 4 9
29 48 18
20 67 70
40 5 10
25 69 54
1 21 44
25 7 36
40 31 32
14 64 41
23 24 53
59 52 61
5 74 63
76 35 72
48 76 68
2 56 46
24 45 50
48 8 45
13 24 57
47 11 10
41 63 30
62 34 60
45 49 63
61 68 30
15 37 2
22 50 67
24 12 22
51 64 50
15 25 26
9 16 65
1 65 73
68 53 62
45 19 10
24 16 2
19 62 18
23 15 44
14 14 47
15 41 69
44 48 60
43 35 7
2 42 63
43 75 55
7 46 47
77 50 71
30 80 81
68 36 17
57 34 6
41 69 72
63 26 31
42 9 44
33 40 70
5 61 61
65 43 49
40 75 41
66 51 35
6 65 26
18 74 16
9 27 24
53 6 61
28 48 41
77 22 21
24 55 4
70 5 55
28 11 13
17 17 56
49 19 47
29 10 13
44 51 68
25 58 33
1 5 44
62 67 3
13 9 72
24 19 24
39 13 11
45 23 17
77 21 21
30 73 74
69 48 79
74 11 16
49 16 53
58 61 80
23 60 22
8 34 55
23 6 73
40 65 50
57 51 24
43 3 71
46 30 32
29 46 58
48 54 42
32 52 40
3 60 61
66 10 71
77 38 50
66 52 5
80 50 55
54 68 50
14 24 82
65 6 8
19 14 37
74 43 30
28 72 51
54 63 69
50 18 68
70 46 41
52 61 72
34 45 71
7 66 40
31 37 5
31 6 24
3 47 30
59 3 77
60 28 6
79 59 58
20 14 26
47 51 30
23 14 53
79 57 70
3 63 73
63 46 54
34 65 20
76 75 32
35 50 23
35 75 77
47 27 41
10 52 13
16 13 1
70 57 26
79 5 81
13 33 1
34 57 80
71 36 7
60 58 17
39 48 27
38 42 44
25 20 47
51 7 29
21 13 2
62 50 39
40 8 26
26 66 29
35 64 51
26 65 36
59 21 1
22 20 72
71 72 2
70 5 59
54 75 35
65 56 30
69 53 11
79 63 20
25 22 41
8 73 79
68 63 80
28 12 79
13 18 27
57 32 7
42 53 29
16 37 44
54 11 71
21 46 76
56 61 38
52 12 53
38 80 63
77 31 4
67 24 77
78 5 65
25 60 44
5 15 65
21 39 40
42 22 30
11 58 30
44 45 59
60 38 41
72 78 20
45 64 63
45 46 64
1 79 36
45 32 34
3 63 43
40 59 60
80 4 54
77 2 48
45 82 80
32 18 12
5 23 51
31 50 48
68 30 13
49 34 6
67 37 52
69 53 79
24 80 27
13 24 65
15 66 67
35 37 6
80 27 23
51 5 19
39 39 6
47 45 75
47 80 42
71 73 78
42 48 42
5 25 63
18 68 35
52 34 41
18 11 49
8 13 57
30 52 1
52 3 7
80 81 64
64 1 20
26 58 35
1 9 74
40 41 32
17 5 54
32 18 49
16 28 5
12 58 26
81 28 2
18 17 19
55 53 69
75 66 37
81 63 80
67 81 29
55 21 24
74 48 75
26 36 28
72 34 74
60 74 60
40 2 43
24 50 59
1 71 64
69 82 38
2 1 52
32 8 47
31 75 7
29 47 15
50 64 64
64 27 57
17 42 44
4 59 11
69 28 28
60 57 22
10 30 28
39 6 51
22 64 57
73 58 31
8 2 76
73 3 42
7 66 74
56 35 17
66 3 32
54 1 25
41 63 28
24 72 57
76 15 69
22 45 41
6 62 47
49 13 51
53 73 73
39 17 53
28 43 69
53 67 24
24 9 44
68 9 62
14 68 4
29 61 59
70 3 78
70 29 82
23 2 41
32 8 29
44 46 18
28 25 21
27 24 49
8 6 22
10 8 78
55 46 40
33 38 4
44 54 36
4 52 45
49 60 40
17 50 24
56 45 35
7 22 19
16 31 57
4 39 63
57 52 19
78 16 35
9 69 32
58 17 48
80 78 44
82 43 74
77 12 6
76 34 30
20 39 45
37 15 78
72 38 24
41 82 79
26 55 36
45 28 82
60 41 8
70 27 77
33 56 62
39 76 8
26 54 63
82 31 51
80 32 48
73 12 51
64 15 48
73 12 76
1 46 17
57 82 48
4 78 27
3 13 63
44 40 22
42 68 17
18 3 41
74 57 37
50 4 5
37 22 31
18 18 75
15 64 1
67 69 4
53 46 32
35 68 1
19 67 22
43 61 58
41 18 59
20 25 13
41 23 34
33 40 30
69 15 55
65 50 44
8 72 77
45 57 62
57 46 64
17 62 22
32 21 46
78 11 70
38 21 74
51 62 32
80 80 52
62 36 64
55 68 15
35 65 41
9 27 35
16 55 32
20 73 65
37 30 60
81 42 62
28 60 36
29 69 24
53 22 10
63 32 81
55 7 70
80 23 18
29 74 57
21 14 71
52 24 38
10 54 74
47 37 12
14 9 69
1 24 6
52 35 65
3 79 8
21 43 2
70 9 62
73 72 11
5 52 2
4 24 9
22 71 58
74 50 81
14 58 67
1 48 23
1 5 18
26 56 36
23 70 14
78 30 26
57 54 70
31 4 52
32 65 9
22 27 64
26 54 66
18 18 79
30 52 23
21 72 58
78 61 1
71 47 24
3 74 58
66 50 15
14 40 43
13 30 35
27 65 50
75 7 44
78 47 29
71 50 29
45 28 73
65 15 75
52 47 45
39 20 75
41 66 49
42 50 71
60 39 64
10 42 50
10 78 9
59 1 68
80 54 5
30 28 49
68 59 71
47 27 66
75 17 70
46 15 19
67 71 14
29 74 32
23 73 34
22 54 68
49 33 55
54 58 65
14 51 30
28 62 16
62 1 15
9 35 43
57 44 69
60 15 52
4 69 50
53 8 7
4 10 59
37 52 16
71 22 32
1 29 36
1 24 43
36 11 79
46 60 23
66 74 19
16 22 73
17 59 18
28 75 46
72 77 56
15 43 21
15 46 39
57 8 21
38 40 13
48 64 19
59 63 1
68 67 47
2 57 79
40 7 75
4 42 75
8 19 53
66 26 44
32 34 63
17 81 74
5 36 78
24 75 39
82 1 48
82 25 47
80 6 58
34 14 1
37 22 57
29 4 13
57 23 23
7 22 12
9 57 15
14 80 31
37 13 53
12 82 44
8 58 55
63 10 75
50 77 79
47 26 71
36 67 40
40 15 45
7 71 20
71 8 9
58 46 24
72 79 43
63 46 23
58 78 56
10 23 41
47 70 9
28 67 37
28 45 62
63 24 81
46 24 17
80 25 52
56 79 30
34 26 9
23 24 35
48 22 80
78 49 81
38 29 59
16 20 35
36 78 81
80 24 30
43 30 48
46 74 31
45 17 8
53 6 10
44 67 2
46 42 6
59 26 11
69 80 28
63 51 6
25 58 25
55 70 82
61 77 74
55 18 56
41 56 45
47 19 16
81 40 35
20 1 71
48 25 39
31 15 35
53 4 34
27 77 53
9 37 64
8 3 53
19 39 78
7 15 39
80 60 25
19 42 54
60 76 24
22 12 28
42 71 4
19 6 3
45 3 20
37 47 57
26 48 51
26 6 8
45 34 15
71 11 27
18 80 80
77 40 25
14 48 71
81 49 46
65 35 29
47 29 30
62 35 13
20 24 51
8 51 60
15 33 15
56 68 39
46 58 76
58 32 70
48 19 75
79 53 11
32 45 78
8 36 76
81 57 67
22 60 46
81 50 72
69 54 18
21 36 13
36 53 48
31 61 45
39 47 19
71 74 19
40 60 61
7 71 55
43 78 70
27 15 35
76 61 28
31 72 60
23 37 2
76 14 18
81 75 21
32 36 8
50 70 46
16 33 69
71 81 74
52 36 69
57 36 66
17 8 49
65 60 69
56 30 49
4 37 64
79 28 72
50 7 76
55 21 18
41 64 12
73 48 28
44 58 8
34 24 30
19 77 1
22 73 16
1 9 39
31 12 16
10 65 23
21 52 34
4 70 22
23 22 54
67 35 44
11 60 47
22 51 33
37 21 45
48 6 15
82 6 66
62 40 25
77 72 51
81 73 38
79 19 14
73 16 9
44 12 39
33 65 56
46 35 72
28 49 46
62 31 20
50 20 18
17 46 58
72 41 22
38 11 77
42 77 79
67 48 75
76 19 9
24 11 8
81 31 56
23 79 37
33 69 62
72 51 62
68 64 82
59 37 44
52 60 34
30 14 9
21 48 34
56 1 18
80 46 33
21 69 23
70 58 13
44 61 34
23 52 49
50 66 8
70 55 46
57 61 8
25 22 39
34 77 32
80 49 76
6 73 4
66 62 45
80 36 50
45 33 31
18 43 2
35 36 10
16 11 49
52 50 9
49 42 40
9 16 20
58 77 15
1 11 41
42 59 65
15 43 75
73 81 1
9 10 16
1 28 56
70 25 58
37 18 43
50 73 21
2 61 81
15 60 28
29 36 55
30 46 54
50 72 74
55 46 47
71 25 28
80 73 4
27 46 81
45 17 62
6 75 18
24 5 29
56 4 4
14 42 72
7 73 30
5 56 17
45 78 48
45 10 26
3 15 55
39 41 41
59 22 15
43 45 15
28 65 80
38 64 2
52 57 31
16 70 61
72 82 25
21 25 25
15 40 10
41 13 62
10 61 55
66 59 41
22 38 48
37 12 41
2 33 82
79 65 54
10 69 34
61 46 5
50 1 6
78 77 46
20 4 10
62 6 68
73 40 10
25 42 28
5 14 66
7 72 54
20 23 35
45 67 18
72 71 24
50 3 30
74 55 39
23 14 36
10 12 77
6 51 29
29 7 44
59 6 70
67 5 4
50 19 28
47 33 81
49 29 68
67 69 60
17 64 15
5 66 12
41 3 29
22 34 29
49 21 39
69 29 4
17 81 48
25 21 73
39 16 35
3 68 51
56 36 1
58 74 63
46 23 76
24 51 69
42 8 43
38 37 33
36 73 13
12 7 57
66 68 62
46 43 70
47 24 80
4 24 68
30 32 19
36 74 8
53 39 69
27 59 62
50 10 7
55 72 42
28 2 42
79 81 70
23 64 46
5 79 2
58 19 76
50 80 67
15 30 47
15 6 57
71 19 40
62 11 1
55 41 57
25 50 59
38 50 79
40 64 45
3 27 53
7 37 27
15 3 71
67 68 49
54 54 73
79 44 1
18 44 65
52 67 59
77 61 6
45 61 54
51 53 14
60 76 22
59 58 8
81 40 53
52 3 41
65 82 52
1 31 56
62 15 65
40 27 41
41 39 8
64 57 34
4 15 60
48 39 14
14 13 71
20 31 1
24 63 78
40 37 19
1 71 65
41 67 62
22 32 17
72 62 72
56 57 6
79 60 14
56 27 57
18 61 44
46 15 75
23 68 47
32 64 36
41 28 70
57 42 38
41 10 35
18 26 15
66 7 79
62 29 3
54 62 81
33 75 28
80 5 14
69 12 48
56 13 40
49 36 27
49 47 59
39 51 65
11 24 64
69 34 82
55 14 57
47 15 72
48 55 1
55 69 9
7 73 55
23 38 82
26 30 30
49 56 40
35 59 67
20 68 30
23 35 61
67 52 8
51 73 72
81 34 54
70 49 54
20 59 20
47 44 82
8 30 63
82 67 26
68 57 44
4 47 50
18 41 29
73 81 21
36 42 80
58 55 18
46 65 36
45 40 32
72 33 60
41 22 64
16 48 57
63 54 40
35 49 53
14 71 11
70 25 68
73 64 6
13 43 69
6 77 5
32 53 5
49 53 25
65 32 47
49 16 81
68 43 66
19 49 62
51 72 18
35 69 50
68 50 68
47 44 20
45 47 36
19 17 74
41 79 64
73 54 20
17 50 38
64 35 63
62 52 42
51 27 5
63 13 77
5 44 13
52 80 76
2 17 1
74 75 30
26 20 55
76 80 82
53 78 64
66 28 41
49 80 62
47 14 6
46 30 33
12 28 62
70 74 27
16 65 40
68 20 2
7 32 2
12 21 14
17 47 74
44 11 37
17 64 14
12 1 74
29 82 60
43 76 64
49 12 9
51 32 37
35 68 59
75 81 34
43 33 33
25 46 77
71 7 74
57 36 28
1 9 10
12 40 42
69 6 61
40 35 12
74 61 9
11 15 68
51 41 26
10 39 24
71 45 28
16 40 70
13 12 38
51 13 21
9 57 3
40 2 6
17 35 45
73 81 29
8 19 72
58 64 75
74 58 38
74 61 77
36 7 18
4 30 50
39 56 54
10 18 53
37 7 63
15 74 71
29 27 30
44 31 23
2 26 53
48 78 47
42 27 39
60 2 37
72 56 70
9 30 62
58 18 61
76 75 41
41 46 4
67 38 58
51 70 51
78 64 53
41 18 73
8 57 76
33 6 58
5 29 61
22 19 54
7 81 47
8 11 75
63 81 26
19 18 15
26 10 31
11 7 35
3 81 26
71 66 41
72 48 40
37 74 60
38 65 31
37 8 72
28 36 68
50 35 56
67 19 34
4 52 20
30 38 50
64 76 34
61 44 82
12 68 7
20 65 75
14 74 38
82 66 62
37 79 7
11 12 42
30 24 21
66 2 78
60 33 25
61 27 74
14 3 25
30 45 8
35 28 39
82 13 36
50 11 22
39 5 1
55 19 51
10 69 81
70 44 23
81 74 63
52 75 24
30 46 48
76 43 33
54 14 76
77 52 3
11 42 6
20 39 67
59 36 5
48 18 17
32 30 25
13 37 21
37 69 63
60 16 37
40 53 58
67 26 77
31 10 22
14 72 17
75 15 60
70 17 28
63 4 13
68 43 70
73 55 63
43 43 55
76 60 37
26 47 43
17 40 31
59 43 76
47 15 41
20 24 60
60 49 32
3 13 2
20 76 77
38 67 21
43 63 14
67 79 33
62 26 7
74 27 25
74 17 27
64 48 75
38 77 18
16 17 56
75 53 48
43 54 18
67 51 4
37 51 44
49 57 67
81 66 49
4 56 70
78 16 18
64 31 56
38 41 14
43 60 64
66 46 51
39 72 29
37 57 77
20 7 77
71 81 57
41 68 12
21 36 20
76 12 79
81 63 42
61 19 38
30 68 67
70 46 26
41 7 15
47 11 16
14 78 65
21 17 32
33 6 67
7 49 68
37 63 19
27 70 35
80 57 45
47 53 3
80 58 34
10 82 22
18 75 4
26 65 41
7 26 12
82 1 62
9 80 61
80 16 66
47 58 16
60 75 6
62 1 32
24 18 35
43 9 6
21 75 30
32 64 26
5 10 49
70 79 17
58 13 82
21 43 15
70 36 9
57 8 45
41 7 63
79 34 40
70 5 57
53 13 82
38 28 54
76 25 3
7 29 77
30 2 29
45 59 82
47 43 55
8 8 35
41 28 68
59 42 3
38 44 30
16 18 76
60 14 1
21 29 20
17 68 4
34 27 69
40 54 13
5 41 16
6 69 53
2 19 76
1 32 28
37 15 22
76 35 35
27 25 65
27 3 44
24 5 70
38 77 27
43 81 4
19 38 77
78 14 19
75 47 78
33 38 12
69 46 27
60 38 46
55 10 41
8 40 58
21 24 81
20 82 61
32 46 56
43 18 45
60 12 40
40 6 10
46 48 52
21 56 20
19 17 45
20 8 34
50 49 54
75 3 2
38 31 61
4 70 17
79 69 66
3 62 58
59 28 1
74 45 30
69 10 60
61 70 61
72 38 9
43 14 77
7 26 50
37 56 10
55 66 41
13 43 79
45 13 47
75 43 23
15 4 38
7 39 78
65 9 20
59 54 2
61 39 21
3 49 31
70 33 5
23 30 69
10 81 34
58 69 63
65 64 9
65 38 44
82 15 15
17 71 43
40 51 33
11 27 24
56 56 2
3 9 40
20 33 7
67 22 68
57 57 37
18 25 44
48 33 35
40 72 48
41 42 81
52 41 17
49 8 82
61 37 49
33 49 44
8 38 4
50 65 64
37 35 29
63 73 66
68 13 33
23 39 10
71 2 27
3 29 59
18 50 27
41 17 77
6 10 70
75 28 54
1 25 24
47 78 31
40 32 78
60 9 16
76 11 6
58 8 38
41 25 16
56 77 9
48 79 22
69 19 11
71 34 80
30 30 28
60 68 10
34 38 61
7 18 40
35 35 41
20 29 79
34 75 57
73 9 41
74 36 35
58 9 22
37 3 58
56 52 64
30 2 3
81 14 58
35 19 66
55 9 53
54 42 69
61 36 61
43 69 39
77 75 63
9 42 79
25 6 59
11 56 25
66 2 23
55 46 80
42 41 19
30 51 76
16 51 12
73 31 49
8 45 47
24 61 70
19 80 23
58 57 77
24 14 32
68 9 68
17 11 5
21 76 50
69 18 1
10 74 10
8 29 10
76 57 58
41 67 75
9 65 76
36 69 38
62 6 35
62 17 46
20 56 47
61 60 82
24 24 43
2 41 55
50 56 21
26 8 33
45 58 11
71 9 30
9 55 27
12 33 52
30 30 78
56 62 64
14 39 14
36 1 30
77 44 34
11 57 17
35 75 43
26 72 59
47 5 54
4 9 74
53 54 78
34 52 37
50 10 77
18 30 49
18 77 29
58 47 5
12 42 57
52 47 70
34 70 82
43 33 40
49 13 1
22 23 81
49 4 26
71 40 55
26 9 77
65 39 5
63 49 77
14 71 11
11 51 67
14 51 79
80 10 14
20 10 58
51 23 72
67 18 51
61 6 24
46 29 21
65 82 16
76 76 45
24 8 46
49 12 74
71 27 56
68 75 20
30 42 70
49 12 38
21 22 53
29 68 7
76 19 56
76 82 33
64 3 52
3 6 53
35 13 4
68 73 9
25 29 7
57 60 12
50 56 18
32 68 12
27 36 39
72 12 70
65 3 6
78 69 36
31 40 35
37 27 5
34 30 40
27 5 37
52 39 39
54 72 56
66 8 3
75 47 79
63 38 68
70 39 65
64 36 82
27 82 28
13 30 48
36 24 56
20 56 30
3 55 26
63 34 57
73 63 44
25 30 21
76 46 72
63 54 21
78 35 15
38 68 32
3 80 56
19 78 24
36 9 78
41 50 62
82 66 80
22 33 60
49 17 60
61 63 36
24 77 39
68 19 41
26 9 35
36 43 80
61 82 66
69 72 62
31 44 33
6 61 18
56 36 37
66 33 49
34 65 32
43 34 72
36 29 17
32 77 8
20 5 73
14 56 76
38 57 55
79 37 14
28 46 12
57 51 20
63 49 2
59 18 42
29 18 46
27 67 15
27 38 50
28 70 61
76 58 22
4 26 56
44 69 19
43 77 47
14 26 74
35 75 33
79 5 43
59 51 23
2 18 66
21 7 79
14 26 48
42 28 79
71 1 71
25 1 75
30 56 7
46 43 72
51 73 68
22 36 1
35 18 59
31 2 22
28 72 54
8 18 36
61 81 29
78 29 38
53 46 77
39 58 1
28 35 72
71 78 79
43 38 20
3 71 71
78 6 18
53 45 23
37 71 79
10 24 39
16 57 26
45 66 12
79 32 59
1 78 22
48 82 15
59 60 35
78 45 24
73 45 8
78 74 27
3 74 43
20 34 26
11 78 35
78 32 46
19 15 20
15 72 38
63 21 64
24 13 37
24 7 48
6 54 49
27 43 67
35 24 1
45 37 75
52 2 79
44 31 4
26 41 22
9 39 9
52 77 75
79 51 79
37 43 13
68 12 49
68 51 53
8 43 20
81 56 82
7 43 74
69 40 11
34 5 79
38 17 71
69 53 13
60 48 24
39 55 79
78 33 64
13 10 71
13 48 4
62 11 35
48 9 72
15 58 32
65 70 65
80 80 37
11 46 60
36 76 62
3 10 6
8 2 15
71 48 10
15 12 64
8 61 65
9 53 68
55 23 28
44 7 26
10 57 32
30 42 72
49 11 57
37 68 11
76 46 33
74 2 15
1 13 35
54 50 49
17 40 12
50 74 58
74 78 13
43 38 53
62 32 55
11 66 2
79 17 69
73 34 79
76 15 11
50 29 26
2 76 16
69 24 10
10 27 60
57 59 56
71 7 54
38 81 67
72 32 44
3 19 54
54 51 10
60 26 21
73 8 3
38 43 12
15 31 53
32 29 49
51 35 23
12 58 62
67 50 37
1 73 39
23 2 10
55 76 20
60 54 13
77 57 7
28 4 44
80 4 58
74 56 9
4 30 35
67 21 35
16 15 25
10 24 21
4 2 38
9 60 35
42 67 14
34 10 82
76 78 73
62 28 55
62 45 10
31 70 61
58 69 9
60 24 6
3 22 61
63 8 27
49 77 8
72 47 51
6 64 43
18 57 17
20 5 61
9 21 31
26 20 39
29 45 54
37 50 22
24 35 8
82 56 71
17 55 82
2 73 60
10 6 32
35 11 22
71 58 79
5 5 75
60 36 80
77 7 50
26 56 3
74 79 43
11 69 62
11 17 44
66 20 68
58 5 51
3 29 63
69 16 22
2 71 23
5 11 62
56 62 42
54 31 37
36 15 63
63 27 60
64 5 14
13 42 8
27 42 2
28 78 48
50 71 50
20 31 74
15 43 59
56 70 65
3 64 34
70 68 16
9 33 55
69 79 21
77 17 24
31 55 48
67 28 57
75 5 30
46 75 32
74 71 13
72 39 13
38 49 27
21 30 64
23 65 43
31 33 40
73 43 9
55 72 1
41 7 77
28 71 56
5 61 81
28 75 25
75 21 75
21 4 26
6 81 38
38 31 27
53 46 39
30 3 40
47 77 47
59 54 72
62 20 9
32 78 23
56 39 49
53 59 47
24 16 12
21 19 37
36 25 33
69 5 45
3 78 15
81 19 49
33 79 5
73 82 65
13 5 67
45 30 17
7 56 55
63 28 30
79 12 65
82 33 39
73 42 43
22 34 51
6 16 24
15 54 7
19 17 66
2 44 3
60 11 58
17 63 15
36 47 49
64 48 19
20 45 38
17 31 37
52 1 42
80 68 24
47 74 55
27 76 66
72 73 68
15 38 44
61 24 39
75 37 11
39 5 57
41 51 81
8 60 8
21 40 24
33 14 54
70 58 34
39 55 1
23 4 24
47 30 10
15 18 59
25 63 19
64 52 54
21 38 62
62 58 41
48 5 70
13 40 11
46 68 57
7 19 62
59 57 34
62 38 31
80 19 67
17 37 76
41 33 14
38 45 9
2 16 53
27 44 7
27 55 31
12 27 31
67 57 21
47 30 4
5 1 36
59 10 41
21 4 33
78 29 76
65 10 67
63 33 29
77 74 48
28 29 34
37 37 22
60 18 49
47 58 63
9 17 55
51 24 70
56 58 16
49 30 71
71 5 11
26 4 51
9 29 17
5 7 62
62 36 66
39 45 16
5 2 35
78 17 73
56 41 34
58 62 11
13 15 47
52 18 35
15 16 33
36 23 16
73 53 2
32 59 23
9 38 57
22 62 76
5 66 78
29 24 33
60 57 34
74 48 50
57 12 45
58 49 70
1 61 40
17 12 3
33 9 72
56 72 24
40 1 6
6 75 8
77 19 45
26 23 55
9 55 69
10 46 45
17 80 58
69 44 15
74 76 7
43 3 16
11 61 38
15 30 29
33 6 45
4 13 2
25 28 1
59 14 60
15 53 39
60 16 82
69 73 46
51 67 35
25 49 49
11 45 64
9 75 41
82 23 23
81 63 5
4 72 56
25 70 34
8 65 33
60 7 65
32 70 8
38 81 68
33 75 46
79 41 67
81 47 6
67 1 57
72 1 23
24 18 13
13 23 20
76 19 70
43 77 14
60 56 38
28 57 74
34 13 66
27 9 11
4 38 70
55 69 16
68 25 7
46 76 10
52 14 46
23 33 52
6 3 1
49 5 67
71 73 20
63 15 67
13 52 37
15 10 40
68 74 40
64 17 71
41 14 74
34 40 44
39 11 9
61 80 49
6 53 2
4 9 28
40 8 79
43 26 25
64 52 74
23 37 60
36 76 57
37 71 39
56 58 42
4 47 73
57 55 12
42 61 31
55 27 40
29 66 8
69 13 63
9 15 43
27 43 18
13 72 19
37 73 71
1 30 34
62 67 21
15 33 62
52 82 40
81 79 75
53 64 35
23 75 23
6 57 41
62 77 17
29 12 47
42 59 10
34 3 32
26 61 65
50 23 32
56 3 71
75 75 42
51 52 54
58 4 37
20 29 47
48 36 30
39 44 55
71 32 55
76 58 38
13 60 26
68 64 48
5 11 57
74 2 71
20 59 56
48 73 67
66 82 72
14 74 19
14 58 41
71 82 41
46 11 26
61 68 36
23 18 80
72 61 72
39 10 37
78 26 12
56 4 65
33 49 17
27 3 4
12 8 12
37 47 29
48 28 1
11 82 48
43 81 9
5 8 63
12 58 9
10 56 2
65 27 58
20 12 58
26 31 33
5 18 6
16 9 13
20 53 33
30 3 79
18 55 21
29 15 56
34 9 62
45 4 61
7 18 25
23 65 62
12 63 22
43 27 18
63 30 63
4 17 7
51 53 38
43 70 57
59 67 45
56 57 53
23 68 70
16 39 37
76 22 2
80 18 49
25 82 23
5 59 25
62 11 80
10 47 65
67 8 60
76 3 2
70 44 31
56 55 78
9 1 61
33 71 65
7 4 14
69 12 43
58 43 54
9 63 12
36 23 82
6 32 37
72 43 30
5 77 57
55 62 4
13 44 24
19 5 19
36 62 21
34 8 31
78 18 9
72 4 75
54 75 42
33 2 38
65 58 72
26 12 50
17 12 38
8 39 17
53 27 79
18 45 68
79 45 32
2 3 38
38 54 40
70 43 27
36 22 18
64 67 66
50 42 63
70 46 82
11 78 38
53 43 79
7 75 51
65 19 30
49 76 21
45 29 52
17 54 68
3 42 80
10 24 15
27 6 16
12 38 41
71 46 71
30 31 75
33 68 24
25 81 38
82 53 64
29 68 9
50 66 55
27 27 27
61 74 72
76 12 16
3 16 75
53 65 80
80 64 18
19 54 41
5 75 26
72 47 22
29 5 28
75 62 11
58 2 73
34 69 20
1 77 23
37 66 51
51 35 53
61 70 34
62 39 17
35 22 65
65 57 44
69 48 1
28 11 34
39 37 13
56 21 68
45 23 48
78 55 66
30 22 37
54 43 50
17 36 41
1 27 68
51 35 4
76 71 39
58 63 44
10 17 80
79 13 66
32 55 56
48 1 50
57 27 65
79 22 43
53 2 42
42 76 73
51 74 41
11 34 59
17 24 20
72 80 10
82 51 17
78 13 8
3 12 1
2 43 30
20 21 44
43 77 2
74 45 1
61 4 16
28 16 35
46 69 55
62 51 71
21 37 77
28 52 50
53 52 55
35 18 72
53 53 2
74 58 19
56 32 54
39 3 61
12 39 70
81 3 22
1 45 6
8 55 1
61 59 21
44 36 13
51 51 52
71 49 55
41 59 71
14 47 64
46 62 26
50 39 77
16 11 68
26 65 6
5 9 79
5 73 25
54 74 79
66 48 9
6 1 77
23 26 22
27 20 3
64 56 54
33 19 65
46 80 76
58 49 19
76 63 79
65 3 47
8 77 3
13 76 56
67 44 25
67 78 26
10 31 69
82 58 41
17 71 32
70 72 11
12 7 17
72 77 20
23 36 18
10 26 53
60 8 34
58 72 27
17 80 16
71 37 50
34 5 54
47 37 35
38 66 12
28 3 62
12 82 30
53 55 75
2 56 79
29 64 31
17 65 69
32 2 14
1 66 24
3 58 37
62 52 41
33 30 72
24 4 62
12 64 32
52 46 48
35 19 20
72 8 20
10 54 51
1 46 59
13 80 63
73 71 82
8 30 75
57 35 13
10 27 41
6 16 51
20 25 16
44 41 47
30 19 17
57 75 1
5 18 32
6 77 1
51 36 9
15 34 52
36 79 58
50 60 81
10 37 23
33 61 27
26 46 7
32 35 29
2 42 12
48 26 78
53 36 13
69 72 24
43 68 74
65 12 21
24 22 14
76 30 55
7 1 22
37 69 12
73 27 57
27 12 28
49 7 63
22 7 71
29 2 37
7 15 26
24 78 33
1 9 79
72 81 37
43 48 62
67 53 37
45 7 33
30 66 54
24 51 58
9 1 82
45 80 48
40 13 52
66 60 3
4 40 27
29 70 37
49 73 13
59 22 49
44 77 6
35 57 79
23 49 61
15 7 51
33 48 5
42 5 77
57 33 39
73 47 55
37 39 65
58 23 22
58 58 23
2 10 80
24 5 65
1 56 25
66 30 43
54 10 43
10 22 39
19 60 82
67 5 52
15 71 13
59 27 55
38 36 33
41 57 51
5 48 18
31 66 12
82 37 73
20 24 1
19 66 4
57 16 63
80 66 14
72 2 55
72 11 71
24 46 45
47 17 5
45 16 30
77 47 21
75 48 74
72 39 38
36 73 78
18 75 20
35 23 28
36 65 8
42 67 41
80 4 40
81 40 48
10 59 42
56 79 3
54 58 62
73 33 82
24 81 20
80 57 3
10 71 74
10 58 16
27 77 77
29 10 56
71 53 62
14 64 81
80 38 50
77 9 47
30 51 21
2 69 27
47 18 67
9 26 31
23 42 74
72 54 56
74 26 21
16 43 38
26 3 67
17 72 64
47 13 28
46 8 65
69 33 50
69 76 54
33 2 61
74 60 61
45 41 79
53 61 63
74 57 28
14 22 8
25 24 33
4 67 67
28 45 20
45 82 58
52 25 18
46 18 69
5 23 79
77 15 66
18 27 57
6 74 12
6 22 35
16 17 3
14 79 56
70 28 24
2 40 38
62 14 80
82 68 11
2 41 46
39 32 14
26 78 72
48 72 1
82 56 46
81 12 23
74 29 1
43 65 33
68 70 20
40 24 41
38 73 62
28 10 15
81 82 16
22 57 80
10 33 9
76 45 81
50 16 31
20 45 56
50 61 14
34 62 60
29 53 21
32 27 58
1 23 81
48 58 57
66 44 68
77 32 78
11 46 20
24 27 5
61 75 55
34 82 25
11 8 65
49 58 37
76 34 26
37 45 67
64 58 45
42 25 39
56 52 49
48 55 53
65 49 25
39 58 35
57 52 43
19 70 37
54 8 41
5 24 77
72 82 62
64 35 32
10 72 11
4 71 58
50 77 3
38 40 22
66 5 40
56 39 4
65 20 34
18 5 70
30 40 21
33 37 61
40 40 47
65 21 26
43 22 81
8 7 64
67 76 68
28 19 46
14 52 35
7 35 37
13 33 48
70 17 68
16 71 53
3 58 80
7 14 80
82 7 54
9 63 74
47 68 70
50 82 21
13 30 65
2 64 41
22 23 23
28 21 52
23 71 62
57 38 26
65 34 22
61 30 62
2 31 55
57 16 46
23 58 74
45 62 27
1 12 1
75 32 37
18 12 13
39 37 56
8 5 45
19 31 34
48 19 41
50 67 9
17 23 28
49 60 22
70 18 73
16 24 30
27 66 38
8 72 23
9 18 35
77 48 11
29 23 43
34 61 81
46 20 1
76 70 66
42 6 48
81 3 27
59 37 26
39 8 61
47 37 81
36 5 82
40 36 10
13 3 69
22 51 69
45 18 19
40 17 57
23 19 71
8 48 7
8 62 33
10 39 23
35 66 56
61 52 48
80 52 55
50 25 65
56 61 59
77 40 42
39 76 48
53 43 28
51 34 48
52 63 38
16 47 21
58 19 59
59 79 34
65 14 37
52 31 77
32 15 35
24 6 13
24 9 52
18 20 2
51 44 57
54 33 53
41 81 43
17 34 28
18 40 34
7 44 35
56 72 24
69 28 64
72 39 2
55 76 10
30 26 42
18 53 41
58 25 34
79 4 20
22 66 39
7 26 63
78 36 32
55 54 68
49 42 80
72 12 29
2 68 45
56 65 60
41 34 58
1 28 65
34 44 76
16 37 19
55 46 7
11 56 24
63 23 35
74 45 46
55 38 81
78 11 45
28 66 18
36 7 71
33 71 68
67 65 34
35 69 61
77 55 26
23 36 75
58 45 47
59 57 57
18 20 53
57 42 52
4 31 76
6 1 70
46 27 50
78 72 36
17 54 65
6 53 56
44 68 81
49 52 77
8 14 15
73 24 13
64 16 81
30 74 48
22 75 20
22 18 52
78 48 24
11 37 19
39 35 30
53 21 71
61 71 15
9 66 55
67 8 26
5 26 17
60 11 14
52 42 6
18 1 57
80 78 80
42 75 39
55 78 66
34 73 22
27 25 63
30 5 13
1 13 20
34 38 30
74 31 73
56 58 6
15 62 61
53 35 3
24 30 11
69 17 2
54 12 33
9 63 81
2 46 38
14 33 81
10 37 74
30 82 21
76 27 34
47 3 39
51 72 43
33 5 74
6 6 21
33 73 74
54 63 6
11 57 15
58 55 3
46 53 36
9 38 20
28 58 74
9 68 13
61 63 59
82 60 65
28 38 58
44 41 76
80 72 77
31 32 44
26 68 36
64 78 12
48 52 30
14 55 68
75 6 28
77 54 31
42 36 31
36 14 68
16 38 43
59 48 34
59 39 45
9 56 61
32 5 51
17 66 11
3 2 60
42 61 70
17 62 69
23 82 36
35 34 31
38 27 43
36 51 62
47 48 3
20 30 53
6 65 5
58 14 43
7 35 44
47 38 26
46 63 25
69 15 11
59 40 56
12 38 45
23 54 78
53 22 12
26 10 33
81 14 14
70 63 12
38 34 63
73 32 10
76 43 60
56 50 50
63 32 20
3 67 66
9 72 52
57 16 15
65 31 34
65 35 60
63 59 19
37 4 52
81 50 21
65 36 3
10 56 34
46 23 35
53 12 42
61 20 35
73 13 3
39 59 2
24 31 47
66 45 3
72 65 60
10 43 76
75 45 6
53 56 50
80 22 36
2 21 64
63 58 64
71 49 82
37 12 64
51 56 63
34 25 28
71 30 57
13 42 38
52 46 71
48 63 65
18 77 13
66 76 58
2 9 76
69 74 40
27 29 22
15 57 1
4 10 36
39 33 62
25 29 3
15 32 51
80 33 36
37 14 60
79 44 13
4 54 59
28 57 13
22 30 57
24 9 13
25 44 47
65 54 48
79 73 58
39 25 79
73 43 4
50 22 27
70 73 17
48 52 62
21 71 38
41 74 37
13 39 71
33 27 11
70 9 1
50 41 5
44 58 62
51 48 53
9 66 77
66 59 52
21 57 44
5 47 40
33 42 43
34 11 67
58 9 23
73 27 17
26 51 28
73 79 62
57 34 74
47 5 70
55 47 52
67 43 36
61 58 74
78 49 63
8 72 20
59 11 36
26 2 16
62 14 11
37 18 71
81 52 72
71 14 50
79 33 61
31 60 17
5 82 11
27 19 77
62 75 64
63 49 50
7 70 36
72 18 24
5 78 82
76 72 71
6 77 76
8 49 62
68 53 70
45 18 64
24 17 22
44 32 47
5 46 56
15 45 77
1 46 34
39 79 27
46 74 9
65 52 9
15 48 55
75 72 47
