5000
9 34 41
24 47 54
26 48 33
38 55 20
10 36 43
33 41 66
34 60 58
7 54 33
17 16 11
8 52 55
54 55 1
59 14 32
34 5 38
5 4 14
55 7 7
58 27 28
21 12 5
50 49 46
35 20 64
15 58 61
32 11 17
30 37 26
31 51 30
33 35 9
43 50 14
7 35 5
13 36 15
35 16 51
29 47 34
57 12 4
62 31 53
51 25 47
56 38 48
55 56 36
56 39 35
66 42 38
60 41 25
16 22 24
61 61 37
8 57 25
26 32 62
26 31 7
49 2 14
8 1 31
3 6 32
26 15 50
57 46 64
65 66 39
66 63 25
28 44 19
45 13 43
56 64 5
3 14 27
23 29 14
62 20 31
30 38 21
49 3 7
39 20 48
19 59 5
35 44 4
32 12 42
5 40 15
8 28 29
38 34 57
24 23 16
5 10 17
64 2 57
17 27 1
3 51 28
26 56 33
61 53 15
2 26 24
55 50 26
1 59 45
45 65 64
1 46 31
7 33 32
15 49 23
19 26 44
9 25 11
20 26 58
40 48 16
61 17 17
16 43 27
20 27 64
56 47 49
62 14 26
20 8 3
15 12 43
43 33 41
8 40 44
30 57 36
19 32 25
49 44 27
13 27 4
58 2 11
2 24 17
25 63 15
64 1 26
12 15 65
39 38 47
6 49 65
4 44 17
13 28 30
6 5 11
53 45 58
11 47 57
44 14 31
17 31 36
25 60 43
18 14 50
22 9 56
21 29 21
10 37 9
9 53 51
20 13 9
62 47 47
10 43 64
56 58 48
17 3 49
11 53 16
45 36 40
40 60 28
31 45 41
14 62 6
55 61 36
61 39 12
57 40 29
55 32 61
37 17 23
62 51 12
39 20 49
13 62 13
12 57 16
46 25 19
11 30 40
50 55 52
28 62 60
62 64 10
50 58 49
21 59 31
52 43 55
59 65 64
30 6 6
55 2 56
19 59 20
27 38 36
55 26 2
26 10 18
66 3 15
41 32 66
61 46 9
41 15 15
45 49 22
58 17 20
61 29 39
63 3 43
48 19 38
17 42 10
26 18 16
5 48 14
10 31 10
50 21 56
13 51 49
43 17 24
63 51 35
14 46 3
28 6 53
36 53 47
57 47 31
9 50 43
12 66 19
19 3 15
34 13 22
17 41 33
4 35 12
23 51 42
7 26 56
62 20 66
24 16 52
55 32 45
22 49 66
35 39 21
65 34 2
53 37 64
12 37 48
6 29 59
29 42 35
54 45 25
7 54 38
13 57 23
29 32 10
32 5 11
33 63 64
59 64 19
31 29 20
1 49 21
35 54 56
25 58 57
5 25 7
20 62 66
65 65 8
59 36 36
5 40 8
19 58 23
20 62 63
13 7 47
19 54 31
31 18 34
17 43 42
10 60 48
12 7 8
26 57 42
42 7 44
10 32 55
20 19 43
60 41 24
53 5 58
54 9 63
21 4 55
42 51 23
16 8 29
8 46 43
26 13 46
39 36 12
66 31 58
23 46 25
9 5 14
64 14 45
33 55 47
66 12 66
3 47 2
16 59 5
41 40 59
50 31 3
27 59 60
17 34 64
31 55 66
59 50 26
26 22 60
8 65 28
12 9 51
5 45 24
36 3 2
11 14 40
20 28 19
23 5 22
65 43 20
47 12 49
9 34 45
58 62 12
25 10 35
34 42 52
41 54 46
6 41 61
24 47 28
64 59 18
15 35 23
42 63 53
6 12 6
19 54 28
65 52 11
55 29 14
30 58 53
35 52 11
9 37 1
50 56 58
24 62 29
48 43 26
65 21 11
21 12 60
37 42 50
4 59 13
40 43 52
33 10 8
50 62 59
31 24 13
29 44 39
34 27 53
36 33 44
45 16 62
51 15 62
2 41 6
29 7 30
33 42 25
29 55 26
66 47 41
53 9 9
35 47 65
11 63 48
59 12 53
21 31 20
50 18 30
50 11 10
18 50 17
29 61 32
43 11 16
43 55 27
49 24 15
5 24 5
14 33 1
7 55 25
46 63 35
61 20 56
64 28 37
29 30 31
9 49 18
61 4 40
9 13 19
45 36 33
32 47 2
59 25 57
14 19 27
23 27 33
22 6 44
51 66 65
49 21 29
61 10 43
13 20 58
63 30 52
12 66 40
18 26 33
57 2 41
10 61 53
33 66 12
23 56 14
7 66 16
27 30 9
65 56 18
51 64 18
38 44 39
65 65 62
37 61 45
60 50 22
61 21 15
2 51 38
42 58 59
59 60 21
2 36 13
48 43 21
12 16 59
46 59 34
64 12 18
60 9 22
56 16 6
41 40 35
48 64 63
37 15 7
48 66 53
66 56 23
28 32 6
44 35 43
18 63 10
15 51 30
38 33 28
20 26 51
43 25 48
65 28 2
9 28 13
7 62 30
65 37 61
30 32 6
47 27 9
22 11 43
19 34 30
58 40 27
24 6 58
46 29 26
35 42 59
3 54 28
1 44 62
28 13 2
47 28 54
19 28 25
64 16 28
32 37 38
30 20 10
43 13 56
51 55 25
33 20 13
33 44 11
65 64 55
56 46 49
29 52 14
44 27 52
28 13 45
64 64 29
23 64 33
42 40 10
57 23 40
57 14 49
6 17 57
32 37 42
8 19 16
62 21 57
46 49 5
12 1 28
42 25 1
38 65 2
11 4 42
65 65 37
10 55 14
56 29 51
32 53 61
15 40 43
8 7 9
40 51 59
42 24 56
6 61 28
52 21 29
59 10 62
11 7 49
57 5 9
58 62 24
18 14 26
54 23 51
36 45 14
10 28 31
5 40 60
12 23 66
8 6 59
63 52 2
46 48 2
48 13 49
38 20 49
65 37 65
39 21 54
13 10 17
45 54 13
59 35 3
44 62 55
49 65 9
44 13 62
64 62 10
24 23 46
51 13 63
5 27 36
51 60 50
38 39 52
5 54 51
30 11 34
18 47 49
13 60 40
38 21 62
43 29 1
3 15 17
31 35 30
15 22 22
7 61 19
11 57 10
3 35 60
37 55 55
53 30 14
35 50 60
28 59 26
3 8 4
54 23 33
63 34 14
46 62 28
3 48 51
29 6 31
49 5 7
53 56 3
56 64 52
44 43 13
65 5 11
9 13 66
10 57 53
38 44 66
13 66 15
4 4 10
18 17 59
52 29 55
52 60 33
3 31 44
50 27 47
38 62 9
28 29 61
20 37 7
20 47 3
22 40 36
44 60 49
13 49 3
30 38 32
65 38 59
62 41 45
46 64 49
37 66 59
29 28 16
39 63 22
8 5 35
46 30 2
29 26 46
26 56 65
24 55 58
15 11 19
39 35 47
24 11 30
20 36 4
30 10 47
63 33 49
36 65 48
28 66 3
62 9 37
53 28 2
44 13 40
21 18 33
66 8 30
62 46 22
48 38 38
37 39 19
53 32 60
25 59 44
49 15 49
28 34 28
50 29 54
23 56 44
35 21 7
5 50 30
61 6 10
52 49 1
38 29 27
14 57 16
49 19 32
41 52 1
20 1 25
63 29 30
55 55 19
10 52 60
12 22 56
9 42 6
38 30 2
36 17 61
53 48 27
21 59 51
6 34 12
65 16 25
51 27 1
21 12 28
18 57 59
66 56 20
33 61 48
26 60 19
63 39 55
5 30 2
17 20 47
5 10 10
28 37 30
2 57 2
14 39 16
59 12 5
28 24 35
3 65 22
25 31 42
40 20 44
13 63 25
36 27 44
39 62 45
17 10 55
10 52 4
19 42 50
62 48 45
25 40 27
39 54 13
3 51 57
36 39 52
15 22 42
18 19 43
35 46 16
50 9 47
7 45 40
14 35 38
36 44 18
28 44 34
7 54 36
47 7 63
20 48 42
7 43 10
47 54 12
61 26 47
33 46 41
24 57 63
55 36 39
51 30 64
25 42 5
63 46 45
38 53 29
22 34 49
31 8 27
29 31 65
27 31 6
12 30 62
37 39 38
6 23 29
4 10 10
26 32 52
49 63 26
14 65 31
2 2 32
54 42 32
60 20 14
13 48 32
17 17 39
40 37 10
28 51 30
65 47 44
43 57 5
21 56 65
47 16 57
21 2 13
19 57 41
42 27 39
60 8 27
36 34 25
7 46 1
55 48 6
28 8 57
43 31 7
22 39 3
1 49 23
52 28 17
49 38 48
65 23 35
66 26 58
8 37 30
38 31 29
60 7 50
27 64 18
40 57 15
9 10 4
45 52 63
54 63 17
24 59 54
1 22 42
66 2 53
1 52 17
47 32 34
33 55 12
17 10 49
17 56 5
27 27 21
59 24 58
61 50 26
61 62 18
66 52 19
52 20 8
59 41 19
60 20 10
62 6 50
9 60 16
8 41 41
24 24 37
11 26 48
24 8 42
35 40 60
21 26 7
46 23 23
63 17 9
29 24 13
31 54 21
19 54 55
59 35 61
26 1 56
44 12 51
62 1 5
51 23 63
17 66 19
54 22 23
37 5 10
3 27 4
37 66 22
14 21 46
1 39 47
15 11 27
63 23 66
58 4 5
66 3 7
40 23 41
29 28 13
43 36 64
48 2 7
10 25 27
52 53 38
2 17 7
13 64 40
55 63 10
24 55 57
51 24 53
62 18 65
61 61 35
3 9 16
25 1 53
30 17 20
2 18 61
5 13 45
56 43 16
18 33 46
28 62 55
18 52 47
24 32 64
53 3 25
22 23 14
26 52 4
28 27 53
2 55 25
37 47 33
10 33 1
51 54 17
62 31 51
66 5 59
29 5 66
40 18 33
61 29 19
49 37 23
17 10 9
52 14 39
61 44 28
56 19 37
66 23 38
20 41 31
3 13 26
30 58 9
17 63 2
32 28 19
49 6 50
55 61 65
23 20 46
24 35 21
12 51 65
24 66 60
61 21 61
4 30 37
31 16 11
65 24 40
30 31 48
64 12 40
27 49 35
59 28 36
47 19 30
30 46 34
26 18 41
6 48 7
66 26 4
3 41 63
55 22 66
11 18 54
20 9 14
62 7 54
27 9 4
47 46 62
21 30 34
47 27 20
15 22 17
42 57 31
31 7 14
21 37 17
34 45 6
51 54 42
16 66 52
4 15 43
8 53 37
34 45 6
23 62 53
47 11 24
23 23 19
11 35 25
32 7 49
48 8 16
36 63 27
42 23 48
55 24 11
59 61 31
11 46 2
53 7 43
12 9 10
38 2 2
24 1 26
43 55 27
8 23 60
60 55 11
27 51 15
31 17 45
42 56 33
54 46 3
41 26 31
41 29 47
43 65 64
57 22 36
25 27 15
15 4 61
28 20 44
35 66 2
36 10 50
55 1 25
61 37 11
21 61 60
19 24 53
16 42 54
19 18 58
37 19 38
58 9 63
36 54 14
47 24 39
29 15 10
65 3 45
2 22 39
8 40 56
13 23 65
49 15 66
11 64 54
38 11 45
62 55 57
4 25 26
7 18 19
41 58 56
24 48 21
26 45 50
10 55 5
40 6 51
5 7 38
63 10 38
43 16 27
57 11 6
28 19 52
19 65 25
62 47 54
1 12 28
41 66 51
39 64 24
20 15 9
23 23 9
38 51 51
46 39 61
29 4 53
58 51 51
64 49 20
41 50 53
44 39 54
57 20 9
66 39 60
39 29 39
40 47 36
21 25 50
9 44 4
16 40 55
56 50 17
28 41 35
57 1 31
42 17 14
48 15 43
31 58 58
5 24 27
42 34 13
11 59 15
63 16 45
39 32 56
8 52 48
49 33 53
25 24 1
45 1 2
41 11 41
30 18 28
32 15 32
6 55 61
57 26 28
25 14 60
2 11 34
25 23 1
59 5 11
47 26 48
33 55 63
2 25 33
61 29 15
45 35 49
40 58 25
48 31 54
19 28 11
29 38 63
19 9 60
50 48 34
47 48 15
27 2 34
3 52 10
9 52 26
13 4 44
24 16 49
62 33 50
20 66 38
59 61 64
41 21 64
15 64 47
58 9 14
18 39 39
52 21 1
61 48 51
56 55 59
16 36 54
31 35 58
13 39 56
62 23 54
23 40 46
36 20 41
15 40 10
10 37 41
27 35 22
18 5 43
5 54 17
42 14 53
6 39 24
26 21 66
57 16 39
17 5 15
57 15 60
61 43 44
60 38 61
6 12 18
23 5 28
35 50 4
53 8 15
50 23 26
49 49 40
6 9 35
66 41 53
5 22 61
38 19 6
41 2 7
44 26 28
18 48 44
41 35 5
23 63 42
49 20 3
26 27 49
58 60 37
36 18 64
66 55 13
15 29 12
64 35 65
52 10 60
65 9 61
50 42 22
59 15 7
10 4 38
11 51 43
21 41 64
18 23 46
18 65 21
58 47 55
6 43 34
28 25 34
36 5 7
66 66 28
39 61 44
45 47 10
26 65 18
65 63 8
57 53 43
3 51 23
54 63 19
52 4 45
3 19 48
6 51 52
13 65 7
50 66 2
46 37 38
60 45 43
41 40 16
30 45 23
61 52 35
7 41 34
61 27 47
41 1 32
41 18 2
13 5 37
38 7 16
43 38 3
20 16 6
37 26 14
47 40 66
7 41 8
58 55 19
50 48 44
39 10 36
52 41 9
5 56 34
34 54 37
36 45 50
44 61 50
7 39 38
22 47 51
55 46 66
9 24 43
3 26 4
63 33 45
38 28 22
3 20 53
61 2 24
14 20 59
16 63 47
26 15 60
35 23 23
38 23 10
31 14 2
18 62 4
65 56 24
21 29 12
50 33 29
20 37 17
23 38 34
53 57 66
10 19 16
43 34 53
29 18 25
9 16 44
43 34 12
56 49 55
4 62 36
57 57 24
56 40 55
4 1 40
30 14 61
33 53 6
37 59 39
47 25 6
61 33 17
1 27 32
32 50 64
52 54 40
18 41 57
16 23 43
19 38 65
16 8 48
16 59 51
18 38 40
50 7 29
45 5 32
24 17 57
13 4 59
17 47 36
16 14 2
56 64 51
29 24 39
24 38 38
56 64 43
11 5 41
40 58 25
40 13 64
25 15 60
64 14 30
39 54 56
52 30 21
12 1 34
16 62 26
63 47 52
42 10 14
20 6 66
45 7 52
48 44 42
47 49 2
19 1 47
43 61 47
16 40 2
47 44 33
46 21 45
49 8 14
8 63 9
65 62 38
56 36 51
12 44 36
47 23 3
58 14 6
35 45 31
61 51 11
50 45 45
10 13 28
49 17 19
13 30 38
56 54 29
60 29 40
24 22 8
61 39 39
44 1 28
20 28 49
62 65 33
42 50 27
57 43 60
31 46 42
12 55 6
4 4 11
66 38 27
16 26 48
3 33 65
34 40 45
50 61 31
52 34 66
63 7 54
61 19 38
42 29 23
49 37 65
51 27 54
14 50 44
52 50 56
17 24 59
39 51 16
44 40 45
7 28 8
12 62 47
1 4 40
26 1 58
18 61 9
5 24 19
57 12 58
22 53 19
53 32 16
47 46 33
56 58 43
38 43 64
44 8 24
56 36 2
36 25 51
13 40 4
6 61 6
29 33 37
34 38 55
16 2 53
18 65 19
38 36 45
49 40 14
38 35 14
34 2 61
30 21 16
16 25 14
4 7 4
19 66 18
32 57 56
28 32 31
39 13 65
59 9 3
19 49 7
58 52 29
65 8 40
5 16 29
19 35 36
16 46 35
7 28 22
54 8 59
45 41 26
11 51 47
9 40 29
10 31 16
15 39 43
3 57 22
38 62 29
12 54 44
31 1 52
65 54 51
66 32 39
48 65 46
35 32 23
49 1 28
37 29 47
57 18 20
5 7 3
46 62 65
51 37 40
47 45 44
56 8 8
7 64 64
63 12 62
38 50 26
39 61 60
14 17 34
41 2 6
47 28 51
55 47 35
30 22 40
6 28 64
38 19 22
55 31 48
30 12 1
18 45 17
11 65 11
18 33 58
27 4 13
4 34 20
13 47 57
12 7 60
32 38 11
28 28 34
22 12 14
6 55 64
25 4 23
16 41 51
16 37 57
40 8 59
34 66 56
63 32 23
43 62 50
31 7 25
46 6 44
14 50 46
59 58 59
57 24 5
16 1 36
28 51 51
44 64 44
35 25 62
52 33 5
48 42 56
42 26 5
64 25 13
28 20 7
18 57 60
7 40 23
11 35 8
24 52 48
66 54 17
66 10 21
2 61 55
33 50 57
5 8 26
43 30 34
18 25 18
32 63 63
13 35 36
32 44 43
48 54 14
22 53 53
60 31 8
48 51 52
49 40 2
59 51 12
44 14 10
63 46 1
17 14 11
57 49 42
13 17 23
54 54 32
41 15 23
49 65 55
6 41 57
11 17 28
5 50 21
2 28 60
40 40 63
62 45 46
66 10 12
59 33 46
65 33 65
31 18 41
26 58 23
56 1 31
4 57 60
22 19 47
58 7 24
48 27 28
59 59 12
32 14 48
60 4 36
11 50 46
38 35 56
3 59 10
30 41 56
19 14 42
60 2 38
32 17 54
61 50 17
51 20 48
2 9 32
57 56 1
6 12 23
26 60 53
46 5 60
39 39 8
41 23 18
12 20 66
4 60 47
10 14 56
4 34 45
31 20 64
47 23 62
60 53 35
62 52 51
11 61 2
50 23 23
44 55 51
11 4 1
17 58 1
61 33 43
16 61 9
41 10 18
11 62 28
30 62 26
61 65 53
6 2 63
37 60 62
53 4 57
49 36 19
55 57 4
21 30 31
31 12 21
30 61 55
60 53 46
32 56 46
4 38 48
35 26 60
9 43 63
25 30 49
3 11 48
28 11 28
54 47 34
66 54 14
9 25 57
50 17 31
29 64 54
41 59 18
7 66 10
62 22 13
19 61 18
22 27 36
29 11 38
19 46 33
66 65 40
19 51 34
61 51 46
21 11 46
16 10 66
57 33 26
17 30 16
43 6 9
41 63 10
9 31 26
59 41 61
56 65 65
28 10 33
51 2 34
41 12 4
62 24 30
9 64 17
10 8 15
8 28 4
8 23 55
40 10 66
19 15 26
23 40 57
63 41 25
42 59 61
9 45 53
42 50 31
41 56 45
8 49 6
3 27 33
15 4 7
43 44 14
25 39 66
24 63 32
6 36 37
40 13 21
24 14 5
23 60 3
51 52 3
37 11 27
28 52 45
63 44 36
48 63 37
17 55 54
35 47 38
34 45 5
47 19 31
2 22 18
56 34 30
48 11 39
65 26 49
25 53 49
31 8 33
32 60 32
33 47 56
35 35 16
44 1 1
51 61 7
20 1 37
31 44 48
9 24 14
18 16 22
53 62 45
54 58 61
13 34 17
42 45 1
18 20 3
42 16 57
3 6 25
20 11 64
12 45 61
41 40 17
24 5 35
32 46 42
10 51 66
3 1 54
58 53 45
23 10 23
39 3 30
32 62 47
45 36 30
53 44 24
35 38 33
45 16 31
12 61 8
49 39 42
12 42 17
38 24 24
53 4 49
47 22 18
1 38 12
21 33 23
54 4 37
34 22 20
33 54 63
2 9 56
42 52 22
3 11 59
34 21 63
39 32 44
25 36 59
17 50 1
26 46 56
36 47 55
6 14 46
64 55 61
8 39 16
26 18 47
8 20 7
7 29 66
50 36 4
27 33 60
28 46 52
1 49 57
55 59 35
38 52 12
2 48 58
49 55 7
4 55 13
20 13 11
14 65 25
10 39 16
55 27 59
15 55 14
39 36 14
12 35 10
14 60 4
58 62 19
63 22 32
41 25 59
58 57 50
36 37 38
22 38 37
34 29 58
9 20 13
53 33 61
53 39 58
2 63 15
10 58 32
58 38 14
11 35 36
10 66 8
38 46 47
22 8 45
66 43 24
52 13 26
41 25 55
44 45 17
21 26 55
61 54 36
47 39 7
52 2 62
45 25 64
51 28 58
16 23 65
65 3 53
55 41 8
62 5 62
11 6 62
30 47 14
2 8 44
42 45 24
10 50 17
37 48 63
62 47 26
12 43 61
16 33 11
32 21 58
3 43 11
6 39 34
57 52 8
38 6 34
16 19 49
39 47 3
7 58 33
21 60 30
41 2 16
48 50 35
14 26 32
40 36 40
56 59 49
50 47 27
34 53 59
27 4 12
43 8 13
12 51 51
1 28 33
10 37 39
25 23 24
45 58 56
4 9 15
43 36 45
53 7 30
65 23 37
54 34 60
36 61 27
55 15 31
49 55 18
33 41 31
18 38 10
31 35 16
48 7 42
8 61 57
11 47 9
10 22 65
15 52 45
1 60 14
17 8 39
27 35 40
54 46 22
50 53 61
40 53 48
37 42 3
51 11 48
17 25 25
8 17 4
49 43 29
12 24 26
43 8 41
48 61 18
23 39 41
44 14 64
13 55 49
38 59 15
62 52 33
41 35 50
12 22 66
30 8 6
47 43 19
2 41 2
32 60 50
4 39 24
42 51 26
14 43 45
3 60 21
19 59 62
53 8 57
52 13 1
28 59 42
35 15 29
62 15 44
8 3 32
25 49 8
41 58 10
47 53 33
34 26 13
3 9 15
28 61 14
31 12 50
2 62 1
45 64 25
12 56 43
51 44 10
66 24 1
23 5 9
26 60 28
9 40 31
48 31 55
30 17 58
9 22 8
34 10 47
5 13 16
49 33 24
39 19 34
10 35 40
41 62 22
17 6 28
14 39 9
37 16 40
47 45 41
46 29 40
36 17 35
63 11 25
10 16 56
37 17 47
14 4 39
17 21 24
59 53 31
41 34 60
22 60 61
10 39 45
7 14 15
33 31 55
26 52 61
64 43 58
10 15 8
15 25 14
27 42 52
26 24 7
23 39 60
57 14 62
51 46 2
63 38 13
22 28 38
34 8 38
9 12 54
38 5 5
18 5 39
37 55 63
28 42 34
7 31 3
12 41 48
28 27 66
34 10 61
55 44 58
6 64 41
1 20 59
42 54 61
35 15 65
66 1 37
2 15 54
8 43 18
28 17 61
48 65 16
44 23 23
22 15 9
14 65 16
29 42 64
23 44 12
41 38 56
9 60 55
66 28 51
33 16 55
59 16 6
33 57 24
64 7 32
50 16 26
41 49 15
15 48 3
22 60 8
51 44 63
8 59 19
38 38 8
15 64 3
44 22 5
36 33 2
26 65 26
29 8 5
13 23 28
40 39 59
26 18 37
28 33 30
33 17 1
11 37 51
30 46 31
51 50 51
49 18 54
41 25 25
66 17 11
32 42 27
27 14 41
5 63 5
21 4 40
14 15 27
38 24 54
19 39 53
36 7 48
47 2 35
8 66 17
23 1 22
25 10 66
36 49 39
26 3 59
2 25 47
61 4 62
13 65 22
63 21 30
27 10 19
61 65 13
55 7 61
51 40 19
6 6 51
3 22 13
39 18 14
45 46 2
1 8 59
57 19 27
57 10 51
54 21 29
4 55 66
54 50 39
49 48 4
52 38 63
19 15 11
40 1 55
13 3 36
40 59 51
17 25 11
59 23 51
47 5 23
33 33 59
43 15 6
47 42 49
37 61 11
29 18 53
17 62 21
55 15 32
27 45 50
20 29 25
58 35 54
59 49 44
8 16 53
19 15 22
29 17 32
14 16 59
63 12 30
60 58 9
30 9 39
22 5 27
65 19 50
36 25 21
1 6 16
17 9 26
25 1 45
35 63 22
53 51 57
66 55 4
17 6 9
40 37 37
2 29 65
47 31 58
65 16 30
1 17 46
27 46 58
58 29 36
8 1 19
16 60 56
62 27 63
25 13 28
25 41 56
52 51 20
22 43 46
14 8 26
30 13 61
64 66 58
59 62 19
20 51 16
7 1 21
45 51 59
20 11 56
1 17 35
43 39 52
29 4 63
61 1 16
30 48 24
66 59 36
39 56 42
45 36 10
63 50 3
24 12 18
23 64 40
45 32 33
53 63 50
34 62 37
16 41 49
1 19 42
48 42 50
46 50 39
1 24 37
53 59 11
53 48 52
5 61 9
1 21 59
3 43 27
30 60 55
25 50 43
7 7 4
9 31 22
36 57 17
58 20 10
52 53 2
3 5 66
25 15 26
12 61 51
22 30 66
10 30 9
27 65 57
34 66 26
39 20 58
64 43 56
42 25 15
22 12 63
20 13 39
53 60 22
18 15 14
13 56 36
6 18 53
10 46 51
60 53 31
40 44 4
15 47 53
62 28 33
14 48 56
56 59 16
22 42 51
53 59 22
40 30 44
23 30 41
60 62 57
57 50 35
54 4 8
24 50 37
7 51 31
42 39 43
54 43 2
34 30 28
37 59 59
48 44 56
29 65 56
25 22 59
31 50 7
50 18 11
33 22 24
62 60 65
48 29 43
46 12 7
41 36 37
15 14 51
23 16 44
66 47 28
26 66 19
22 17 43
14 66 35
31 41 44
52 19 59
63 54 35
8 14 39
20 45 55
24 50 33
44 3 49
59 66 33
24 54 32
57 36 56
49 29 21
29 3 28
22 28 3
26 46 19
48 53 56
21 20 22
35 51 1
41 61 32
5 17 44
62 51 43
36 46 26
26 8 5
58 21 15
4 5 63
44 62 16
24 60 45
59 16 11
18 12 25
13 31 28
23 36 39
46 17 46
42 24 34
25 35 53
42 28 47
63 42 39
54 37 12
27 39 7
19 52 38
31 32 25
24 1 7
46 9 53
6 22 14
27 55 7
8 14 59
25 56 25
14 28 24
42 47 49
13 42 56
50 53 12
7 18 13
44 49 31
10 40 40
13 62 46
62 43 21
40 34 59
27 19 19
11 32 21
13 28 62
11 58 6
8 21 31
64 28 21
36 20 57
18 22 43
11 37 58
45 26 1
37 29 26
65 27 42
64 31 42
47 36 60
50 26 23
19 11 9
4 41 42
49 66 64
33 47 43
11 19 27
64 33 7
20 64 48
23 40 30
55 14 57
30 33 1
23 24 11
7 17 40
60 42 42
23 45 17
1 40 55
42 57 39
55 43 40
5 13 37
28 57 53
47 5 36
11 11 48
3 52 50
24 30 36
40 65 54
34 17 9
64 42 7
22 29 66
54 8 20
40 3 49
11 2 59
36 46 47
29 16 66
13 46 35
33 28 50
48 17 9
64 12 11
54 36 44
63 60 20
36 8 34
30 39 29
57 31 47
21 9 6
50 35 8
2 62 1
9 31 20
64 18 32
21 65 62
27 32 59
2 35 43
54 11 65
56 42 19
35 27 6
59 42 20
18 32 58
1 60 43
5 4 8
18 7 46
35 47 16
43 64 12
12 55 43
41 65 47
12 45 3
3 66 12
18 6 54
66 14 3
50 41 20
1 50 41
15 56 42
8 58 42
16 15 46
7 1 10
28 29 44
50 41 61
11 49 6
19 40 63
38 21 27
54 20 37
29 3 8
57 36 15
20 19 3
53 21 8
12 34 64
40 57 19
14 17 37
42 19 21
49 22 8
10 1 31
40 43 56
62 28 11
54 60 46
15 62 60
52 46 23
42 63 51
56 33 66
37 28 59
57 2 16
62 46 63
33 62 12
53 46 49
14 32 51
20 62 52
5 44 64
46 58 39
48 18 6
66 28 60
23 29 31
12 41 8
26 12 49
49 62 39
34 62 42
61 63 64
10 19 39
27 59 24
20 37 35
18 16 52
13 27 18
20 13 50
62 5 14
14 63 11
3 51 33
64 40 14
61 36 63
39 19 58
48 50 41
23 5 11
5 16 9
62 56 14
43 19 49
53 44 54
12 14 5
27 28 42
13 49 46
6 49 26
55 41 60
56 18 28
47 34 39
18 44 51
59 60 57
30 54 39
40 56 41
5 4 42
16 25 52
58 54 60
29 1 48
23 9 3
61 31 34
13 65 45
28 16 40
21 10 31
37 25 29
17 65 55
15 5 44
59 63 45
31 46 1
63 58 24
46 27 45
8 20 57
32 41 10
24 13 35
46 20 29
52 22 28
44 14 35
25 5 49
51 62 37
11 9 14
56 5 36
13 50 22
20 29 30
28 41 35
3 49 1
16 11 34
48 34 44
58 12 49
55 53 8
21 45 43
25 17 28
34 15 21
46 25 44
8 44 54
6 49 29
50 29 65
13 51 43
15 38 41
48 42 42
58 63 37
56 31 44
44 25 22
55 63 36
49 3 30
25 64 11
43 50 10
52 39 43
23 14 57
30 13 38
39 36 21
26 31 27
7 35 7
4 8 66
25 39 33
16 37 13
35 3 28
56 66 63
18 63 8
25 63 41
46 29 62
28 46 38
37 53 44
59 34 5
19 64 51
63 11 21
1 3 50
29 34 18
1 41 37
40 19 25
45 40 32
11 37 38
54 29 34
45 60 18
17 15 58
11 36 36
58 66 55
32 12 14
44 13 13
52 40 11
25 29 26
34 23 17
43 54 10
47 51 60
1 63 50
1 55 30
17 4 30
50 60 54
29 31 44
52 23 47
31 13 23
17 30 23
55 61 44
55 2 46
7 56 31
50 34 61
33 20 49
64 30 37
59 17 15
25 41 66
11 41 65
13 14 9
53 8 37
26 16 65
18 66 7
39 38 35
34 39 28
4 39 44
17 45 14
49 32 66
37 37 29
14 51 29
14 53 30
32 38 51
48 31 30
9 34 38
6 13 64
9 63 38
26 40 52
48 30 50
40 3 23
11 51 52
53 33 24
23 61 1
60 28 12
16 15 59
49 45 65
39 7 60
33 34 38
14 15 33
63 3 63
45 39 22
9 27 61
9 41 17
29 13 61
33 10 55
62 16 9
26 17 65
39 40 59
35 64 34
12 46 42
45 11 15
18 63 56
47 15 57
9 23 58
40 31 33
26 46 28
41 62 16
46 44 29
30 49 48
10 32 33
23 50 37
66 3 44
1 48 16
62 50 34
47 46 31
35 34 48
3 46 2
17 30 54
65 20 63
14 59 1
38 54 33
59 52 14
16 11 46
1 1 9
50 56 5
55 33 56
31 45 57
63 35 56
46 19 29
29 58 16
30 44 32
33 50 22
33 57 27
55 14 21
44 51 58
34 63 13
9 15 27
58 44 25
50 29 17
47 20 21
36 7 40
37 21 11
49 54 38
7 12 4
24 46 62
46 49 49
48 40 51
22 65 63
61 35 17
33 48 51
54 17 61
15 29 60
14 10 40
21 52 1
50 54 47
38 23 55
53 53 5
40 12 41
21 3 57
25 36 57
15 38 60
25 45 57
47 20 3
42 43 35
60 48 43
34 1 60
59 15 47
66 23 22
29 29 44
9 5 16
54 57 24
57 46 20
15 34 66
8 36 63
36 56 25
66 32 22
36 5 56
34 15 43
27 54 45
3 2 8
47 5 2
46 10 6
5 7 50
15 44 30
32 22 44
1 57 19
45 29 15
9 31 35
54 24 38
22 7 13
5 37 30
5 17 19
25 66 66
53 7 47
55 37 23
11 15 40
61 1 24
35 48 52
61 19 26
14 61 3
36 64 66
32 12 32
21 24 59
32 19 41
43 10 65
14 16 46
63 56 11
31 61 16
6 48 14
42 62 54
6 41 10
7 61 41
18 20 36
12 54 13
25 19 50
65 55 27
56 43 57
53 29 42
53 59 37
41 46 9
36 23 45
64 42 10
3 23 5
33 44 2
56 56 50
21 15 36
35 28 30
62 39 45
42 42 64
66 41 43
52 52 41
1 4 19
43 39 22
57 14 45
31 7 18
32 49 43
27 26 45
26 18 6
63 28 21
65 14 50
29 21 44
6 60 59
41 18 29
2 21 13
17 51 6
23 29 21
42 31 48
54 15 44
54 22 38
43 6 53
9 1 12
4 15 34
11 63 34
54 23 64
2 37 27
51 9 58
35 40 16
44 32 22
56 5 47
42 56 38
58 9 29
41 66 53
1 22 44
28 51 4
23 20 2
59 7 1
64 44 20
27 49 66
34 9 31
22 48 2
47 58 45
63 40 46
45 33 29
49 13 26
64 39 40
65 7 39
26 28 25
5 34 61
63 11 61
23 57 61
28 7 45
46 51 38
23 24 18
33 32 40
30 37 35
43 62 49
8 52 43
13 49 44
53 55 10
41 28 3
63 28 13
58 50 32
55 49 50
56 58 41
48 64 27
44 34 1
53 31 18
33 31 17
62 60 59
29 9 60
53 55 49
22 21 18
46 20 52
65 62 65
9 17 7
14 19 11
37 2 15
57 23 40
50 5 14
42 42 59
61 15 11
55 48 2
47 49 42
54 16 51
21 27 59
16 60 12
11 23 16
12 49 50
22 43 65
5 25 21
51 66 15
55 6 33
27 64 8
52 36 6
31 7 38
25 24 37
15 39 43
48 4 53
21 66 7
48 15 55
33 60 59
40 34 61
17 26 49
20 27 50
20 54 44
15 48 31
13 63 59
22 11 23
42 4 5
35 44 8
46 16 39
24 18 8
35 61 24
29 57 49
18 15 16
7 64 35
1 41 23
57 27 8
13 5 28
50 47 14
64 29 23
20 18 33
43 40 13
34 21 1
10 48 54
11 30 23
63 45 15
57 24 8
55 39 4
19 17 25
41 29 13
22 49 4
57 66 27
1 61 17
59 3 19
21 54 1
19 46 1
25 18 31
17 45 57
66 46 11
45 31 33
12 35 9
19 61 26
63 9 62
43 10 24
23 35 19
32 40 23
59 28 17
28 53 43
21 54 40
11 8 41
29 39 64
9 57 39
47 28 30
43 13 24
7 29 20
15 50 29
44 44 20
31 33 5
31 17 20
30 47 65
29 18 15
41 25 37
55 38 4
23 66 63
7 36 53
13 5 13
19 19 23
27 48 11
10 17 26
12 43 35
2 3 3
17 9 44
32 11 23
15 30 18
56 40 39
19 13 28
1 40 38
39 6 49
11 50 62
23 25 47
8 59 63
37 45 64
6 36 41
44 4 20
44 42 15
48 32 8
16 24 45
57 35 19
33 13 3
12 41 42
16 35 60
13 34 42
55 28 57
42 65 18
1 43 17
24 49 30
61 46 8
43 46 24
59 28 20
48 52 30
31 52 39
63 26 24
64 56 65
19 17 36
58 29 22
41 8 31
19 46 10
55 38 13
40 16 5
41 29 30
55 42 22
34 62 7
29 60 54
7 39 52
45 24 30
6 52 17
5 55 42
31 55 13
12 41 40
49 1 21
34 30 63
58 43 40
44 10 54
43 10 10
65 1 60
2 38 30
33 9 16
23 23 32
15 64 23
8 13 13
52 47 37
18 27 25
63 49 4
26 21 50
1 31 17
62 10 25
66 59 13
46 37 60
12 32 36
58 48 14
58 43 39
59 50 36
62 64 43
50 28 64
33 34 56
58 38 60
5 30 51
38 62 43
38 12 24
62 39 53
27 37 66
39 2 3
63 33 32
58 46 59
15 44 29
50 53 40
19 18 60
44 34 10
39 6 1
44 43 65
48 48 41
57 47 33
4 43 48
1 58 13
6 21 6
39 47 29
47 7 45
12 16 27
24 56 23
51 37 38
35 21 60
6 33 9
58 63 4
32 50 8
46 46 2
7 34 6
11 16 45
9 4 3
29 18 37
43 64 52
56 2 30
66 39 39
28 11 8
59 22 61
64 66 46
46 62 48
64 47 54
20 63 11
2 63 42
20 20 26
50 5 3
34 23 16
30 16 12
64 38 39
8 22 62
17 28 17
20 25 27
43 46 2
46 26 2
46 21 18
10 12 46
12 25 16
6 49 49
11 2 60
43 48 12
44 42 49
2 16 33
11 56 16
11 29 34
12 5 40
51 44 54
52 50 48
53 66 42
61 11 18
28 32 22
40 58 4
8 48 30
57 46 37
60 24 23
20 16 53
28 38 22
65 61 4
54 6 65
10 10 10
4 24 11
15 38 58
17 5 51
30 38 12
18 20 11
22 9 34
17 35 64
52 2 8
58 26 2
55 28 33
53 61 25
5 42 41
36 57 5
53 47 11
28 44 40
5 43 65
3 15 17
65 61 43
39 43 61
63 32 65
35 60 49
43 31 26
34 10 20
37 61 46
58 32 65
65 11 33
26 7 59
60 39 17
8 18 48
21 28 50
43 11 50
40 47 29
38 9 30
13 20 60
64 55 42
14 44 66
36 48 17
46 5 27
17 14 17
6 37 38
8 7 20
24 14 16
42 40 10
49 20 27
54 31 15
6 32 34
57 32 44
59 29 55
41 12 26
5 58 41
62 16 61
6 57 61
8 32 61
54 6 14
36 44 33
8 44 2
53 16 25
49 65 59
40 48 13
50 20 63
57 12 22
19 2 41
35 44 36
37 63 61
4 57 62
27 1 15
57 1 50
20 59 63
24 51 47
49 32 33
65 29 35
27 59 30
31 40 2
27 59 34
18 58 53
37 13 23
13 59 23
33 9 53
13 40 42
64 54 44
13 10 14
65 43 30
24 23 3
31 47 22
53 63 64
5 11 61
5 29 54
9 19 25
16 11 46
23 51 16
54 59 51
38 8 16
7 66 50
16 64 65
36 37 13
21 1 57
26 7 52
18 57 50
23 23 58
48 31 2
30 43 60
42 59 66
6 36 7
22 39 19
9 6 57
25 6 11
45 21 17
49 24 57
8 30 45
52 3 52
42 55 64
47 18 55
13 4 6
27 4 51
21 51 42
8 4 4
24 40 12
40 48 62
33 10 33
58 32 49
33 32 32
66 31 11
8 19 1
53 54 25
6 14 56
49 46 16
55 58 34
23 13 8
17 66 44
6 53 47
30 23 46
19 60 43
24 40 2
33 19 65
36 54 1
4 6 44
32 42 51
40 32 35
64 47 62
5 56 33
14 58 37
17 5 9
48 26 51
25 45 11
54 10 19
47 13 27
20 15 5
6 57 61
46 59 24
48 61 28
17 8 10
47 45 17
59 61 53
29 35 51
31 21 25
10 37 58
7 51 63
4 64 19
33 57 21
44 28 45
54 44 36
13 49 33
16 7 31
9 13 2
25 15 28
16 17 53
27 17 40
17 6 20
19 24 5
26 62 66
14 16 31
56 62 49
62 26 59
22 27 27
57 32 29
61 39 5
30 45 33
45 53 3
54 46 65
18 37 2
60 35 44
13 2 33
46 54 38
17 64 36
33 38 32
36 29 29
63 20 20
52 29 65
20 35 66
56 7 3
6 14 34
32 38 60
33 30 15
50 47 52
53 48 7
62 16 51
49 66 44
18 40 7
11 27 16
27 61 17
48 13 4
24 18 18
35 16 27
43 17 16
1 2 46
57 15 44
37 40 55
2 6 63
7 14 37
35 33 11
43 48 60
22 38 38
11 37 64
18 20 17
31 40 25
27 52 10
31 40 52
13 29 13
54 34 29
27 6 30
49 16 4
50 42 28
21 42 33
26 27 26
8 10 62
24 58 1
42 64 50
50 34 55
56 15 52
30 8 25
1 36 18
12 16 20
44 50 58
43 2 22
17 39 2
57 36 6
43 2 2
7 8 24
36 57 26
48 17 35
14 6 21
1 38 1
2 62 47
34 44 29
51 39 31
63 24 47
16 60 62
42 59 26
23 41 58
60 57 31
36 30 26
14 13 31
63 61 56
5 64 61
16 65 19
56 57 44
65 61 65
26 58 48
32 27 55
27 50 28
59 31 59
33 14 64
55 30 7
42 9 49
5 62 64
35 9 7
28 38 30
18 26 50
6 26 23
11 7 66
8 28 7
45 47 63
64 54 10
2 31 3
52 50 28
38 55 5
14 40 38
50 51 60
59 10 27
40 45 25
27 57 60
13 17 44
24 5 35
65 31 11
9 6 15
24 40 45
43 30 10
55 19 42
9 27 24
59 55 44
32 22 64
5 25 27
1 60 62
48 50 33
22 25 24
48 32 27
35 6 54
38 39 57
47 57 48
52 23 54
63 63 39
4 45 35
23 37 1
30 51 13
16 16 19
28 53 66
8 9 25
26 62 54
37 10 40
17 12 59
31 2 31
39 21 60
41 50 44
21 25 66
54 23 16
13 32 43
5 32 2
52 4 52
32 2 35
47 7 43
46 10 62
27 5 54
40 12 55
10 54 40
47 57 64
13 29 1
11 38 16
50 6 57
63 19 3
8 26 1
41 44 1
46 61 52
35 1 26
16 37 45
64 38 19
27 3 23
40 59 42
4 58 59
35 32 31
38 4 51
52 60 62
34 8 16
37 60 45
47 32 64
61 44 36
32 20 28
35 65 44
6 45 7
60 29 31
57 47 50
9 48 17
45 21 1
40 21 30
58 42 29
15 6 42
54 29 26
10 16 20
33 50 12
56 29 34
23 7 22
66 35 11
50 22 28
59 49 62
20 44 4
18 4 23
3 40 26
63 47 45
37 42 7
32 28 2
32 11 55
23 18 42
57 53 18
50 61 65
53 38 26
14 42 27
49 59 24
28 44 52
64 37 13
33 64 61
16 66 14
10 5 41
38 52 25
48 32 58
36 29 65
32 9 25
57 1 48
50 59 10
49 7 59
64 19 14
23 38 29
34 14 47
23 47 66
6 1 59
12 63 41
14 8 16
13 66 39
1 29 55
15 34 18
44 62 25
54 66 39
14 22 27
43 11 52
7 38 63
12 19 60
47 35 63
10 18 29
9 18 28
61 46 47
29 52 38
51 10 49
5 21 47
40 17 60
10 19 4
63 32 19
25 21 1
27 28 54
49 25 54
53 61 56
35 49 65
31 11 20
23 6 30
57 41 37
12 21 13
12 56 55
41 48 25
3 28 19
28 28 26
13 29 16
1 57 3
64 1 32
32 54 14
20 45 56
61 57 62
15 16 6
31 65 61
39 36 15
37 21 58
50 47 9
10 33 20
42 11 20
25 33 47
44 14 24
34 45 46
53 9 5
19 34 51
54 36 58
4 34 59
34 48 7
39 24 35
60 39 54
54 64 66
13 56 39
61 66 17
62 51 19
9 21 60
8 18 36
23 11 5
15 38 9
15 57 2
51 21 18
60 24 32
37 33 14
59 31 55
40 22 43
55 23 50
20 53 34
48 8 34
35 50 18
25 36 4
57 21 42
36 39 17
46 37 64
33 58 4
21 12 66
22 35 40
13 55 8
41 8 7
24 37 20
52 23 51
47 29 28
53 62 3
27 59 39
40 7 7
39 14 54
11 57 19
25 13 25
51 8 33
22 34 24
17 12 52
23 1 37
16 27 7
45 27 64
8 44 51
60 44 64
5 51 4
58 27 59
43 16 4
32 66 56
35 32 19
28 43 59
30 16 33
44 62 44
8 3 58
5 17 19
9 65 63
9 3 63
26 54 2
57 15 52
35 22 12
48 56 1
53 21 53
22 63 25
27 31 48
23 66 38
26 62 49
24 36 57
46 56 54
46 24 42
15 58 6
3 43 12
41 6 56
47 7 17
21 38 61
15 46 35
58 38 12
20 44 30
21 27 54
48 13 1
1 37 32
5 27 34
38 62 33
21 19 62
18 57 1
8 8 14
58 3 20
34 50 48
15 48 16
35 46 61
11 40 26
60 49 23
11 36 58
37 3 14
35 31 2
12 22 48
28 14 34
15 44 3
58 32 49
48 34 58
13 49 33
46 40 44
49 53 33
39 3 25
56 51 36
3 37 57
51 43 64
53 16 49
7 56 31
63 7 10
61 20 7
9 14 11
9 18 44
43 4 19
25 65 45
51 49 63
60 41 17
55 41 27
4 54 12
55 28 52
28 21 35
65 50 40
57 54 41
45 7 42
44 9 40
4 54 35
36 35 18
22 21 53
13 25 27
32 27 40
48 61 4
7 20 60
61 10 32
9 26 28
15 2 35
34 64 56
33 18 43
43 65 8
9 52 2
13 25 51
9 2 32
15 51 46
36 29 30
5 13 50
30 36 31
22 2 6
10 64 58
53 8 54
10 51 2
17 45 11
20 62 45
60 24 58
4 4 2
28 44 1
26 61 57
9 30 30
31 3 45
52 11 24
52 43 52
61 16 35
44 41 38
18 47 13
15 7 50
35 5 21
17 33 2
37 35 47
62 25 64
61 65 22
9 12 63
41 47 19
12 16 34
61 31 6
5 4 32
58 53 2
33 66 13
56 29 9
50 41 64
58 34 61
29 46 56
64 25 13
18 12 47
6 62 39
66 52 65
48 41 48
19 36 56
35 20 38
19 16 48
61 29 65
7 51 35
3 25 3
2 15 9
13 2 49
55 17 53
24 32 15
23 43 12
40 32 19
9 41 62
26 49 35
57 43 60
2 7 46
8 31 60
40 59 21
27 45 25
40 18 65
6 59 63
51 37 32
38 40 39
22 19 43
26 17 17
23 37 7
1 28 44
5 20 3
19 23 25
26 8 58
9 31 56
32 21 12
33 11 10
60 40 42
25 27 17
26 33 3
10 2 38
2 55 21
4 31 49
52 54 7
57 54 7
24 48 52
5 6 38
42 22 63
42 35 39
51 52 53
12 16 18
55 35 39
2 43 24
58 8 27
25 45 58
55 57 51
43 7 9
62 39 54
59 11 37
12 41 28
14 39 35
37 10 34
3 57 38
35 46 37
22 60 23
39 51 51
8 11 13
57 16 11
55 1 22
43 1 8
7 35 11
54 48 40
14 50 1
38 41 18
29 50 20
7 30 18
20 46 1
8 20 15
7 52 49
58 45 11
8 62 44
61 31 2
45 9 22
30 17 2
50 63 12
34 17 66
18 22 11
44 16 52
66 19 30
22 15 27
42 63 46
29 60 55
51 49 51
40 57 45
24 49 22
52 20 46
13 32 47
60 58 49
25 5 23
23 52 58
51 48 32
18 11 31
8 62 59
9 50 43
32 15 27
16 16 59
64 11 64
50 10 6
31 3 2
16 1 4
12 42 1
33 61 38
3 29 18
2 52 10
48 47 15
44 27 38
60 15 51
31 63 43
58 48 37
34 66 26
59 63 49
34 43 31
56 53 35
55 51 19
11 16 41
49 1 59
2 46 9
36 30 24
63 64 49
3 62 26
2 21 56
41 56 66
55 51 11
15 33 5
19 42 30
65 29 24
51 5 54
47 66 65
7 57 8
39 48 48
64 52 42
21 5 54
45 61 27
53 37 42
36 55 41
33 39 14
22 26 48
26 4 10
50 23 19
17 66 42
28 1 19
64 55 18
54 64 22
42 43 19
44 3 36
25 32 45
30 52 12
30 16 66
20 49 56
45 24 44
5 55 55
60 16 21
29 53 6
51 56 5
44 62 6
57 57 34
31 40 51
52 41 52
66 7 9
6 26 23
48 53 31
57 41 45
63 35 31
64 3 54
52 7 42
45 44 35
5 59 61
47 11 18
59 1 65
6 31 57
55 18 22
7 4 7
9 34 38
54 51 3
1 28 44
21 24 61
1 33 58
64 61 43
21 38 40
48 44 6
6 52 7
19 51 45
2 64 1
14 17 58
63 7 21
38 50 45
21 53 22
9 42 65
54 35 29
8 39 46
20 17 16
44 52 65
40 5 33
20 56 42
58 24 29
55 62 26
8 44 19
49 19 16
1 57 58
28 30 35
32 43 44
15 48 61
21 55 57
4 31 13
32 6 20
12 2 11
1 53 35
40 18 20
56 66 30
5 33 21
10 46 56
30 44 63
59 6 38
26 33 30
19 41 23
18 9 37
31 11 37
21 8 65
24 30 1
39 54 43
13 16 9
12 41 6
56 37 38
56 32 66
8 30 37
34 34 22
53 61 11
1 63 2
45 44 13
34 37 3
63 34 62
46 14 33
64 57 47
66 46 41
23 20 23
15 37 6
43 19 53
19 23 53
1 12 9
47 6 18
5 35 33
61 24 46
9 8 55
46 52 36
30 19 41
33 21 3
60 60 60
50 26 55
28 27 19
53 57 19
7 13 41
59 40 7
33 20 20
60 51 6
51 20 5
48 50 46
58 32 65
14 60 9
48 40 9
60 38 7
21 41 38
30 8 5
1 58 41
6 62 4
57 38 44
22 55 10
64 58 14
65 8 27
60 29 37
40 51 18
44 39 7
47 4 39
19 9 11
44 37 19
4 24 34
28 14 19
17 25 41
26 15 63
27 3 51
44 2 33
26 46 61
11 37 65
63 49 43
9 7 66
26 27 65
61 31 58
32 49 53
42 18 31
32 57 48
10 15 45
44 2 30
45 52 38
15 42 12
12 7 5
32 17 36
11 3 53
53 34 23
44 24 14
21 58 58
11 63 9
42 46 28
52 56 42
28 47 29
8 64 48
3 7 12
4 63 54
22 39 31
16 9 15
31 46 2
47 7 16
61 24 14
20 11 39
23 43 25
53 7 24
7 6 56
22 20 39
52 11 19
6 59 26
45 2 55
2 2 49
28 36 60
26 18 55
18 30 37
18 46 12
12 58 45
42 36 42
46 40 32
2 50 32
51 46 61
30 45 51
58 20 56
4 34 39
24 63 29
26 52 57
53 16 7
22 44 11
34 20 50
3 66 1
46 42 52
28 18 43
18 34 30
44 12 19
62 49 29
62 66 58
6 60 51
2 60 54
46 27 15
62 47 57
62 15 24
33 39 16
45 57 46
61 66 40
15 53 40
28 33 45
34 29 19
53 4 53
1 16 7
49 43 58
52 40 31
19 39 58
34 14 45
4 4 38
44 17 49
32 53 65
53 41 31
65 27 55
59 4 57
66 11 45
27 25 11
3 27 47
61 45 40
24 47 32
56 51 33
47 61 55
42 57 15
22 48 29
40 55 11
22 54 42
65 66 26
10 45 40
5 66 65
58 23 32
11 58 1
48 41 52
17 2 58
26 43 44
55 18 64
3 37 42
55 45 15
8 64 36
6 54 15
45 17 52
18 14 3
22 26 8
3 23 56
54 35 35
16 32 25
15 18 6
47 16 5
46 34 61
63 8 10
64 64 24
3 43 54
6 45 61
61 63 37
22 60 1
27 6 34
65 26 3
47 40 20
62 50 59
19 20 14
21 42 20
1 41 19
13 51 45
12 35 12
6 19 42
5 28 38
22 32 21
47 26 21
17 59 43
37 62 40
62 35 3
25 1 29
5 48 1
19 42 16
20 62 35
3 25 40
16 18 26
2 37 34
25 14 15
52 36 32
58 27 40
17 1 66
62 26 22
5 43 53
5 56 50
42 60 30
65 39 36
44 19 46
37 34 15
38 57 41
59 12 51
29 33 27
16 54 37
23 52 18
29 47 56
40 34 14
53 38 14
16 51 18
15 45 64
29 23 9
5 24 14
22 18 54
15 15 56
42 56 58
61 37 35
63 15 40
5 21 32
59 30 8
23 30 50
31 11 23
17 52 37
60 56 41
3 5 19
5 41 47
31 31 5
50 4 30
7 19 19
49 13 6
2 43 18
52 40 38
3 36 11
64 57 14
30 5 2
8 29 64
60 6 23
66 58 21
24 15 42
6 30 37
17 63 59
9 12 23
39 60 30
20 29 54
11 49 44
43 38 66
33 36 37
31 14 30
40 52 30
3 31 22
62 16 21
43 40 21
35 6 5
12 35 59
14 62 39
10 12 53
29 4 5
26 31 5
57 17 19
35 52 38
11 44 44
63 63 43
15 24 30
14 3 36
36 35 61
58 49 46
2 28 38
2 65 12
64 55 18
56 52 43
47 6 5
35 60 55
42 6 20
48 44 21
39 23 49
2 45 20
5 28 24
66 18 45
14 2 11
7 39 52
28 57 18
7 57 37
52 16 5
25 58 7
45 7 28
44 65 56
3 6 27
43 55 5
32 41 52
43 23 16
63 22 33
63 62 52
20 5 12
27 26 40
58 1 39
42 32 51
37 9 32
3 41 39
46 32 7
49 21 32
36 62 20
50 60 26
30 19 35
33 17 55
54 36 18
34 30 23
65 60 44
10 33 65
19 54 20
65 30 50
51 51 50
39 23 28
57 1 45
42 63 55
17 63 23
65 43 53
64 66 59
21 57 5
48 46 31
48 35 63
15 64 33
39 61 48
3 44 41
58 30 33
13 20 52
8 62 25
16 17 43
10 52 3
37 20 64
29 47 59
5 65 34
35 13 62
48 60 39
23 63 54
11 4 40
8 60 10
43 5 41
41 60 6
11 37 25
33 54 36
32 36 28
8 62 49
55 1 52
29 14 61
38 18 30
61 56 13
44 34 45
18 7 16
11 1 33
23 14 17
50 56 25
32 22 56
30 7 25
3 37 37
4 62 37
7 1 65
50 4 55
42 15 25
53 44 42
21 27 9
27 64 46
22 16 4
25 65 7
48 62 51
16 53 25
44 53 31
24 52 10
48 41 57
40 13 26
33 26 57
59 9 34
12 38 56
25 20 50
62 60 39
29 45 58
54 13 61
35 26 66
7 38 39
26 32 16
61 49 63
51 12 41
54 37 27
4 32 2
44 21 50
26 5 14
49 26 7
34 33 6
65 1 42
16 10 63
27 16 51
66 26 61
23 49 19
11 10 10
45 11 4
23 63 6
63 25 55
59 26 37
46 46 18
42 37 42
7 63 61
12 16 55
46 5 22
25 6 24
11 11 34
16 21 47
35 62 64
55 43 4
15 52 63
12 8 50
57 17 52
2 25 54
66 20 46
47 1 64
33 28 58
10 22 5
17 60 65
11 4 4
26 44 31
33 56 40
61 22 21
46 40 60
52 61 62
44 6 31
31 14 8
8 44 14
49 50 58
33 17 46
42 12 14
41 54 65
21 7 6
27 20 65
55 52 5
31 13 19
17 51 9
42 30 13
32 25 8
10 11 44
42 39 16
10 46 7
62 20 52
10 65 8
6 3 17
32 21 49
12 66 47
24 19 30
48 37 32
24 47 13
55 21 61
10 62 59
62 11 35
42 59 27
2 55 51
40 26 13
56 53 19
54 59 12
21 37 45
39 43 9
32 49 41
65 47 53
61 28 39
28 44 30
27 41 35
15 53 53
61 32 28
48 37 66
53 22 55
61 9 23
33 58 25
14 62 55
2 7 29
66 5 27
55 15 14
13 13 44
2 55 26
28 9 15
56 63 46
51 28 48
1 36 6
16 65 66
24 48 46
16 57 43
31 34 47
64 25 34
28 31 17
15 3 31
27 51 46
33 18 15
2 31 19
15 16 60
11 59 44
13 7 21
33 12 63
63 21 46
16 19 40
30 4 40
44 23 42
39 9 6
10 56 49
58 33 1
10 60 50
25 8 4
61 35 34
27 35 4
61 41 66
7 46 52
13 40 23
28 59 10
22 16 39
21 55 65
14 13 41
46 31 15
51 55 49
38 12 25
61 4 51
61 18 14
35 36 15
49 57 9
2 20 15
60 28 29
50 4 2
6 21 25
33 45 23
9 38 18
4 64 13
61 10 46
16 39 28
16 58 62
20 10 44
37 45 31
40 29 63
47 45 5
21 21 5
61 1 44
28 61 58
4 26 58
49 47 30
63 21 55
64 51 61
66 64 46
42 5 25
63 40 62
63 50 10
5 42 23
20 41 25
49 42 38
50 57 15
59 1 26
54 42 27
43 31 42
36 59 59
17 26 19
26 1 54
39 1 45
6 50 13
53 54 66
12 44 25
46 30 1
7 23 57
26 37 9
3 24 28
13 40 56
16 57 37
56 56 11
54 18 28
30 2 34
13 60 26
54 5 26
33 20 1
3 18 9
43 55 32
4 62 11
16 4 31
64 32 44
12 7 17
38 60 16
29 56 62
23 53 66
49 47 60
55 60 4
48 12 44
43 51 39
37 42 5
17 52 14
49 34 19
15 28 56
59 40 36
59 45 44
33 43 65
53 8 21
36 57 12
50 11 41
55 61 32
9 41 18
1 22 47
59 54 40
7 54 24
48 41 22
63 48 30
24 12 20
37 6 13
2 13 41
45 6 58
23 30 30
40 7 63
49 42 21
27 57 24
36 66 17
38 63 39
13 30 9
30 65 64
52 53 25
35 54 42
43 64 15
55 47 14
30 63 57
10 40 56
4 3 23
7 36 42
24 31 22
5 29 7
36 42 40
34 23 6
26 30 6
12 2 29
44 17 15
23 61 14
66 23 21
57 22 9
38 56 60
22 49 63
19 30 35
54 66 42
48 28 50
46 50 16
58 22 10
38 28 46
3 18 44
35 1 25
19 53 5
2 45 15
57 31 52
61 8 51
44 58 44
53 48 30
46 12 1
62 13 53
19 16 12
6 55 47
64 9 48
49 11 60
61 50 61
18 59 11
64 40 24
36 16 37
32 9 12
7 36 27
65 48 25
46 52 39
23 38 46
2 43 29
31 64 52
26 33 42
43 48 31
54 3 53
47 60 35
65 19 66
38 19 18
26 7 65
45 3 27
49 11 53
56 49 51
51 51 40
33 55 44
53 62 53
38 13 38
65 5 36
62 11 24
19 64 10
15 22 39
16 57 27
44 43 58
17 54 6
28 29 18
54 11 34
8 5 18
8 4 62
4 26 31
55 32 17
28 48 64
9 16 28
49 19 26
33 30 13
19 25 2
55 17 4
22 22 39
62 33 1
49 50 56
10 63 34
59 21 19
28 11 46
32 43 41
12 32 11
15 11 37
2 32 12
56 59 30
1 3 51
13 54 18
53 27 58
61 32 30
56 39 55
65 35 53
62 47 40
57 44 42
11 41 35
9 34 54
10 37 11
62 22 5
6 47 29
42 51 34
47 36 34
25 34 53
34 49 42
6 19 15
1 32 18
45 17 16
34 4 49
42 30 1
14 66 65
66 2 4
15 38 20
44 31 65
22 20 29
56 14 43
34 50 15
52 48 46
57 62 2
6 34 56
10 41 56
32 5 14
42 1 15
11 62 52
33 14 40
24 4 46
20 51 27
5 30 51
8 50 41
38 31 1
42 60 51
39 1 59
62 31 47
48 11 16
35 28 29
29 4 1
44 26 47
54 13 34
63 13 24
30 16 20
28 22 19
17 60 65
36 63 14
42 11 37
61 15 42
32 56 13
25 10 12
19 11 11
36 38 32
1 13 16
48 4 37
37 9 59
11 35 59
59 60 38
12 65 24
6 10 43
62 28 21
45 25 21
36 46 41
65 46 16
14 34 55
62 25 48
40 64 47
39 10 2
48 45 39
19 55 49
29 50 14
37 12 22
51 37 58
9 58 44
65 34 21
10 15 25
66 23 27
33 41 18
7 62 22
60 47 50
66 46 9
51 16 63
13 60 25
18 61 23
41 5 18
5 57 39
15 45 28
6 25 37
34 28 31
33 13 36
53 54 21
24 44 41
36 24 59
9 45 42
19 6 51
3 32 55
52 9 1
64 12 58
55 48 28
11 13 44
23 25 58
32 43 40
54 47 30
33 4 26
8 62 16
11 31 38
26 20 35
44 59 61
19 48 16
23 28 1
51 53 53
34 38 26
25 9 16
1 38 54
13 62 37
26 52 55
29 45 34
31 52 48
47 4 50
28 23 14
24 10 25
53 55 52
4 64 11
17 32 25
50 25 57
23 5 10
39 39 3
1 36 47
58 15 7
9 66 5
7 11 26
15 6 21
61 39 23
10 54 39
31 66 57
33 53 29
40 6 29
4 30 10
33 23 64
39 38 50
32 55 33
61 40 47
11 50 8
24 24 49
9 33 18
62 62 31
3 32 39
24 10 24
60 7 37
6 36 1
57 16 59
47 17 15
41 66 31
41 3 42
32 57 14
57 35 32
6 8 27
30 22 2
37 16 41
11 66 57
5 59 3
44 36 20
44 8 61
38 12 22
54 12 57
51 50 47
33 40 21
50 2 54
61 36 56
25 62 40
13 47 56
6 6 47
44 3 5
6 50 10
42 11 16
32 10 42
52 57 28
23 39 54
44 62 19
40 57 36
1 29 62
34 4 21
45 29 56
53 3 46
31 47 5
8 26 6
37 53 62
19 27 41
20 4 24
42 3 50
40 10 41
57 36 52
28 64 11
21 55 41
5 55 6
6 60 23
22 59 28
43 47 43
52 64 63
59 51 48
49 29 3
61 61 37
48 17 29
6 10 6
46 14 55
47 41 55
55 63 29
42 27 5
56 14 62
2 49 1
1 31 53
56 26 37
30 11 29
14 17 53
64 10 10
12 39 32
66 63 46
62 48 23
26 65 38
1 28 52
58 13 24
8 7 1
25 45 50
31 30 66
46 45 54
42 53 25
28 53 18
63 12 15
60 6 31
58 14 61
10 1 54
7 30 1
36 40 57
16 65 54
40 39 3
60 38 10
15 16 22
10 47 44
56 37 28
56 16 12
39 54 41
15 9 3
61 29 21
41 4 28
10 13 60
7 1 13
45 50 24
54 36 7
48 32 53
17 64 63
17 32 40
6 25 4
3 26 34
28 32 25
26 12 61
13 20 12
43 53 21
13 2 64
34 56 15
35 11 10
12 47 49
22 46 7
5 34 31
50 44 34
48 2 58
64 43 13
1 36 6
27 33 10
31 54 23
49 59 63
41 63 2
26 20 60
19 56 15
58 37 33
28 2 63
65 11 50
5 47 20
30 35 41
61 47 6
44 63 47
46 46 46
28 27 36
3 6 23
50 24 8
31 4 29
32 30 5
18 61 39
42 50 44
34 3 35
40 21 11
32 45 40
63 9 27
3 21 21
19 31 58
51 33 61
66 31 8
1 45 38
28 13 25
39 6 18
9 58 38
10 10 7
30 60 54
64 55 37
32 36 20
1 34 4
18 64 57
58 42 33
10 9 33
56 20 55
65 21 61
14 3 49
2 27 60
38 22 52
34 33 49
61 63 19
10 45 7
38 13 51
33 47 45
15 56 1
31 60 16
16 12 28
66 23 66
32 18 8
52 61 62
23 61 45
20 50 11
46 47 57
25 55 25
17 56 26
57 23 4
60 27 14
32 23 36
3 11 29
23 1 1
28 14 8
39 12 52
26 12 33
57 49 33
11 38 17
45 23 22
20 11 49
45 41 33
5 46 53
14 37 64
57 37 1
17 30 23
14 48 43
61 14 27
44 42 18
33 49 8
17 50 17
43 1 42
28 47 21
21 16 22
31 47 22
7 4 7
31 40 14
10 3 9
64 30 11
51 7 14
15 14 12
31 51 8
15 62 40
54 18 31
28 47 65
53 48 49
41 7 2
22 37 3
24 12 46
20 12 49
6 24 61
20 10 10
6 14 47
48 40 54
35 45 8
38 10 59
66 21 28
20 52 44
53 22 12
17 62 59
16 10 18
33 27 10
6 58 40
38 18 4
11 57 44
64 18 42
4 41 46
45 45 29
17 52 66
20 22 28
64 15 60
7 9 2
40 60 37
59 55 39
13 18 49
59 61 11
52 13 59
65 66 56
20 42 38
20 51 26
65 58 6
46 38 47
18 49 12
34 26 5
8 5 30
23 34 48
57 54 50
33 49 35
64 63 5
51 58 37
54 30 20
4 55 34
53 14 4
62 36 58
12 42 41
10 25 49
60 66 18
15 36 32
23 43 52
20 45 29
4 2 2
46 63 63
51 37 59
20 55 59
13 29 60
7 65 35
16 36 56
14 27 58
45 63 57
31 41 62
15 2 39
11 49 47
55 61 45
30 28 49
33 7 7
3 15 39
25 26 30
10 11 30
51 49 49
59 1 10
31 6 58
11 12 11
16 11 27
52 18 43
54 2 13
55 60 50
47 14 36
32 39 13
1 3 32
11 36 9
59 20 50
31 55 11
17 42 29
47 8 45
46 65 46
11 8 63
53 66 28
54 35 58
8 12 17
44 3 4
38 14 23
63 49 39
26 47 19
21 17 42
34 31 53
13 10 25
28 44 31
42 5 42
13 53 21
53 18 16
54 58 26
62 4 44
1 22 44
9 46 16
27 20 14
49 58 19
60 45 19
34 14 16
45 1 64
61 61 36
33 24 41
33 11 46
22 44 8
28 46 43
53 32 9
49 24 28
43 43 7
22 3 41
27 7 27
56 56 51
26 48 41
39 7 18
14 33 51
1 35 43
63 39 62
32 4 55
53 21 37
45 46 18
39 44 2
41 25 59
1 57 14
50 34 4
43 58 29
23 48 17
51 55 29
57 13 29
13 15 41
11 31 6
23 13 30
64 64 13
48 2 20
63 60 6
52 23 61
42 7 51
44 1 15
58 14 25
12 56 41
34 66 66
49 58 22
1 4 40
62 30 4
55 9 15
58 40 26
60 46 11
31 7 27
60 3 28
38 28 38
6 44 48
12 63 61
30 38 48
60 33 20
54 62 1
50 58 66
25 4 56
30 42 42
38 29 59
8 14 59
26 16 22
18 40 14
21 16 20
39 51 51
42 60 7
5 42 45
47 33 21
9 58 12
26 27 33
61 31 4
57 3 64
38 14 57
1 40 29
1 56 36
42 45 58
45 54 34
13 65 4
50 21 26
17 65 61
26 22 30
34 26 7
35 18 52
5 11 45
37 18 8
45 56 30
34 25 19
40 57 45
11 55 51
24 26 19
52 19 53
66 16 32
42 40 62
9 29 57
13 30 7
66 39 11
55 6 31
17 19 37
59 2 20
47 10 38
24 52 35
41 3 14
3 64 14
64 28 9
2 60 54
5 23 50
21 33 32
31 45 45
32 13 57
5 32 18
16 35 16
18 37 19
26 30 21
47 45 11
64 58 26
4 1 39
13 45 55
66 44 9
60 33 16
12 64 2
25 55 28
46 63 54
20 60 35
6 66 8
47 8 27
12 58 33
7 66 29
59 28 4
28 8 28
25 12 63
37 34 61
66 63 28
63 33 30
62 49 40
37 31 62
9 36 60
42 22 29
13 40 48
22 64 9
55 13 11
9 46 9
22 13 13
62 3 43
61 31 5
25 17 23
64 51 48
2 28 38
30 55 62
23 30 3
21 40 54
33 35 58
57 2 41
8 54 1
19 49 22
47 48 60
44 21 33
6 6 32
59 1 17
16 42 26
51 4 24
11 1 42
8 9 26
20 38 45
54 60 50
16 28 34
6 63 59
51 7 1
34 18 30
58 56 27
63 2 59
47 45 45
23 59 31
48 66 22
9 50 64
28 7 10
39 33 9
65 4 14
40 24 31
12 32 55
6 55 24
23 2 6
35 26 10
35 1 63
12 16 17
46 61 10
31 6 49
5 36 65
49 9 24
5 35 39
54 3 23
17 50 45
58 20 59
15 27 24
18 15 20
26 41 11
59 44 63
51 13 2
30 15 50
62 14 45
14 27 11
19 10 35
40 27 55
29 61 52
9 15 12
46 52 3
61 53 19
36 52 23
26 56 27
7 3 29
24 2 6
17 34 15
5 36 15
47 28 64
28 26 52
15 66 25
24 45 25
56 39 30
28 16 38
66 61 9
62 39 62
20 56 55
17 37 58
42 64 25
20 61 43
60 11 28
9 49 7
2 7 57
28 54 10
14 46 66
13 10 58
24 20 66
18 44 48
8 60 53
10 35 29
30 34 12
2 63 4
41 40 41
25 56 23
36 31 63
37 62 60
5 59 60
9 14 44
46 28 1
21 41 39
59 36 26
43 28 20
16 57 21
19 14 40
6 9 5
41 18 29
11 28 60
16 44 13
17 37 63
15 21 54
28 22 27
28 60 41
62 56 46
15 58 59
48 33 6
1 11 41
20 43 3
45 55 52
47 61 64
51 61 7
62 47 65
42 64 43
21 30 12
65 58 9
59 20 41
19 34 8
7 41 46
11 26 26
46 63 61
28 51 28
34 35 40
34 20 8
21 52 13
16 61 20
33 34 50
39 22 63
