500
1 17 29
9 39 13
13 17 66
49 57 6
2 8 29
21 66 68
13 55 41
31 40 21
48 66 15
57 46 22
49 22 51
39 51 8
64 59 6
52 29 18
58 51 25
38 26 55
8 26 39
65 50 72
70 55 42
67 42 22
49 14 61
33 32 22
64 27 20
9 55 67
57 24 69
71 21 54
19 49 53
21 36 40
69 53 63
58 39 49
4 36 19
70 10 56
5 65 10
68 68 5
19 28 52
64 51 62
37 6 16
41 53 44
35 25 14
8 23 53
37 72 72
32 1 66
53 71 12
11 7 34
61 6 41
7 23 29
51 70 23
8 35 48
57 6 44
53 17 20
67 44 19
63 57 32
27 42 11
14 14 39
63 24 7
19 39 27
48 38 20
54 51 25
73 72 34
24 10 14
63 35 19
29 7 30
49 39 19
16 54 55
69 13 25
4 42 68
64 30 13
2 40 72
5 44 64
48 15 50
42 35 20
38 30 60
43 58 67
53 13 47
8 10 61
16 5 61
72 68 28
40 17 62
36 24 17
67 45 47
58 67 2
53 26 57
65 46 62
64 6 14
6 55 20
72 42 68
4 55 60
5 14 61
47 52 25
13 65 4
66 7 60
6 61 18
16 27 14
72 43 65
17 29 26
44 23 59
53 64 8
65 44 46
42 7 33
34 62 63
50 15 23
12 2 64
26 14 22
60 21 18
16 39 21
56 7 42
63 24 10
20 30 10
23 62 34
70 16 48
50 22 63
40 49 15
68 31 63
13 52 47
34 73 33
28 49 37
33 23 19
68 42 45
49 5 31
35 25 41
60 7 32
25 68 47
65 43 69
24 19 10
72 41 29
48 10 43
9 16 6
2 6 65
12 9 45
72 3 68
57 34 71
63 6 17
16 35 30
43 21 23
6 58 19
12 14 54
27 7 32
15 29 7
23 49 52
20 11 11
65 73 6
16 11 6
52 67 9
41 12 64
1 41 14
13 40 10
73 30 31
23 21 8
46 15 36
62 34 26
6 47 33
4 30 2
34 28 13
16 16 14
24 66 65
43 9 50
11 37 33
23 41 40
21 42 54
28 20 23
28 50 50
51 30 14
17 18 14
56 20 9
18 52 35
25 29 43
15 19 64
62 60 73
11 3 10
66 13 56
23 60 72
20 73 34
5 15 8
2 33 41
61 30 64
20 20 18
49 38 64
9 17 13
55 43 52
55 4 57
19 1 25
41 19 17
34 26 2
55 49 40
37 53 12
24 62 56
58 35 2
11 26 58
56 72 43
65 73 61
23 66 72
32 57 32
54 35 50
24 61 50
18 63 29
8 67 68
26 14 56
49 47 14
25 54 71
27 14 57
73 42 69
62 72 17
37 14 58
7 36 10
35 29 15
34 53 20
56 59 62
31 45 58
11 40 69
71 29 50
21 8 19
13 8 51
32 71 53
17 11 34
2 69 18
72 16 11
61 33 44
48 64 68
37 10 43
25 26 4
69 20 5
19 13 32
37 55 54
55 60 23
44 14 5
68 9 3
65 1 14
71 4 69
39 72 11
45 18 46
28 35 6
13 35 8
11 42 18
55 49 35
47 15 41
30 7 18
22 51 22
15 64 3
49 61 41
58 21 26
66 57 28
38 40 28
43 48 70
68 30 17
25 54 10
32 49 67
29 45 48
71 73 67
45 46 12
6 58 25
23 26 29
16 19 40
8 30 8
1 55 60
73 49 65
12 26 23
36 53 41
66 36 1
9 42 47
51 53 52
6 13 46
72 33 6
29 27 6
71 52 28
54 9 20
17 63 65
46 64 11
17 28 71
10 65 46
6 20 62
43 63 70
49 25 16
9 3 1
35 35 6
40 21 68
41 59 51
22 15 68
21 18 52
29 51 14
55 67 36
65 68 54
4 3 10
69 50 18
4 73 62
34 24 13
67 21 56
26 36 18
55 7 35
34 2 47
52 27 8
49 32 4
5 8 15
63 65 13
44 63 37
4 22 61
55 9 16
69 65 56
5 14 13
6 47 3
64 25 23
32 60 10
17 28 72
26 73 29
48 19 9
56 36 71
25 50 66
62 47 72
43 25 66
39 55 12
2 19 19
15 52 11
64 42 25
37 70 13
8 62 59
38 1 49
50 31 60
5 17 14
23 12 17
18 68 13
16 42 13
25 1 26
64 65 30
68 71 70
31 13 12
30 1 48
50 34 35
46 45 63
63 4 73
34 70 36
70 9 16
57 62 35
63 45 54
63 16 11
59 44 20
21 31 51
68 48 39
57 21 20
52 58 70
62 11 61
35 40 15
30 48 18
64 59 47
23 56 40
34 14 16
28 7 36
51 57 36
53 38 32
61 41 47
51 61 56
39 41 3
3 21 40
35 31 24
69 30 30
35 69 5
23 28 51
28 46 38
53 41 28
47 63 41
37 10 1
6 41 15
34 29 40
25 12 31
68 1 13
34 29 23
39 73 26
14 20 48
57 26 35
56 11 6
7 20 30
73 41 45
36 45 66
10 73 50
21 39 50
60 58 24
1 43 42
25 68 72
15 40 10
11 72 40
40 41 16
2 68 36
31 65 24
19 61 39
46 43 72
9 58 66
64 27 20
47 45 24
44 58 71
56 12 68
56 17 23
60 62 35
24 24 69
32 65 4
67 41 47
34 41 59
68 36 49
7 1 71
67 56 45
5 1 55
9 10 10
23 52 61
41 53 57
28 6 5
51 29 70
43 47 31
8 15 16
19 21 9
26 27 21
25 12 45
40 9 20
27 30 62
58 47 30
57 23 19
55 33 8
3 49 41
62 68 43
30 33 28
68 4 13
64 52 66
20 34 20
67 13 26
6 16 68
13 47 52
55 27 13
40 50 65
39 1 62
51 22 2
69 16 52
57 52 37
61 61 8
30 63 29
58 41 18
27 13 23
39 26 11
37 18 15
1 72 3
59 42 44
59 60 50
39 28 61
27 4 39
47 63 42
51 56 30
11 56 26
37 24 5
65 38 11
40 50 19
19 2 4
70 64 25
24 10 62
23 38 52
4 13 53
18 44 47
10 11 58
34 58 21
19 10 22
52 8 10
8 63 16
7 3 73
68 12 43
15 32 2
15 39 63
36 56 50
57 42 5
52 4 13
53 27 48
35 7 3
7 72 26
55 13 38
34 49 17
55 51 5
36 15 15
41 22 67
70 66 69
36 14 52
34 8 41
41 48 69
23 12 19
72 16 16
34 2 12
27 33 22
59 23 15
49 72 69
46 43 64
21 13 11
5 10 66
12 23 34
25 37 1
41 12 39
16 33 62
26 51 42
22 13 72
12 64 30
22 36 19
33 23 60
54 8 57
14 56 7
41 55 62
45 32 33
15 52 63
4 61 37
36 66 71
