500
35 21 30
14 44 43
22 9 23
29 26 39
1 37 36
37 49 39
46 27 19
7 28 10
24 37 23
27 29 20
49 3 24
17 38 41
44 48 3
32 2 15
9 17 8
42 4 23
9 17 4
21 42 50
2 48 41
32 14 16
34 4 9
8 17 37
14 6 36
40 37 46
8 10 42
12 2 36
20 2 10
36 47 40
32 34 19
2 1 36
36 33 18
18 49 35
24 30 12
11 21 41
17 24 17
20 43 34
26 28 44
18 27 43
26 23 6
12 6 44
48 38 32
20 11 38
22 22 10
21 34 29
50 4 26
22 26 6
3 15 29
28 38 1
48 35 42
2 19 13
37 20 35
4 8 30
29 4 7
10 2 15
45 2 50
5 28 10
22 24 50
42 18 6
43 33 6
20 3 3
16 29 5
21 25 36
47 47 6
19 25 46
19 20 42
1 20 35
2 44 21
40 28 47
6 48 43
40 40 43
28 31 46
15 34 20
13 11 22
25 45 15
44 30 50
2 8 6
13 47 45
16 7 36
16 17 14
29 36 44
8 23 3
7 23 23
25 39 15
47 49 16
22 20 8
1 1 32
2 34 30
18 17 37
20 11 25
7 48 35
9 26 25
1 3 18
13 30 42
10 11 10
15 49 31
13 12 9
1 37 3
2 37 6
31 36 3
41 1 4
19 31 18
46 7 12
32 21 6
14 4 11
40 20 41
45 10 46
6 31 3
35 25 27
28 6 25
48 14 43
47 22 6
44 35 3
48 9 42
16 26 15
16 27 36
34 21 45
4 12 9
41 24 28
45 40 38
29 48 15
17 11 13
33 11 24
6 10 26
39 16 36
10 41 36
36 32 4
13 16 48
9 13 47
42 20 29
17 42 48
45 26 3
1 6 39
49 43 33
26 22 40
8 20 24
5 15 12
32 26 27
21 48 45
7 48 22
8 50 1
3 11 47
7 16 6
42 2 37
37 46 19
11 28 35
34 8 9
1 27 50
34 11 16
49 14 13
13 50 12
23 35 16
36 23 36
36 39 14
22 32 17
39 30 49
2 42 37
44 22 32
44 18 42
24 26 3
46 43 20
17 37 19
24 31 5
37 28 41
34 43 28
8 40 24
11 7 30
29 10 29
29 38 14
26 35 11
6 19 29
32 38 34
20 43 48
44 40 39
3 7 43
50 32 42
50 41 8
12 14 43
31 32 13
41 1 42
35 41 39
2 48 22
25 12 1
12 6 23
13 43 9
47 5 12
42 10 9
26 41 23
14 39 33
11 33 39
23 49 3
31 40 36
11 37 6
1 2 29
43 8 34
44 47 33
47 30 5
3 24 11
9 22 20
16 15 22
31 31 18
30 34 3
5 35 8
13 34 12
41 43 45
41 11 24
40 3 10
39 4 23
15 44 46
32 39 4
29 48 32
37 23 16
46 36 50
41 9 16
1 6 38
24 27 33
19 46 43
15 23 2
37 8 13
25 36 2
16 8 40
25 35 31
35 18 42
10 12 10
41 34 44
11 15 39
44 5 50
38 39 22
12 9 26
27 39 28
32 47 21
43 39 25
28 4 13
10 19 47
9 18 18
42 41 23
3 17 28
8 42 14
31 14 28
23 14 46
37 13 34
36 37 30
6 25 48
41 44 27
34 2 45
37 2 3
18 6 25
34 21 43
15 48 20
37 45 50
6 4 12
18 21 2
2 50 47
49 15 49
38 30 11
43 6 9
30 18 3
5 50 35
19 3 16
50 16 47
37 13 17
14 30 49
28 3 34
33 47 7
37 23 40
39 19 17
4 9 27
14 10 14
20 14 34
24 28 5
42 46 34
21 20 19
1 32 17
15 37 34
38 50 2
33 37 42
1 34 29
14 2 1
44 40 33
28 34 16
3 1 18
44 23 4
41 15 6
9 37 7
29 45 12
10 28 47
34 16 15
18 33 19
45 13 31
9 37 32
27 44 36
36 45 4
5 36 17
25 15 45
24 15 40
15 6 36
2 25 6
50 43 25
45 42 14
43 3 31
36 7 28
45 41 2
30 34 17
24 47 25
13 9 15
15 3 12
2 38 26
37 40 11
40 25 18
37 39 26
3 6 33
11 34 1
49 9 35
7 22 15
19 42 21
26 50 1
49 48 18
28 15 8
49 28 14
19 2 36
38 29 33
31 17 47
49 10 16
24 5 29
42 14 36
36 14 42
30 25 12
24 32 14
45 30 6
48 33 47
30 32 29
24 47 49
24 46 43
23 24 24
26 9 42
38 17 44
30 13 46
40 32 20
12 1 1
43 5 42
30 4 37
35 25 13
19 13 45
22 25 7
46 48 36
14 9 28
37 34 33
30 42 19
46 37 30
36 7 26
46 46 3
26 8 9
27 21 32
36 25 29
34 29 2
7 19 1
5 20 32
36 30 48
14 31 30
2 25 50
16 28 32
7 30 43
45 34 10
37 15 35
34 17 31
15 43 23
39 42 46
25 27 49
21 42 4
33 2 10
46 28 33
26 20 41
36 39 35
11 11 24
41 36 29
21 24 45
2 37 28
3 4 38
6 1 40
14 36 4
19 33 29
2 34 39
34 36 33
9 6 15
33 8 10
6 49 47
43 10 9
32 28 27
15 41 31
8 14 11
2 37 46
11 28 9
29 18 42
39 50 39
36 36 23
46 46 11
35 32 11
4 39 26
20 24 48
36 40 23
40 49 36
18 26 14
11 48 18
34 50 43
31 13 7
21 47 19
30 35 12
25 5 20
29 2 47
25 35 37
49 21 15
48 38 41
4 5 44
27 16 2
34 9 5
16 19 25
25 9 44
12 4 25
12 49 36
49 18 26
32 29 36
4 11 47
8 34 41
11 4 3
29 38 41
9 19 12
31 21 14
15 43 47
41 25 28
29 22 12
21 29 16
31 12 48
26 31 44
34 46 24
9 1 9
40 39 12
44 40 26
32 31 44
35 10 28
41 37 43
46 35 10
31 35 3
47 20 46
6 35 40
1 9 3
26 16 15
19 15 34
42 24 40
12 24 28
44 17 32
40 19 25
8 9 22
24 32 48
26 3 6
31 22 34
12 15 21
30 32 32
40 33 33
14 44 38
20 30 35
5 47 33
48 9 36
30 25 19
38 7 10
5 9 5
25 9 41
23 6 6
3 49 29
22 37 5
23 33 21
7 37 33
5 7 37
6 6 49
33 22 6
31 33 14
11 40 10
6 36 5
18 11 44
21 35 39
32 37 20
50 40 35
38 12 36
33 42 12
3 43 25
19 22 23
33 15 20
25 24 35
43 1 30
11 23 25
27 45 31
20 12 2
19 11 6
48 41 9
17 46 39
50 47 28
43 3 44
45 44 21
10 34 9
50 18 13
38 5 23
15 13 38
