500
45 68 16
64 32 60
6 43 69
37 1 49
53 61 72
25 62 66
8 38 25
27 69 35
73 58 7
33 5 8
15 73 31
26 55 56
66 15 27
47 36 66
44 44 35
69 46 12
70 66 66
45 14 25
2 25 30
55 63 16
3 14 5
60 57 29
61 37 53
17 44 64
45 13 62
43 13 17
70 72 27
27 4 2
37 9 26
40 23 59
27 59 7
9 10 13
7 2 72
40 48 6
70 24 1
3 23 39
10 23 73
23 67 43
8 52 33
16 75 4
63 54 22
48 48 3
65 33 2
4 40 73
2 11 35
6 4 17
18 72 25
69 25 8
36 23 17
35 6 54
43 52 16
52 6 62
6 63 13
7 73 73
55 29 21
24 3 10
61 64 69
15 30 13
4 42 38
68 15 74
51 23 72
26 55 26
69 53 32
52 8 4
66 61 62
63 35 55
46 58 50
64 6 69
14 47 73
29 9 38
72 62 34
75 17 41
50 8 40
59 5 16
39 69 75
66 65 57
34 17 74
21 38 47
61 19 25
60 36 37
11 46 30
9 53 70
73 3 55
48 29 50
24 7 33
18 55 22
33 25 40
10 33 66
12 16 17
39 37 72
55 48 25
60 30 8
21 8 49
75 31 67
57 73 71
57 72 64
12 35 45
36 3 12
48 73 50
67 3 48
43 67 42
70 46 3
45 29 50
18 27 73
2 22 5
15 30 17
61 34 35
49 12 42
3 47 30
14 53 69
14 37 69
19 29 56
69 21 54
42 74 37
41 28 20
47 45 2
40 8 8
30 33 36
25 44 4
31 28 69
37 9 64
58 25 32
46 10 35
69 63 48
71 53 46
25 42 4
69 16 40
19 8 35
2 50 50
12 62 61
52 58 53
73 20 26
35 19 24
32 37 45
43 4 70
9 55 46
17 59 49
9 52 16
51 17 38
64 42 2
14 54 38
56 37 21
41 2 12
11 54 46
31 65 15
19 75 22
10 22 36
1 23 54
50 2 8
75 17 56
22 53 31
36 30 56
1 35 61
74 18 14
74 15 13
24 30 10
41 35 7
32 38 2
75 66 51
28 69 40
22 20 38
22 65 51
33 42 61
34 65 64
1 3 56
72 36 16
40 25 12
69 18 55
60 55 32
27 73 17
23 36 59
23 69 19
8 73 15
32 56 17
6 68 16
39 42 21
4 69 15
13 8 22
42 34 17
57 44 39
45 21 56
8 5 64
73 37 72
54 71 42
56 19 3
71 65 58
7 55 63
40 23 37
30 7 48
68 64 64
18 38 1
50 39 36
36 68 22
17 20 53
50 53 21
19 42 21
28 47 36
65 58 17
54 49 12
53 65 62
25 34 62
22 56 73
32 52 66
20 52 66
40 68 53
9 4 55
48 59 54
62 21 2
24 24 39
69 37 58
23 33 67
5 35 43
37 18 64
10 3 57
17 21 37
55 26 73
45 38 46
46 28 53
43 29 69
39 66 29
73 12 20
66 71 37
43 47 29
40 51 50
10 31 33
57 51 27
3 14 49
49 12 72
18 32 16
66 71 67
17 36 59
40 38 13
40 75 22
2 73 73
45 34 47
7 50 59
31 72 17
21 71 31
19 2 16
55 15 14
71 21 53
6 17 7
6 54 19
51 45 26
35 8 30
7 4 64
67 64 67
74 46 58
37 14 75
49 47 37
69 13 75
29 34 11
44 70 29
18 65 60
61 15 37
20 60 59
33 28 34
75 71 33
46 34 65
63 19 22
39 16 32
59 40 35
24 74 62
73 4 29
8 9 32
41 38 38
68 15 3
55 13 45
55 73 32
6 15 59
35 72 41
63 7 39
70 67 67
14 34 13
11 28 55
23 11 66
55 57 72
11 17 44
2 52 66
62 51 44
3 53 58
28 7 71
1 31 68
30 69 66
23 42 45
31 65 24
31 58 3
15 4 9
8 17 54
69 23 41
50 10 25
70 74 49
5 59 43
7 22 58
12 28 75
1 36 25
25 23 47
48 68 7
32 15 53
49 32 31
36 12 73
2 41 21
6 65 28
13 6 64
36 72 33
58 65 16
12 18 63
12 36 36
64 58 72
9 25 17
14 35 33
60 14 18
68 72 67
35 32 41
73 46 23
64 41 43
50 16 17
13 40 70
55 12 18
17 34 35
73 23 41
22 73 47
33 52 35
3 74 75
7 17 4
54 23 36
35 42 15
16 61 46
16 75 53
13 40 3
37 44 61
61 23 59
22 30 40
57 3 66
50 47 42
34 62 19
14 39 21
12 25 33
22 55 14
7 50 75
17 39 43
26 75 69
18 18 31
44 11 43
75 65 57
59 68 15
73 26 36
52 53 54
56 39 25
70 21 42
3 15 34
51 23 43
57 19 28
72 47 32
56 5 41
15 60 73
51 30 34
3 59 53
21 64 64
70 14 42
46 2 70
44 67 36
39 62 39
62 32 10
44 45 65
39 21 24
72 51 2
22 68 69
23 74 75
19 39 7
60 54 50
65 27 20
50 22 56
43 22 30
26 45 34
33 3 31
64 21 12
25 29 59
39 55 62
61 32 27
15 51 61
23 6 49
24 64 59
36 59 25
64 75 59
3 9 65
3 15 6
44 53 3
57 56 11
62 70 16
60 50 63
22 17 40
49 27 49
25 44 75
39 47 21
75 7 53
73 22 62
73 10 44
28 20 25
20 27 37
22 42 6
21 45 19
52 28 2
33 3 22
55 68 14
58 3 16
2 59 8
12 32 13
71 50 7
44 4 73
61 56 20
35 24 24
36 31 44
16 55 61
52 51 58
49 26 42
44 32 24
27 70 49
46 10 28
47 8 70
53 11 48
14 25 28
63 33 50
23 44 61
12 35 51
40 12 47
30 17 44
33 2 69
54 62 44
37 55 39
51 6 52
69 54 23
28 22 6
6 9 43
40 53 74
63 44 45
29 60 52
53 1 61
72 38 36
68 62 31
35 11 26
53 10 10
28 1 5
64 19 1
28 29 24
56 70 17
9 19 20
7 51 70
16 65 61
62 15 53
72 25 48
10 71 17
32 16 28
70 8 56
28 15 69
63 57 11
2 57 19
36 42 16
3 53 9
11 65 67
74 2 11
59 3 51
53 10 31
7 55 62
53 52 46
13 1 17
12 33 42
30 21 36
2 46 52
75 69 21
39 31 58
42 28 11
34 59 18
37 17 3
3 43 13
42 28 61
67 66 13
75 42 53
7 49 60
41 47 20
36 74 40
39 15 65
18 62 39
56 48 7
68 7 36
51 27 6
33 2 66
68 1 8
28 36 47
8 33 14
21 17 12
69 54 39
14 74 42
35 15 1
65 55 75
62 1 38
18 43 29
57 45 26
26 53 24
19 48 58
