500
55 32 37
48 68 74
14 42 54
48 23 23
45 44 37
18 72 7
51 24 39
18 62 65
5 63 67
9 63 21
73 36 9
19 18 8
67 35 30
44 42 23
52 12 2
70 70 12
68 65 72
42 25 62
36 20 58
26 19 48
29 53 7
19 53 12
29 50 16
29 66 66
48 20 35
44 56 36
14 51 40
39 18 57
23 20 16
53 45 36
24 57 24
22 6 48
71 53 4
21 42 7
50 33 71
19 52 60
49 4 27
65 21 45
8 67 21
31 67 7
10 73 16
8 18 62
48 66 55
42 69 5
42 49 24
48 49 47
73 55 64
65 61 42
39 21 30
35 39 24
52 23 24
40 29 31
36 27 58
63 56 62
13 60 52
22 54 71
33 18 65
50 21 67
38 61 58
62 72 57
8 63 33
47 47 73
22 63 6
33 72 4
8 21 24
43 6 24
56 60 71
74 18 17
42 68 24
44 10 2
23 54 32
14 71 52
58 13 25
25 43 60
51 32 15
37 48 10
66 9 31
28 42 52
12 32 3
36 41 60
10 59 62
47 24 2
34 13 10
29 26 25
2 36 8
7 73 17
46 49 59
12 34 7
36 70 26
43 6 7
64 58 57
43 54 59
20 3 19
11 7 62
5 37 56
29 70 29
9 60 40
43 57 20
9 70 49
29 9 43
46 47 12
42 26 22
52 40 2
4 30 39
67 12 14
31 57 26
21 34 39
26 12 70
53 73 33
13 23 10
40 12 14
4 31 63
40 1 4
58 9 54
58 14 38
46 55 68
63 21 10
4 14 10
25 26 4
38 19 42
56 57 35
66 5 16
63 21 61
69 42 47
33 62 43
1 11 42
70 12 44
45 61 37
50 14 24
65 49 40
43 36 58
15 39 6
34 33 9
67 63 66
7 30 54
23 64 69
35 15 23
52 69 54
69 16 40
7 61 37
29 59 56
14 44 64
71 52 6
56 60 64
7 63 8
63 25 44
68 55 8
73 59 54
22 12 28
36 57 36
12 52 72
22 19 43
22 18 16
64 67 39
22 15 5
46 50 73
52 4 54
67 27 3
20 2 50
33 64 41
46 7 29
6 72 9
46 36 31
24 18 57
9 3 49
51 68 17
21 34 15
53 38 38
24 64 54
59 3 9
16 68 27
57 54 4
69 22 28
26 40 60
17 28 46
52 7 32
26 50 51
29 58 7
63 65 5
16 72 28
38 11 26
18 6 60
26 13 27
17 75 75
25 67 52
61 54 53
67 60 57
60 15 27
34 40 50
65 54 40
52 40 54
27 15 65
39 47 33
24 58 30
15 57 16
69 33 73
35 5 65
49 61 60
19 43 20
16 65 73
41 75 3
71 55 61
51 63 11
15 15 4
37 67 7
15 50 8
52 43 21
29 3 3
57 45 56
64 41 58
65 22 11
20 32 3
54 67 66
3 52 55
64 42 16
75 61 35
35 64 70
47 18 68
74 6 41
35 13 57
34 14 56
57 46 70
68 25 40
61 18 64
69 74 49
41 32 14
3 44 30
24 13 55
73 9 36
14 63 12
7 7 71
10 74 30
25 19 74
69 62 20
61 49 8
27 50 6
50 35 24
2 38 49
69 18 44
69 30 72
61 54 75
5 37 74
60 17 13
45 33 57
3 35 61
49 4 38
21 4 75
14 13 15
27 75 3
41 32 73
9 40 62
70 64 64
57 36 58
13 71 29
50 31 66
56 56 26
39 56 65
42 74 5
70 32 45
35 74 68
71 48 15
16 55 3
58 60 5
16 31 61
52 69 41
66 34 25
24 47 8
45 23 46
41 65 52
33 18 54
68 58 49
8 31 27
14 63 52
55 18 47
66 68 17
13 23 38
34 51 51
3 5 47
60 71 30
57 72 9
3 36 66
18 42 42
63 29 8
21 19 27
32 75 57
38 48 1
68 12 40
49 9 55
9 18 13
35 9 68
68 25 25
38 73 27
74 65 45
58 40 10
25 12 40
68 65 23
60 74 59
15 9 63
23 33 74
65 9 9
36 4 7
16 17 58
64 24 65
44 19 42
23 69 54
4 44 65
25 68 52
70 55 68
52 62 20
43 74 22
10 23 1
70 67 30
37 53 57
32 59 21
37 72 13
71 31 68
55 60 14
59 45 58
75 51 45
75 23 70
17 20 38
14 31 42
19 10 2
41 48 20
42 14 37
2 75 26
11 42 33
45 4 52
68 31 39
18 52 43
44 54 14
70 65 20
24 70 63
57 59 44
51 61 13
39 35 24
51 43 15
20 19 10
12 40 44
66 13 36
46 66 29
69 25 27
17 2 36
58 31 54
33 18 35
62 12 34
63 34 45
2 56 10
35 62 10
70 65 16
64 53 10
33 64 51
60 15 9
71 65 22
24 58 63
48 50 69
15 48 61
54 39 19
33 29 48
66 52 70
47 58 55
41 21 27
51 37 17
10 35 42
61 68 33
74 16 12
67 20 57
65 5 14
4 1 35
7 40 30
6 40 1
7 63 58
5 27 60
40 52 47
10 69 2
52 59 21
28 13 67
62 51 31
58 26 49
14 25 13
42 14 13
11 29 31
8 33 65
31 34 54
8 16 68
66 37 5
69 18 57
51 60 53
56 39 45
75 57 8
73 1 2
41 74 75
9 12 59
29 4 70
31 42 43
8 13 33
32 61 25
68 39 54
30 3 22
43 27 27
14 11 75
14 55 20
32 51 56
22 65 46
2 27 22
2 13 51
39 74 32
17 16 20
32 63 14
68 32 36
23 10 43
41 52 31
17 35 21
21 25 13
13 21 52
9 14 75
34 73 42
67 31 58
67 30 16
16 59 51
36 28 20
39 20 11
71 59 43
28 60 46
71 18 32
13 10 27
64 48 42
22 32 23
12 41 63
48 73 37
28 36 20
21 66 20
2 18 12
30 8 30
18 2 57
68 14 62
28 60 19
30 55 61
5 25 32
5 30 1
49 70 67
23 62 5
27 72 18
42 36 12
28 42 19
62 64 24
10 5 10
61 56 39
38 57 22
5 11 28
40 15 45
3 57 1
44 40 37
44 6 74
38 2 44
41 11 23
14 57 33
67 57 34
50 7 1
75 58 19
44 63 43
62 14 55
51 67 3
50 21 45
20 75 24
35 56 59
70 70 54
16 42 47
18 32 44
73 30 54
18 59 73
63 24 6
61 67 4
45 63 11
50 58 4
13 37 18
67 19 26
56 28 42
1 34 6
28 63 14
55 74 24
11 49 62
14 69 62
15 3 69
31 57 60
22 50 13
36 19 54
74 15 48
61 57 16
74 68 43
61 47 26
5 53 23
34 17 38
2 39 37
7 44 33
44 39 3
67 5 69
50 73 44
38 29 59
68 51 45
