5000
4 33 24
9 24 39
13 12 32
6 64 4
37 51 18
29 18 26
47 34 5
14 68 4
1 27 57
59 25 66
64 33 30
66 35 12
54 28 24
15 60 3
62 34 18
15 50 12
65 16 56
12 52 8
42 36 11
61 61 40
20 57 26
66 28 41
52 22 49
33 3 43
2 52 50
60 47 47
32 12 69
57 49 48
3 21 16
31 28 42
5 31 25
60 67 26
12 54 30
25 25 66
31 59 61
35 53 28
2 33 16
68 37 17
43 54 35
23 21 10
44 56 61
51 59 69
69 42 7
2 61 50
6 7 53
47 45 57
21 7 12
25 21 2
40 42 65
34 50 64
45 59 1
38 52 15
64 40 21
49 49 67
24 1 39
8 69 54
34 33 10
12 61 55
64 58 9
5 28 26
58 43 58
54 58 43
58 29 12
14 41 65
51 25 54
52 8 52
31 66 40
23 51 68
9 48 9
1 41 50
41 28 10
34 30 49
66 65 58
55 21 12
24 10 6
22 42 34
38 42 51
65 50 45
56 7 3
38 57 25
16 59 44
65 40 52
15 50 2
33 20 1
63 56 55
36 28 23
19 70 56
42 3 43
29 35 13
64 61 33
18 26 57
45 26 30
21 59 10
9 70 44
17 6 48
20 21 11
40 17 70
33 40 12
35 16 19
38 69 39
27 1 49
30 19 39
47 11 66
46 31 64
16 35 1
11 69 18
1 39 22
11 16 62
67 19 26
12 3 16
65 64 51
40 46 50
8 61 1
44 52 21
61 63 52
32 11 66
22 40 52
33 11 44
7 57 14
62 66 58
69 19 52
19 15 42
33 49 61
1 25 13
63 14 63
19 59 25
42 43 4
15 65 43
32 54 32
36 30 5
69 51 17
68 4 35
16 59 33
32 3 3
39 51 70
3 25 47
48 22 19
21 51 33
27 57 9
1 40 70
66 53 69
55 45 6
65 8 55
65 49 51
35 20 19
42 2 55
58 53 8
8 59 2
41 28 60
7 22 46
49 41 38
21 24 34
66 36 56
45 17 65
32 27 43
30 54 12
44 67 14
12 16 50
69 44 9
53 52 49
32 64 67
66 67 2
2 3 41
19 45 63
57 57 39
32 64 1
43 70 66
16 43 33
4 11 69
52 63 56
63 38 16
57 22 46
37 69 39
61 38 54
64 45 68
12 63 41
8 54 70
67 13 23
12 22 9
6 8 6
26 60 50
69 23 54
49 15 62
34 58 32
21 9 10
18 11 13
43 31 56
46 28 32
13 23 69
23 17 28
39 24 6
42 14 51
6 25 23
56 68 23
45 22 48
31 60 60
36 40 58
27 61 47
46 70 51
20 6 23
61 14 17
60 58 1
24 58 3
10 20 19
53 18 34
29 37 41
68 6 28
14 26 66
24 44 10
24 44 38
30 58 1
45 20 47
30 58 20
60 5 35
21 9 16
32 1 17
20 12 64
30 26 44
68 57 1
49 67 24
70 33 35
28 15 45
63 27 42
53 16 44
7 57 53
49 33 25
61 14 62
13 35 41
54 2 55
23 3 12
21 40 44
59 57 65
11 26 26
52 68 30
11 48 29
51 24 23
33 31 23
51 44 27
43 27 5
36 61 14
1 4 30
40 35 7
53 60 52
62 16 2
47 53 1
22 15 35
56 61 28
44 12 49
12 7 48
45 3 65
29 27 45
33 26 23
44 14 8
1 12 24
5 28 53
22 41 25
62 62 40
33 3 45
25 36 46
69 56 21
53 69 16
33 2 42
33 49 38
21 28 35
5 36 45
8 2 62
27 57 25
41 12 67
52 36 24
51 41 17
67 70 6
16 16 1
30 17 69
43 49 46
37 68 66
41 19 25
6 10 23
59 66 47
41 15 34
57 34 16
31 37 2
32 23 42
17 33 53
38 58 37
39 60 59
50 9 23
16 8 10
60 63 42
5 17 38
19 52 24
69 43 37
64 23 22
68 14 42
23 15 61
38 70 27
8 29 48
27 60 24
2 42 32
44 56 33
7 69 48
43 51 42
64 39 51
27 24 21
49 9 49
1 27 47
2 58 61
65 47 65
19 21 65
20 67 70
22 16 62
4 51 28
60 69 14
66 4 35
8 18 31
48 10 70
20 69 69
66 21 44
36 12 53
22 60 39
22 57 49
6 52 40
67 45 6
31 44 47
31 17 39
38 11 49
47 46 8
19 54 25
39 19 3
61 56 47
63 50 34
4 44 19
62 40 55
14 57 36
2 16 66
46 64 50
63 1 1
8 70 5
10 30 29
42 44 67
33 45 37
15 62 52
11 49 18
14 14 62
66 57 25
70 26 20
51 22 68
36 70 39
24 21 45
7 52 11
13 66 54
24 46 27
26 65 20
24 14 15
67 44 54
33 47 34
2 20 25
22 18 29
68 54 52
26 32 39
19 69 19
42 45 11
45 6 36
54 23 20
30 28 42
64 5 21
27 29 12
55 59 22
4 64 40
38 1 55
49 35 14
49 25 58
6 30 21
41 22 17
19 10 18
26 9 45
15 43 68
7 60 47
39 32 13
64 64 3
17 62 26
13 29 2
21 47 6
35 35 68
38 42 55
4 67 5
30 20 30
25 7 46
9 18 66
37 5 39
7 28 53
66 59 1
4 42 20
50 19 1
37 42 25
62 53 8
46 32 66
69 68 32
66 61 61
43 2 36
21 17 26
58 10 44
35 47 38
67 28 68
63 49 54
64 16 4
28 14 63
48 17 60
16 57 61
62 32 46
13 3 41
66 44 69
44 12 32
2 65 68
7 53 5
46 23 59
58 35 70
5 9 30
6 37 25
4 70 29
51 50 25
18 1 38
52 39 46
48 47 51
32 44 53
24 65 10
34 41 51
57 63 57
64 6 33
28 9 18
69 33 17
41 6 6
43 30 62
16 54 35
28 34 58
52 64 5
30 56 16
7 1 49
33 10 11
5 21 39
14 48 58
41 41 53
8 52 68
24 35 48
67 47 10
67 19 4
32 44 30
34 6 20
52 59 39
43 38 43
63 7 4
61 57 12
53 12 32
13 42 19
39 60 45
31 55 1
13 37 65
37 35 2
39 10 42
68 34 39
59 44 22
3 19 15
38 47 8
37 39 48
59 49 22
64 68 63
46 68 23
36 41 8
6 2 6
62 57 36
50 19 45
55 21 27
30 33 61
16 26 43
25 39 54
14 50 70
66 10 45
27 33 15
70 18 36
24 35 38
35 4 35
19 5 51
21 4 54
29 1 38
39 16 56
21 49 38
22 39 54
6 2 42
28 38 30
66 61 14
42 40 16
17 7 58
19 19 12
37 34 55
38 24 59
43 61 31
35 38 2
67 18 14
33 47 17
70 64 3
53 1 48
52 52 25
4 5 50
12 60 16
38 51 9
6 12 47
66 60 69
53 7 25
60 47 45
10 61 11
42 54 35
55 7 11
7 51 41
35 69 57
58 69 43
30 46 29
19 45 29
53 67 17
26 13 63
60 2 64
24 40 33
64 53 17
67 8 56
33 27 9
7 26 49
66 18 31
25 23 20
18 7 60
43 61 57
16 18 5
1 45 54
59 11 55
35 16 57
17 5 43
20 53 10
10 49 63
31 49 30
15 27 11
67 18 66
13 44 46
36 39 32
51 42 56
45 21 47
8 61 3
28 56 59
4 2 47
21 65 17
6 17 35
39 31 32
14 41 63
37 59 53
42 34 44
9 68 4
22 26 60
40 53 5
11 38 39
10 1 57
66 33 53
23 24 44
49 27 7
22 17 51
18 52 59
66 11 59
22 37 43
19 29 24
43 50 38
61 68 3
7 3 65
65 37 25
35 60 51
6 37 65
17 15 14
45 67 48
47 45 43
36 22 37
16 37 55
38 34 47
58 43 69
48 11 8
8 32 45
63 17 39
1 12 22
45 42 17
20 34 27
21 62 22
70 11 18
13 34 39
37 48 42
35 27 30
1 24 34
11 8 44
3 63 29
63 55 27
17 42 47
57 38 49
13 13 61
32 22 15
11 57 11
26 41 8
38 33 10
26 42 35
69 51 46
53 46 30
64 22 48
38 62 57
29 48 48
60 27 28
42 3 70
2 32 14
21 67 20
68 19 45
26 23 59
52 9 67
61 65 31
42 59 24
24 56 57
38 56 18
45 61 22
63 19 62
47 63 22
51 14 46
17 49 32
36 1 11
5 43 60
70 23 56
26 36 9
64 57 9
45 21 14
25 51 30
53 56 13
58 60 14
52 22 2
34 14 41
25 53 10
34 44 57
8 54 10
53 17 64
57 6 40
36 16 35
25 33 58
24 56 55
23 53 9
23 5 70
12 6 44
40 6 19
28 67 5
20 56 15
61 36 64
53 26 34
29 46 52
53 42 17
47 5 26
56 62 10
54 4 67
28 41 12
49 15 60
21 70 6
2 68 61
13 64 34
14 48 8
2 13 18
50 3 13
16 3 3
48 39 14
8 6 37
4 26 11
66 23 27
41 54 56
10 60 51
33 61 55
27 14 47
54 52 42
61 16 11
2 39 49
26 38 48
22 35 24
52 28 35
18 51 62
68 31 14
34 46 7
18 37 48
2 6 6
28 51 33
60 17 9
68 2 16
48 23 24
61 49 37
59 68 28
57 12 17
60 16 6
23 10 30
14 67 33
43 29 49
16 40 32
67 40 60
18 39 55
40 69 33
60 24 18
60 39 17
8 60 35
40 31 28
15 16 11
60 18 56
58 15 24
37 42 4
25 35 61
4 53 70
17 43 62
8 63 18
7 18 13
9 37 17
3 38 36
22 56 43
5 39 7
19 7 63
11 8 23
47 52 51
4 37 42
48 44 10
66 38 51
6 47 43
50 29 22
32 32 10
54 27 45
15 48 22
13 15 51
42 22 65
31 18 40
11 19 49
5 16 62
42 43 3
63 56 61
22 41 35
63 33 66
8 59 30
52 17 62
7 32 57
41 19 48
57 17 52
2 44 8
16 68 48
6 21 6
69 19 64
16 41 47
42 52 51
53 21 27
41 56 60
19 37 42
39 11 60
14 61 38
47 4 26
12 60 40
35 19 23
39 25 5
69 27 1
13 53 61
54 64 68
17 23 9
58 19 40
9 9 36
63 35 38
23 46 46
44 65 62
19 3 51
65 54 41
35 27 46
1 17 68
34 5 42
25 45 45
13 58 30
21 6 52
14 32 28
63 46 8
48 27 6
61 53 40
30 31 29
38 33 57
67 42 22
60 40 14
48 70 23
3 7 51
65 62 5
9 18 58
26 37 59
43 59 70
13 24 28
9 33 39
70 50 5
67 20 23
32 37 43
62 52 6
11 67 70
29 3 13
39 40 58
6 32 28
14 25 64
47 30 3
55 26 68
64 49 39
11 64 60
50 25 43
4 14 62
9 12 25
42 17 25
70 68 50
27 61 3
41 11 49
19 7 5
19 54 67
52 37 19
30 62 17
32 43 8
50 33 57
67 30 55
41 61 59
51 64 16
67 11 22
17 9 32
2 32 1
44 69 53
62 9 48
18 7 57
17 46 23
3 42 16
15 1 3
1 62 65
42 59 35
25 15 31
66 66 44
56 42 30
23 22 35
36 51 44
30 29 59
69 42 22
18 7 37
3 20 7
34 56 11
48 44 32
67 49 13
20 65 45
40 63 41
47 26 13
32 6 4
7 3 44
4 33 50
14 68 58
26 34 68
7 59 18
53 54 22
49 13 13
21 30 6
29 44 51
34 66 70
11 48 2
39 70 54
6 44 50
4 27 36
70 28 31
63 19 39
51 57 21
32 30 49
43 12 27
4 45 22
52 50 22
60 69 45
61 10 38
15 8 35
48 26 67
58 3 43
34 42 63
22 4 65
53 20 31
27 24 47
37 12 10
32 41 26
69 41 50
30 42 31
68 25 37
31 43 5
16 1 44
68 43 13
18 21 32
17 51 21
59 47 30
54 7 25
37 26 21
22 30 53
30 11 43
32 70 36
13 26 24
34 61 11
18 9 48
22 15 20
18 35 16
7 54 17
19 31 25
9 23 10
52 58 7
16 55 52
65 31 50
31 17 1
56 36 70
34 49 36
31 45 18
19 7 38
45 55 18
59 69 70
69 51 66
54 26 62
15 46 59
47 28 68
61 50 26
61 52 70
26 32 9
69 66 57
18 19 67
45 36 28
6 22 36
52 26 66
3 12 63
60 61 43
22 65 59
62 28 6
45 68 15
48 61 5
21 34 65
44 64 52
70 34 10
13 25 66
35 10 57
47 62 32
60 68 41
30 64 25
14 7 37
25 5 33
16 54 33
40 67 29
6 46 26
12 18 16
49 28 47
53 54 5
44 59 12
12 1 38
31 31 45
68 63 66
18 9 51
23 55 63
7 28 15
31 16 20
6 21 15
26 69 13
46 24 17
12 31 28
2 57 66
46 2 52
45 47 26
64 25 42
55 5 22
60 14 49
43 63 8
20 5 26
69 15 61
7 29 33
23 32 18
1 14 46
28 63 3
17 46 43
40 10 2
45 40 14
1 38 49
14 36 57
18 43 46
29 57 2
17 58 2
52 48 18
35 52 39
51 47 33
14 35 4
21 48 31
51 62 51
33 23 2
2 9 47
17 20 56
35 23 12
45 33 44
40 14 44
58 56 59
43 67 65
4 14 48
55 68 50
40 7 55
37 26 52
33 66 3
8 6 59
59 46 66
63 57 5
37 45 60
3 19 69
53 3 47
8 29 34
31 42 68
15 39 21
66 39 55
65 36 19
20 45 16
9 38 16
66 16 64
24 3 16
67 46 36
19 70 60
51 65 23
13 9 32
52 17 31
11 6 33
31 70 56
11 7 54
58 59 23
50 49 64
30 70 8
30 62 67
46 26 18
39 9 38
2 5 49
3 1 30
21 4 58
70 68 28
60 9 37
40 40 16
70 2 52
2 8 63
16 66 68
2 23 43
50 16 25
11 1 14
57 60 44
55 65 30
54 64 21
58 16 4
9 67 54
6 5 34
29 59 14
19 15 34
14 25 18
20 12 70
31 32 32
18 58 36
9 63 66
13 35 23
3 60 27
30 10 44
13 51 47
70 57 57
2 12 30
51 69 30
69 1 46
40 30 50
35 33 46
18 64 29
64 60 25
32 10 48
25 4 40
23 32 16
47 58 55
19 20 55
54 16 11
67 37 59
38 4 7
48 42 14
16 34 56
47 54 63
40 5 69
18 19 15
16 43 27
36 44 59
47 13 28
32 13 43
15 28 41
62 49 62
2 16 62
3 65 29
8 10 26
69 50 8
3 54 34
22 64 35
67 38 11
13 18 6
9 7 67
35 49 37
41 19 65
63 30 44
37 38 10
2 12 52
10 40 15
15 43 21
66 51 44
21 15 33
67 22 14
56 59 69
18 52 1
22 43 34
6 15 56
63 18 47
48 24 54
27 23 8
67 9 17
19 66 12
46 12 25
49 53 24
47 51 16
5 9 32
27 30 65
44 46 4
7 7 10
52 64 59
27 5 30
23 47 21
10 22 60
58 30 65
49 58 33
58 64 58
10 61 6
36 15 15
21 66 54
56 49 16
39 61 46
50 13 32
40 49 49
45 57 12
43 11 55
51 64 18
18 59 65
65 58 37
19 3 26
38 49 46
10 21 35
25 34 62
66 52 46
47 31 10
20 57 28
8 6 29
38 59 48
44 63 55
31 17 9
5 57 34
12 14 2
32 35 52
43 26 59
68 25 67
27 53 48
13 26 39
44 53 18
55 57 38
1 45 68
69 61 14
54 29 21
41 13 53
47 9 60
19 40 42
63 1 20
69 49 7
26 67 60
16 59 38
6 56 41
70 49 47
24 16 16
28 16 50
69 22 17
34 47 31
64 19 62
29 43 60
52 10 54
53 24 29
5 39 63
58 14 37
67 62 69
29 22 18
62 34 8
67 52 10
66 41 14
5 16 57
46 34 49
1 6 38
40 7 50
51 14 36
31 48 5
54 57 28
1 30 37
1 17 53
17 62 66
14 39 64
50 15 68
26 52 26
59 45 39
37 30 68
5 38 12
2 21 30
7 3 42
18 65 29
59 67 39
48 46 33
12 59 61
47 41 8
51 49 45
45 47 33
38 22 24
18 15 14
40 37 51
28 10 15
16 24 2
60 20 55
22 17 25
35 55 40
25 50 12
7 49 34
57 59 57
15 16 30
12 57 60
17 38 32
14 9 1
28 14 18
43 47 64
16 2 65
12 30 54
12 66 47
39 33 69
18 10 34
14 62 48
58 41 48
11 44 61
4 30 58
63 47 8
58 70 10
8 37 3
25 32 4
12 21 46
3 67 4
18 43 31
58 7 33
19 20 46
5 6 33
44 34 3
7 54 41
59 58 20
44 47 10
29 43 49
39 55 37
8 14 11
56 57 2
13 17 67
19 11 25
62 53 44
45 5 15
7 48 4
20 60 51
51 48 60
49 19 60
25 26 16
40 11 23
52 41 48
50 30 62
55 35 12
46 15 36
56 15 49
62 60 66
67 41 7
8 5 41
40 46 52
68 35 70
25 63 57
41 26 49
37 13 7
38 3 41
30 47 26
1 50 21
34 59 42
32 41 22
41 11 11
38 25 24
16 50 63
69 43 63
21 8 49
49 59 65
22 38 15
68 36 23
26 63 66
27 62 4
17 26 14
59 51 50
14 21 1
51 4 68
62 32 10
69 38 15
45 12 64
47 34 68
52 63 1
48 69 46
30 18 40
43 69 16
65 21 39
60 19 50
10 35 40
3 14 37
7 12 64
2 56 43
13 36 5
6 68 43
8 68 70
51 5 68
37 29 61
41 19 20
14 47 10
42 50 2
65 43 62
70 27 50
68 39 20
35 63 62
10 52 68
17 44 18
31 5 40
7 57 26
20 10 35
1 34 50
14 16 61
62 47 28
58 19 37
22 17 29
18 57 24
33 55 37
6 48 56
11 52 44
23 53 6
58 55 19
29 57 50
38 11 70
5 34 29
57 22 57
8 8 61
15 56 65
9 40 6
61 39 3
7 34 47
62 36 61
10 40 31
32 24 23
9 1 12
64 29 13
18 31 31
49 51 27
10 8 45
54 65 52
15 51 32
14 48 34
13 48 17
9 28 13
22 13 54
70 22 43
9 17 14
26 31 27
59 54 59
22 45 68
11 40 22
20 68 41
48 15 15
11 18 67
35 2 10
56 22 10
25 3 54
69 54 41
22 42 2
27 2 64
4 70 29
24 51 18
40 16 18
43 17 7
11 39 57
51 44 14
69 59 3
60 3 46
19 33 55
58 42 19
9 8 8
59 36 44
59 22 54
24 2 52
46 62 16
19 56 36
12 8 16
36 64 19
38 45 45
64 32 17
60 46 43
42 38 68
70 61 55
52 60 33
6 22 8
30 39 68
25 61 29
25 49 26
23 11 52
69 8 44
33 62 30
19 53 50
4 2 15
59 13 52
28 24 42
7 26 51
42 33 16
32 10 46
23 1 52
2 3 14
7 39 40
13 17 46
36 54 2
55 56 68
21 61 5
16 26 12
41 5 39
18 28 29
49 69 53
35 70 19
48 16 41
70 18 32
42 59 35
33 7 49
63 60 20
35 61 42
51 8 54
34 35 24
25 30 14
40 27 28
48 1 16
23 46 57
67 58 52
9 7 54
3 5 27
7 60 50
19 7 29
25 26 7
42 2 19
32 54 52
56 37 35
16 65 1
10 17 9
10 60 58
9 27 21
33 7 39
13 63 37
50 34 70
9 8 31
35 34 38
39 61 59
53 48 65
40 44 12
35 5 69
50 3 8
2 33 36
15 28 66
57 59 36
4 55 5
42 2 57
26 24 9
28 31 63
14 58 3
56 60 55
63 57 63
69 18 69
13 8 10
68 32 40
24 67 56
58 8 44
30 45 61
60 60 35
43 18 65
46 68 30
66 30 7
24 65 68
11 10 51
30 66 12
21 44 50
38 42 43
36 16 48
5 17 44
46 69 51
27 26 27
69 64 50
8 14 26
33 65 11
29 12 58
28 7 47
59 65 61
28 64 48
24 1 53
57 27 14
25 32 3
14 37 67
68 51 5
70 60 56
12 5 2
19 15 14
55 17 17
67 54 53
39 49 70
16 3 44
33 23 26
61 39 68
50 51 59
68 56 60
67 64 23
14 52 65
66 9 23
65 8 17
27 68 69
27 21 10
41 39 10
31 1 17
10 6 25
17 12 8
69 12 56
24 49 59
34 8 27
16 55 59
58 42 64
27 55 47
55 4 57
45 54 40
32 59 70
7 59 35
26 62 18
13 37 67
44 22 63
16 23 23
10 40 20
55 18 39
60 46 39
5 48 26
36 34 49
46 35 69
43 55 24
66 30 6
10 46 43
6 50 34
25 51 11
61 17 25
22 20 11
38 66 47
47 6 25
23 7 10
39 58 37
28 35 25
45 11 17
44 55 70
9 55 54
42 44 34
27 15 31
4 30 44
40 58 37
23 16 30
45 69 6
62 53 3
49 2 15
18 2 66
58 22 29
15 29 67
59 40 20
49 26 58
64 64 10
68 10 55
59 66 47
3 7 33
51 39 20
19 5 24
40 68 46
65 38 65
22 34 28
66 63 61
61 11 55
54 9 49
40 47 57
7 43 30
47 49 52
41 26 46
10 64 27
46 58 42
63 6 10
65 66 21
13 31 23
45 34 3
59 69 6
48 29 55
62 33 60
29 23 10
34 55 52
25 54 35
50 29 54
28 21 53
9 41 61
56 25 36
51 52 53
24 53 11
14 33 7
6 23 21
14 63 30
11 33 57
50 14 66
24 5 7
44 11 5
44 20 30
34 10 16
69 9 68
68 29 14
13 36 70
51 41 21
22 59 16
1 16 44
66 70 8
56 67 27
64 17 31
47 16 18
47 57 16
42 41 3
50 48 8
57 6 42
20 45 68
41 12 28
39 67 29
34 58 39
52 37 23
45 64 69
62 15 52
31 7 54
60 23 66
34 41 44
50 41 35
66 46 4
49 46 44
22 58 36
39 64 19
14 40 50
53 45 53
52 51 16
35 52 62
22 61 54
8 15 18
70 5 56
22 3 1
60 4 49
15 16 37
65 40 2
28 29 55
59 31 1
50 59 69
57 24 54
4 6 30
1 70 25
51 1 27
54 34 57
66 42 25
28 51 48
17 39 54
58 16 47
31 56 21
19 18 22
33 67 10
69 39 20
24 27 27
48 25 59
34 24 46
68 30 45
2 24 28
16 38 39
54 11 47
66 42 58
48 6 10
26 5 64
44 26 9
50 24 16
54 46 37
7 32 30
64 12 63
18 32 49
55 7 2
56 66 21
6 29 63
1 26 62
31 23 7
19 18 65
61 22 62
55 48 61
27 56 29
40 10 61
48 52 47
3 68 46
65 6 67
9 17 34
53 11 13
70 28 22
17 25 28
12 59 47
43 54 24
68 43 15
50 26 31
2 53 2
9 33 35
27 11 53
31 55 32
49 4 21
64 68 66
25 47 56
6 59 13
47 8 68
42 49 62
43 35 65
61 68 51
66 40 1
63 14 14
12 8 20
45 34 21
70 18 49
68 21 20
13 65 43
62 29 42
25 33 12
30 62 48
6 57 4
50 34 21
24 20 35
16 52 36
64 28 47
65 7 22
52 3 9
4 15 59
15 45 35
61 37 18
69 19 68
10 55 17
31 48 8
30 30 18
23 7 65
8 49 19
12 43 27
50 70 42
63 52 49
45 19 47
20 35 6
1 66 42
15 23 63
54 18 15
57 68 32
45 59 21
66 25 54
63 7 65
65 58 20
20 2 32
43 38 18
51 30 7
57 5 56
36 26 15
9 2 34
35 49 8
32 5 68
13 22 7
58 16 44
29 30 65
44 36 41
2 30 61
11 60 57
59 18 50
49 63 59
30 25 10
8 18 57
43 32 47
26 37 63
42 11 36
34 9 45
41 33 22
57 38 65
16 65 17
65 17 3
24 55 30
15 7 1
48 28 56
64 24 39
13 39 59
41 16 69
36 20 67
70 64 60
51 6 56
27 7 53
28 6 58
50 39 63
8 68 52
58 69 26
58 63 40
3 28 23
5 23 41
60 37 23
25 32 38
18 18 42
46 51 55
54 24 21
23 14 38
17 16 43
20 69 57
49 28 14
1 8 32
51 1 7
2 66 46
53 40 23
48 23 38
60 37 50
8 18 49
56 9 17
2 65 51
70 34 16
60 1 24
19 26 45
51 56 25
1 60 18
44 36 64
27 44 53
62 53 5
12 1 19
61 56 40
21 70 38
56 3 48
46 64 24
2 60 67
14 41 31
48 52 50
56 57 52
27 65 53
59 69 64
56 1 53
1 67 50
39 50 10
53 33 7
8 8 51
34 41 60
3 11 20
68 28 37
28 24 22
67 57 68
54 64 17
23 20 21
66 21 36
56 18 37
44 53 53
56 8 33
38 15 67
69 30 23
37 22 22
53 50 26
13 3 66
46 28 23
23 46 29
52 66 61
21 58 23
45 12 26
23 20 58
13 17 60
28 49 7
28 30 27
24 41 17
25 24 38
48 63 52
63 58 67
3 34 16
41 4 35
12 50 12
44 6 45
37 70 24
19 57 70
3 23 2
7 29 38
13 47 6
24 20 65
19 11 53
35 4 59
22 4 11
7 64 43
7 35 23
67 50 46
22 47 50
54 34 43
56 62 55
56 53 20
64 28 38
33 45 54
58 13 30
33 29 29
36 54 50
28 9 18
13 48 56
10 21 19
40 30 16
51 51 7
67 23 52
24 27 38
58 66 64
12 46 57
63 15 55
57 17 60
34 41 44
41 52 52
55 14 36
19 29 22
9 32 43
50 35 3
6 25 53
57 62 35
5 54 42
17 8 35
59 20 23
46 3 9
39 45 32
53 67 26
41 49 38
55 39 19
59 9 59
30 37 24
12 30 45
56 1 47
33 52 51
10 7 6
31 12 23
58 4 68
23 58 54
2 24 14
36 44 48
36 52 22
11 21 17
22 34 27
44 57 55
49 23 33
7 56 6
34 11 26
60 56 1
17 16 64
24 64 48
16 50 12
40 38 46
69 43 30
65 68 43
47 1 24
13 15 31
32 21 69
33 66 3
21 48 60
6 45 26
45 50 39
31 12 61
3 16 31
10 4 18
56 43 52
32 65 34
12 21 19
19 60 19
21 6 41
19 66 37
30 36 55
45 69 60
36 64 65
31 31 20
5 36 63
24 63 43
69 62 35
2 19 34
1 42 68
5 48 64
69 8 18
25 37 18
16 39 69
45 53 16
43 24 63
24 24 40
44 21 54
30 57 27
8 49 62
28 36 63
63 62 63
33 22 12
20 15 68
38 8 11
10 24 34
51 67 44
3 62 43
6 26 47
24 6 53
60 64 62
32 52 50
49 8 12
38 33 55
30 41 38
33 57 67
27 40 7
57 59 59
25 67 30
15 17 49
5 26 60
2 60 13
27 63 51
9 12 32
17 3 57
51 61 37
30 51 29
11 20 10
46 26 29
21 40 56
11 39 69
49 35 57
10 45 63
58 62 51
42 8 29
12 51 69
67 25 5
33 55 55
4 22 49
69 2 19
35 68 25
29 13 14
44 47 29
66 47 57
58 11 28
4 11 37
44 20 63
22 31 54
39 26 44
20 69 13
55 62 62
54 3 59
18 46 43
30 33 38
32 38 24
32 51 36
34 51 33
7 11 33
13 5 20
54 1 25
10 50 46
63 47 60
45 59 25
15 39 65
10 14 17
52 39 38
65 14 8
24 55 60
55 20 30
16 59 5
63 67 60
50 11 33
40 42 11
59 20 31
48 16 33
12 63 13
37 42 32
35 20 52
53 25 6
8 27 4
48 7 66
38 16 10
9 65 13
51 40 69
43 67 37
68 47 2
59 44 52
46 40 40
61 11 33
70 44 61
14 58 13
65 32 30
1 18 36
29 59 57
44 47 66
40 35 64
14 9 23
45 51 59
45 49 52
4 43 70
43 48 33
20 43 50
49 51 49
32 22 37
35 2 46
10 44 15
7 32 15
36 15 57
58 20 45
25 7 6
45 50 54
23 66 38
44 63 61
57 18 52
61 58 54
1 62 32
70 34 44
52 47 19
2 38 70
12 37 12
25 46 2
62 40 13
25 14 37
1 64 69
32 53 3
8 59 46
3 68 31
60 18 27
21 53 12
66 37 24
14 68 47
32 11 33
54 19 47
62 20 19
27 41 43
50 35 55
66 47 69
16 58 40
19 51 69
69 69 33
20 32 2
67 3 63
48 49 13
35 41 40
34 35 69
58 32 13
17 52 33
42 42 33
9 65 10
31 1 4
63 54 39
11 47 16
26 52 8
64 38 45
8 54 39
57 6 24
65 59 41
67 43 18
18 3 61
17 43 32
21 65 29
59 15 63
22 3 18
33 7 58
13 13 67
51 60 7
1 68 45
54 61 54
69 10 58
28 5 44
28 69 23
30 59 68
39 8 26
64 46 12
29 4 68
3 51 40
11 34 30
55 23 11
32 26 60
46 28 8
33 2 48
10 50 50
57 22 37
52 17 25
14 21 54
19 56 67
12 49 44
16 9 59
50 46 26
64 23 48
42 45 30
12 57 70
69 48 27
32 50 49
63 51 45
57 3 63
18 60 57
44 67 1
43 36 25
60 66 12
1 62 34
17 3 42
19 17 69
44 45 39
63 17 53
8 63 56
15 63 66
66 15 43
1 36 17
57 18 67
43 66 18
48 13 37
52 45 2
56 62 49
23 41 48
32 29 29
14 26 47
12 58 27
1 66 67
31 33 21
61 43 57
60 69 48
47 49 51
47 50 14
56 35 14
3 28 63
50 43 26
27 52 65
49 33 47
60 45 32
12 55 69
16 51 67
37 17 21
35 32 13
2 61 64
57 46 42
63 66 38
32 61 19
15 53 49
21 2 5
58 16 33
2 51 29
25 12 30
49 6 31
52 53 22
10 59 10
7 39 29
13 48 11
5 31 34
47 62 34
10 32 58
58 64 62
22 7 16
3 29 40
1 44 26
32 19 65
28 9 35
12 62 65
6 1 22
38 66 12
67 29 20
15 44 5
35 67 51
64 2 6
3 56 66
27 20 4
30 62 59
20 2 7
50 24 13
19 39 29
50 18 31
22 14 19
5 4 25
5 27 67
28 4 33
50 13 50
65 10 35
56 50 10
5 17 56
22 20 16
30 43 70
10 20 52
5 59 65
55 63 28
40 37 38
46 60 1
25 31 67
30 39 20
33 46 29
23 42 65
34 43 9
35 16 38
54 56 2
53 31 15
35 49 34
42 22 9
45 64 6
13 7 4
61 36 59
63 6 41
40 30 18
17 31 27
14 53 26
16 18 7
55 25 14
56 37 8
34 21 14
52 30 26
39 24 32
53 2 10
17 43 68
66 32 45
4 64 60
45 67 60
63 39 15
49 14 68
39 66 4
70 46 1
7 29 61
39 57 5
69 27 41
52 7 53
17 9 68
59 14 12
27 43 53
43 41 11
35 64 55
9 47 59
17 62 37
33 42 23
54 70 67
42 12 45
62 16 42
1 7 59
47 6 68
14 3 37
11 34 55
29 20 6
23 30 50
14 37 69
48 10 13
49 16 54
36 21 1
26 46 44
51 34 46
17 14 18
38 20 24
65 22 23
15 50 6
68 58 17
59 6 9
40 65 4
67 23 45
21 7 69
65 67 39
60 55 10
29 3 54
26 27 33
30 57 40
24 43 52
1 19 48
49 55 35
24 50 64
36 47 7
11 70 26
23 24 69
2 67 17
24 69 44
64 36 17
51 14 51
30 32 47
67 34 50
13 36 63
65 61 19
30 36 45
20 57 60
63 1 54
37 45 66
28 31 60
7 25 49
58 49 1
12 32 61
66 3 62
45 48 45
64 69 2
70 54 53
41 21 12
65 2 53
69 5 38
18 47 65
21 56 15
2 18 35
59 59 2
38 16 12
52 62 48
28 14 22
15 23 53
70 36 61
47 61 39
58 50 40
26 37 49
60 50 16
40 70 29
45 59 25
51 37 62
28 38 35
64 49 16
60 4 45
26 36 31
1 69 70
14 70 42
26 59 45
21 8 34
61 9 56
35 22 6
69 28 14
38 40 50
44 43 30
39 4 55
5 24 57
36 20 11
10 9 13
26 24 69
49 30 22
23 37 57
53 50 26
42 33 58
25 41 15
38 6 23
32 16 63
10 67 46
13 29 57
11 16 49
55 55 2
30 38 36
24 28 55
19 19 14
7 70 23
40 9 41
27 18 66
22 27 34
53 69 34
63 13 46
11 38 12
59 25 23
70 56 12
7 59 2
17 36 17
59 55 14
24 8 55
15 68 14
60 8 5
56 36 47
50 34 9
20 67 64
43 16 19
53 27 34
31 33 7
33 13 27
67 57 32
28 42 56
3 18 8
33 52 37
51 50 58
62 52 24
55 44 40
40 62 22
69 25 58
23 48 57
7 62 49
66 29 26
22 34 1
56 63 22
46 49 14
10 22 20
18 8 53
29 6 27
17 43 22
55 55 46
66 12 49
18 10 51
37 32 57
35 64 8
26 21 59
29 33 50
10 49 28
23 41 21
28 10 66
17 17 28
54 9 62
43 48 70
40 63 23
40 16 5
50 39 55
59 32 4
63 31 47
27 9 58
45 23 64
66 54 58
58 23 70
60 39 42
11 67 67
50 22 54
68 59 10
35 60 33
62 38 41
33 14 29
8 64 19
52 16 49
40 21 35
20 68 33
63 68 10
62 36 65
58 58 3
2 13 11
43 39 68
10 33 2
37 21 38
5 46 28
17 40 6
54 3 5
29 43 26
6 39 8
46 12 46
33 67 34
12 37 29
13 66 69
58 1 45
57 2 35
59 60 34
46 65 39
32 27 37
63 65 44
18 10 49
48 14 33
26 27 42
50 49 4
51 39 67
6 63 8
16 55 64
43 46 18
35 24 6
44 2 66
32 44 51
41 59 13
27 54 15
26 25 12
21 26 38
64 46 26
63 9 10
22 33 54
64 40 11
42 35 66
24 18 62
46 36 67
40 10 48
56 34 50
13 46 19
22 13 1
33 54 32
51 41 62
20 16 65
45 50 5
69 37 16
30 13 31
51 59 34
50 37 24
26 6 44
66 8 64
21 11 44
65 9 49
53 23 4
23 66 54
56 30 62
9 61 42
12 7 5
52 60 42
20 46 5
8 4 24
51 28 38
50 59 14
70 67 39
69 52 10
28 9 36
61 38 16
59 32 45
21 58 69
46 27 10
51 6 29
45 7 23
10 60 42
55 5 16
69 67 60
3 64 64
12 65 50
37 8 48
65 29 47
33 64 32
24 2 54
70 15 41
15 68 61
66 41 29
50 17 44
24 1 35
22 19 19
21 23 23
20 7 32
60 48 4
2 10 40
30 4 68
52 50 22
46 18 35
62 4 40
23 67 3
23 34 12
61 24 35
44 30 63
35 9 69
64 61 40
42 40 32
16 61 33
34 12 17
29 58 63
13 27 57
65 37 34
26 12 59
11 6 63
19 67 57
37 7 37
40 15 56
43 18 33
66 8 37
16 64 22
3 2 69
36 47 29
42 36 23
43 66 47
32 69 19
67 27 49
25 63 54
66 70 6
20 41 12
56 39 34
56 63 27
2 23 54
49 44 45
68 48 51
22 24 70
33 7 30
49 20 16
41 27 42
54 7 37
23 47 27
19 18 61
57 6 65
31 6 8
30 31 5
16 52 28
14 66 9
56 41 61
69 41 32
29 45 53
10 53 58
54 57 22
47 25 14
51 17 67
38 63 9
26 53 19
16 34 42
46 22 70
19 51 48
65 30 55
30 50 61
38 2 47
13 61 1
67 5 38
59 15 40
66 53 59
1 6 65
24 64 7
25 66 28
70 32 6
39 56 30
63 62 51
58 39 62
3 44 10
9 13 41
2 2 58
17 52 50
50 19 48
24 20 10
4 45 56
41 26 67
54 59 7
63 57 37
40 3 62
15 4 2
34 6 60
66 67 50
15 56 15
13 43 61
26 19 11
41 6 35
18 19 64
16 58 62
59 60 31
30 64 2
19 35 65
12 50 27
18 42 34
66 22 37
60 46 55
44 25 17
41 17 2
13 12 44
58 14 55
39 23 6
51 37 34
6 29 37
49 53 24
70 59 69
28 22 10
31 54 35
35 18 65
18 31 45
29 44 4
12 59 1
54 23 26
7 48 53
33 26 17
41 10 57
54 34 32
28 66 16
29 13 52
59 21 40
57 37 8
23 5 54
8 27 19
41 58 62
15 36 63
50 6 17
32 61 23
27 61 21
24 60 1
69 61 40
64 66 12
35 22 28
41 69 22
64 32 52
50 6 28
2 69 34
41 69 23
21 63 13
67 37 34
24 25 19
42 49 4
26 6 67
10 7 7
3 65 2
56 34 32
5 66 47
49 43 5
7 38 59
63 64 37
49 32 36
9 19 17
35 10 15
19 45 26
46 37 28
22 47 39
51 70 41
65 2 43
30 50 35
8 48 31
46 29 69
21 48 17
65 33 2
15 57 4
39 70 8
9 10 16
18 20 5
21 11 62
40 27 54
39 32 41
21 27 64
42 35 55
10 7 60
8 52 61
61 38 26
53 24 20
34 18 36
43 22 33
57 20 21
66 3 69
12 25 26
19 30 58
62 36 49
49 37 17
37 64 65
47 38 10
62 15 56
44 4 12
12 6 52
12 58 69
46 59 58
6 56 52
39 30 9
67 37 60
64 38 45
35 32 4
55 5 37
6 30 50
1 36 10
23 26 50
30 58 47
65 42 27
13 13 20
6 69 18
55 16 68
67 50 31
7 23 37
68 42 23
48 40 8
29 33 40
57 65 70
59 63 6
52 48 40
7 27 27
4 58 40
9 39 18
49 29 32
54 60 24
59 32 49
31 51 58
67 31 41
44 34 39
61 39 52
67 67 9
2 1 43
16 59 60
26 44 70
64 63 67
40 64 47
58 16 21
49 19 66
22 50 42
41 27 33
30 2 25
18 42 1
5 47 12
1 67 38
51 26 5
64 24 58
69 67 70
65 3 6
8 52 49
66 2 15
9 52 56
67 69 11
1 60 29
48 13 34
70 15 62
1 31 30
59 52 48
22 25 2
38 49 41
38 29 32
20 45 9
45 8 42
38 48 16
49 69 48
55 9 32
5 7 35
21 32 26
11 14 10
17 60 31
65 26 6
24 32 26
57 49 15
26 67 52
36 34 6
43 65 20
13 32 48
22 56 51
46 14 56
21 24 47
29 66 15
46 41 63
45 66 2
45 19 44
44 53 2
10 64 17
60 61 43
51 46 16
11 19 35
13 31 36
31 64 34
26 31 28
65 47 28
38 35 37
42 68 55
5 65 27
11 26 37
69 54 4
29 66 55
48 67 52
55 57 50
7 24 62
53 26 50
28 37 61
4 36 39
20 43 28
28 32 4
57 36 53
38 68 46
3 48 30
58 31 60
9 55 29
3 22 28
56 6 56
33 70 49
40 45 69
7 10 36
6 10 68
6 29 54
4 47 46
33 69 18
41 58 31
10 43 44
21 46 66
59 54 11
36 5 36
15 28 6
45 38 38
32 53 8
52 41 11
65 30 7
54 16 22
21 49 40
50 59 24
60 53 68
4 16 54
13 46 23
53 61 43
13 47 4
4 53 39
57 8 27
27 10 50
46 26 10
20 44 66
22 47 66
9 35 11
23 67 2
6 65 49
32 9 44
61 23 28
51 48 33
13 69 22
33 20 68
36 43 33
5 17 49
22 47 21
59 32 16
30 16 58
28 5 3
41 27 62
43 52 21
31 24 51
7 6 10
26 53 27
18 68 40
26 21 17
50 19 26
10 2 51
17 60 57
34 26 49
62 52 43
55 35 69
58 39 65
60 55 44
6 12 57
13 45 64
5 13 8
44 69 26
10 16 45
43 15 42
34 4 23
48 20 42
56 42 68
35 20 69
54 59 66
42 66 13
42 28 3
40 42 54
47 34 49
29 11 37
8 45 41
32 18 18
52 25 54
35 66 18
34 47 4
23 48 32
59 3 33
16 70 44
60 5 5
48 43 10
65 66 2
49 40 69
51 53 34
65 53 56
35 62 3
53 32 11
17 11 31
46 44 40
62 64 46
40 33 47
27 5 11
60 21 29
31 49 26
57 70 18
46 45 28
52 40 56
41 62 4
23 66 24
5 8 3
21 10 12
4 33 48
49 32 65
26 64 12
66 56 42
1 41 4
69 10 53
2 55 29
57 16 27
64 35 17
55 34 35
53 62 43
21 44 24
36 29 31
21 3 38
15 5 21
19 39 67
29 67 18
48 37 55
54 27 22
4 25 55
54 66 2
62 53 37
61 2 38
24 43 37
6 27 44
26 10 11
38 43 32
39 34 49
17 65 10
52 12 38
37 4 68
13 12 1
53 23 17
21 29 29
25 38 68
26 53 67
49 39 36
41 36 46
2 9 10
67 56 34
30 50 59
42 9 7
47 13 66
26 51 62
48 59 19
14 67 25
54 43 38
48 51 25
9 69 26
6 3 57
65 9 58
64 20 53
5 51 21
15 37 59
47 33 39
36 6 23
20 64 60
59 10 61
22 19 24
28 21 2
8 2 57
10 42 31
8 47 18
21 32 43
20 63 50
35 37 38
4 11 43
40 9 25
65 58 38
65 17 16
8 47 59
7 70 20
46 22 41
6 34 44
65 24 26
4 42 37
40 4 20
17 23 65
59 28 54
50 6 21
62 12 21
6 25 27
46 48 61
22 12 57
50 70 17
50 52 30
44 57 30
49 8 13
58 7 60
37 50 39
47 1 44
4 47 66
65 54 14
3 70 63
48 24 10
68 50 6
46 15 18
52 16 58
28 58 59
63 42 22
10 22 52
13 5 46
52 27 11
21 67 68
68 22 4
29 58 64
37 43 22
57 39 59
13 57 43
66 22 51
10 17 50
58 60 49
61 27 43
67 25 31
47 8 51
23 63 30
24 14 58
1 8 4
58 23 60
42 16 5
62 62 24
69 62 12
33 39 3
57 55 42
68 31 39
47 62 24
36 39 29
26 33 9
12 36 63
62 64 67
15 13 3
47 51 48
59 6 63
10 70 23
3 66 51
51 66 52
49 50 49
37 43 26
48 36 39
24 42 20
38 12 32
27 2 67
54 42 67
68 58 7
62 13 42
4 65 53
49 63 34
37 32 19
4 43 37
55 19 49
67 51 56
65 37 4
40 35 51
15 56 38
24 50 67
42 39 56
68 60 14
6 45 68
68 36 23
47 60 23
62 68 57
41 53 45
28 44 46
42 53 37
60 4 56
3 69 49
65 58 57
31 10 24
18 41 39
5 69 12
56 31 60
58 48 25
33 1 53
2 41 11
17 21 40
42 59 60
61 40 67
66 39 45
66 31 23
25 53 56
16 39 17
45 57 41
33 9 35
63 6 17
14 9 43
47 22 9
43 19 43
62 37 30
56 23 47
58 64 39
65 32 29
14 50 27
62 4 6
27 55 54
31 2 66
27 36 9
13 11 21
41 54 40
52 26 23
5 59 21
52 43 35
39 6 38
39 69 44
33 8 53
47 32 38
34 55 50
51 57 1
4 12 42
16 69 38
20 12 27
56 9 8
41 24 33
14 5 20
10 4 32
69 63 22
10 16 33
30 29 35
44 62 12
70 8 50
64 29 51
2 57 4
23 33 5
15 26 17
61 2 45
7 42 33
57 68 64
36 59 41
7 47 50
20 48 66
44 38 53
38 42 11
21 59 25
45 28 61
59 1 22
56 57 38
64 12 60
46 37 63
39 2 70
68 63 59
16 29 25
27 19 67
15 59 67
40 20 7
62 29 32
36 20 25
52 70 35
64 25 56
22 7 65
63 9 49
37 61 69
54 56 36
34 69 25
8 51 42
29 58 12
4 36 35
5 54 45
52 63 61
61 35 52
27 53 44
55 56 56
62 53 42
40 67 24
20 67 64
56 67 57
6 53 49
21 53 61
39 33 49
40 43 11
66 8 25
45 57 10
25 58 33
42 37 51
11 24 16
18 24 36
20 51 14
70 57 34
21 2 28
46 54 49
12 18 19
9 37 11
4 30 25
41 6 25
67 31 7
70 18 52
31 19 19
55 38 59
65 12 36
59 5 38
56 38 36
2 23 61
1 2 64
41 26 43
40 7 2
33 18 37
63 1 40
54 3 1
22 65 70
26 36 52
45 7 55
46 28 52
21 4 43
33 14 3
3 54 48
13 53 68
12 42 12
40 6 18
4 20 11
25 17 47
50 2 39
63 48 59
37 47 11
10 13 23
28 10 19
43 35 12
25 16 12
58 67 31
35 24 55
5 3 14
48 60 53
19 25 8
14 5 52
15 63 57
60 27 24
13 62 23
35 10 62
26 39 2
44 44 51
16 56 44
54 51 52
2 55 50
13 24 20
42 28 30
11 26 40
20 45 11
14 2 64
13 31 68
27 58 63
3 10 52
11 14 19
9 31 23
6 12 47
70 49 18
13 57 58
53 30 48
69 46 48
18 68 6
17 9 7
54 34 31
65 47 13
42 32 7
48 34 57
65 37 53
19 59 3
25 58 47
5 13 20
19 61 14
46 33 39
8 43 39
58 3 58
51 20 67
23 56 6
18 48 51
39 9 22
53 58 11
4 18 16
62 51 6
55 43 15
70 36 8
7 18 13
17 60 17
67 61 62
18 40 7
21 47 44
17 18 41
47 24 50
23 33 35
5 57 10
21 27 56
46 69 1
20 36 7
44 36 70
35 26 9
64 64 28
62 6 44
19 27 47
43 21 56
69 26 59
38 64 52
65 49 24
43 20 17
47 19 32
30 17 37
43 52 11
21 6 65
54 9 4
27 32 60
58 47 25
68 53 54
50 63 1
69 22 1
42 62 2
32 46 70
28 9 28
6 24 7
59 69 30
6 21 19
57 66 50
11 63 63
63 58 1
1 28 69
44 2 10
54 56 55
24 28 49
33 28 36
14 49 23
7 8 42
64 38 31
38 19 60
7 31 48
8 52 6
2 26 69
9 55 33
22 4 66
32 65 68
14 8 46
65 17 64
38 27 70
27 2 62
67 64 60
4 57 61
9 69 31
58 47 37
54 12 2
51 17 44
32 1 19
48 25 28
69 16 38
68 39 31
29 40 16
21 31 43
40 50 54
15 2 50
19 3 14
32 4 42
10 26 66
44 40 36
50 25 4
38 43 21
40 65 3
19 60 57
12 35 20
23 59 17
60 4 34
69 14 45
38 51 41
32 56 47
51 16 5
11 53 20
42 10 3
39 33 23
63 41 42
60 60 32
18 30 42
36 19 63
54 47 4
52 63 54
68 32 58
61 68 41
23 31 66
37 42 52
53 69 41
6 65 43
17 47 39
22 48 55
48 64 12
6 12 68
62 31 6
56 22 49
41 52 6
36 44 15
2 34 41
40 22 45
57 37 19
64 35 31
4 57 59
31 12 49
50 6 41
56 6 52
64 19 40
25 58 35
37 25 48
2 7 55
49 42 65
59 13 14
10 60 2
21 5 40
48 10 58
62 43 58
7 15 37
52 64 38
16 29 36
16 8 32
37 57 39
30 24 13
33 5 53
53 70 40
1 16 1
10 27 9
41 19 27
9 3 19
12 47 49
6 40 48
64 33 50
35 58 36
69 28 32
5 17 62
43 69 38
2 38 8
23 48 19
25 12 65
50 13 51
38 50 8
34 34 35
34 42 8
43 5 33
32 58 12
38 5 61
38 65 13
25 11 60
40 68 30
22 25 66
9 48 53
30 48 37
39 62 30
42 17 21
37 62 2
1 52 55
4 55 35
68 8 42
49 68 12
67 33 45
68 26 31
3 4 12
49 23 4
2 70 12
24 20 25
32 9 54
18 26 51
15 1 24
43 50 20
16 6 18
19 31 25
58 28 37
62 26 68
39 10 5
29 25 11
1 29 26
39 29 22
7 36 44
28 21 11
25 63 4
19 26 44
42 45 26
61 37 65
45 53 59
55 23 33
59 70 7
5 35 19
10 20 61
16 27 51
58 27 40
24 28 55
10 25 50
66 39 46
49 2 24
40 70 14
29 43 60
19 56 66
19 11 14
25 65 69
44 10 28
47 52 62
30 59 13
7 34 13
66 10 5
34 15 70
44 29 17
45 26 16
23 22 36
50 28 66
46 32 36
48 56 41
12 1 43
52 15 20
66 40 37
16 60 55
59 21 46
7 66 14
50 13 3
34 29 6
18 24 32
58 42 31
29 54 18
65 7 25
25 27 56
55 2 14
11 4 29
4 2 2
59 32 24
8 41 3
4 69 40
7 54 34
42 25 69
47 68 2
2 8 34
64 52 48
53 59 7
68 37 64
49 35 7
16 54 20
19 40 45
51 31 8
43 38 14
43 12 23
52 6 34
20 70 32
14 43 59
17 4 68
22 10 48
24 53 45
29 50 30
66 10 63
44 38 8
24 40 1
41 48 52
13 30 56
62 27 59
48 42 39
22 48 61
20 28 58
43 11 21
45 43 4
59 56 55
20 36 34
13 32 10
9 68 61
64 36 40
28 34 26
4 66 2
19 8 22
33 25 1
68 42 26
21 18 5
41 69 65
47 56 49
69 65 12
1 2 22
33 67 58
37 62 62
11 16 50
38 50 25
6 1 21
2 43 51
64 61 11
33 27 61
60 56 35
40 69 62
35 67 44
55 49 66
1 7 67
30 52 58
33 3 58
19 35 22
49 59 69
56 62 7
26 16 7
38 4 10
47 56 39
55 55 10
62 53 33
44 35 4
35 15 49
65 16 19
21 52 40
16 55 17
56 8 40
41 70 11
10 51 62
1 43 49
30 57 7
22 7 2
43 21 11
8 30 58
19 7 54
19 36 2
3 70 67
19 65 3
8 48 6
67 56 20
67 14 51
35 1 50
55 25 46
51 25 13
63 38 30
11 10 55
2 42 70
28 55 37
53 17 32
35 43 10
14 50 46
42 58 10
40 9 65
12 55 30
33 43 9
43 5 21
27 24 14
58 65 37
45 28 43
70 49 6
70 63 30
6 34 57
20 33 22
55 41 70
25 4 1
13 4 40
63 39 40
41 63 41
36 57 9
17 66 63
67 47 5
19 31 61
61 5 16
9 27 27
61 49 37
22 6 47
1 41 4
18 47 2
19 58 57
36 18 63
17 56 55
4 14 40
12 28 22
32 21 26
66 21 4
66 31 66
14 56 36
39 65 57
3 53 31
8 7 6
22 50 22
17 47 32
12 19 62
46 12 65
30 21 14
58 67 19
69 31 28
19 37 62
49 34 19
14 1 7
13 15 30
46 51 56
66 58 10
37 45 40
38 21 55
4 4 60
49 27 32
59 52 56
24 23 13
26 27 3
2 44 27
41 55 36
69 24 30
46 18 18
34 13 6
5 68 32
27 63 58
10 1 49
47 21 13
37 63 20
69 41 17
44 1 34
58 59 37
21 6 23
13 50 61
60 29 51
49 67 37
20 10 33
44 55 58
53 49 26
49 11 14
47 8 37
23 12 31
53 49 9
26 32 51
25 63 14
29 10 1
53 43 63
9 7 64
56 53 55
35 34 21
55 48 7
10 14 52
36 53 69
66 7 59
43 68 14
50 52 68
48 44 10
32 6 7
66 25 46
61 23 26
20 3 13
2 4 39
18 33 3
67 49 66
54 40 66
53 17 14
8 68 55
1 66 43
26 1 51
68 66 13
37 23 9
2 44 37
44 11 3
5 48 40
10 44 14
6 27 51
52 10 18
26 11 16
13 61 5
53 34 38
12 19 8
18 20 41
40 50 15
57 30 62
1 12 19
1 42 11
41 21 6
20 69 24
30 56 17
32 3 8
13 17 11
7 14 22
55 59 67
27 65 40
15 19 31
13 67 16
43 4 11
13 66 5
19 9 10
10 47 37
59 35 42
68 64 38
42 24 35
18 67 51
44 10 18
8 43 55
38 54 45
57 11 12
43 14 48
6 54 28
7 35 56
60 63 28
23 36 68
48 50 61
3 44 38
65 31 36
20 61 55
69 39 60
27 27 57
28 56 55
8 59 43
12 4 65
18 50 25
31 44 10
28 70 44
27 55 66
52 65 36
23 57 3
54 51 57
35 54 32
14 10 53
2 50 9
52 50 22
22 59 18
33 21 37
61 9 62
56 7 54
56 42 11
48 31 28
66 70 5
36 64 62
2 61 11
41 7 45
40 36 19
69 39 56
32 45 63
57 42 32
15 37 8
60 67 44
43 56 35
5 33 49
11 13 57
42 68 40
43 20 1
28 49 49
32 21 29
53 13 12
35 19 64
18 53 10
42 30 52
15 10 47
10 32 24
15 64 61
38 22 18
9 41 30
50 44 11
16 40 43
20 14 44
1 36 51
1 68 4
19 37 38
17 11 66
66 11 42
8 42 52
64 3 18
24 42 39
19 69 21
12 7 27
46 20 1
65 32 12
46 54 6
58 39 62
8 15 7
27 63 22
30 43 66
27 47 10
70 7 2
19 18 2
43 40 54
25 45 24
63 23 36
17 38 30
47 51 34
61 34 33
60 48 28
68 59 18
21 56 65
69 35 28
57 32 23
48 38 20
16 29 28
50 33 7
68 5 61
57 6 14
53 47 63
64 52 2
66 55 22
70 36 56
37 49 6
34 12 15
52 61 1
15 38 64
48 11 7
69 31 37
14 24 70
56 20 38
35 64 70
59 31 12
40 56 24
19 59 11
18 70 54
19 45 26
31 62 65
12 69 21
65 38 9
37 42 25
44 40 20
5 59 54
42 37 11
25 42 30
44 70 25
10 34 48
46 37 48
17 4 18
43 28 17
57 50 12
56 26 25
28 16 15
54 65 35
55 29 43
23 57 48
19 10 67
25 58 67
4 66 4
25 70 37
1 18 65
25 26 51
22 46 14
58 25 51
6 59 44
9 60 22
38 2 46
63 36 22
60 39 62
40 53 38
58 9 68
39 61 64
48 51 67
54 50 33
62 11 57
51 48 19
8 49 65
26 65 46
51 19 5
41 49 50
38 5 55
56 5 49
59 29 29
45 30 64
4 24 47
24 43 17
63 32 10
46 14 13
55 11 30
31 29 52
17 19 29
12 35 59
61 21 70
8 27 65
28 22 1
40 35 18
48 38 42
11 15 69
65 24 52
12 60 8
15 14 18
14 4 36
12 5 61
53 58 5
6 19 44
59 69 61
63 57 35
15 53 57
6 25 33
50 35 49
16 32 7
49 34 68
36 11 42
19 68 43
47 6 51
16 32 44
67 17 68
38 69 39
50 40 36
2 31 18
47 33 34
38 63 56
25 33 57
40 42 22
2 51 27
16 8 62
59 50 51
49 50 45
15 12 23
5 42 46
53 12 35
54 23 68
40 46 48
47 21 25
64 14 67
50 12 57
14 17 3
60 25 34
55 47 24
2 53 54
57 43 60
39 13 61
21 16 33
33 43 33
11 70 69
30 29 29
14 9 21
62 63 26
12 62 47
50 57 29
49 53 2
44 50 15
3 55 30
33 53 55
19 33 14
21 25 56
22 50 16
44 11 45
23 39 13
58 51 47
12 18 19
37 53 48
24 60 18
10 16 60
13 12 35
32 63 4
14 7 36
10 48 2
58 45 3
68 59 46
18 4 53
61 25 61
13 65 6
47 40 13
62 18 44
46 9 54
24 43 29
8 47 49
16 23 27
23 23 30
26 60 42
11 48 11
5 53 39
8 2 59
50 35 32
8 8 40
61 66 29
7 21 7
41 23 39
43 69 6
11 40 10
48 14 4
48 16 35
33 48 15
9 69 47
48 50 59
24 12 35
4 24 1
4 24 6
62 27 30
37 32 10
56 16 10
39 11 31
1 69 9
68 29 54
68 28 28
28 23 29
1 28 69
21 67 13
10 1 23
23 1 61
70 45 7
15 35 22
44 65 9
58 28 65
45 50 50
56 51 17
2 12 24
12 20 29
10 30 25
5 3 6
18 3 49
49 38 54
20 44 38
45 67 42
66 63 60
49 24 35
44 57 13
22 52 58
29 24 26
26 52 22
21 3 23
57 12 68
37 65 40
38 59 26
18 67 19
51 46 61
14 33 21
33 65 37
54 53 70
37 27 27
9 65 2
68 11 61
17 57 46
37 39 49
22 40 16
9 8 62
41 51 27
60 50 23
28 32 33
32 34 38
31 66 10
40 18 70
2 53 66
22 5 32
22 6 27
42 7 32
12 63 36
13 13 38
67 35 68
60 20 21
44 60 13
7 15 20
3 27 2
46 70 16
50 47 6
16 23 12
57 13 15
58 70 65
49 45 15
8 54 62
51 3 69
40 49 28
6 16 3
8 14 60
64 52 41
3 21 29
30 70 4
36 32 13
28 53 60
52 12 66
9 37 61
51 21 7
58 18 24
55 70 68
53 40 58
26 41 36
68 43 12
1 13 33
49 63 21
2 26 35
34 44 28
53 63 34
65 2 32
13 32 69
5 25 24
53 45 59
13 2 14
15 51 61
16 16 4
3 56 25
14 1 68
6 65 53
18 13 16
26 24 64
50 35 18
24 24 12
70 39 40
69 60 27
13 33 34
10 43 38
31 70 29
14 43 14
66 2 54
42 53 70
9 65 65
40 43 16
31 57 24
23 45 44
7 1 43
3 43 15
62 14 23
63 13 57
51 31 45
42 30 10
62 17 45
4 2 21
39 69 17
20 47 65
20 34 68
38 5 31
14 9 13
67 39 23
43 57 61
26 46 40
30 1 70
69 70 31
64 5 40
39 39 32
37 34 68
15 3 11
19 9 46
54 39 33
66 2 46
5 31 39
54 15 45
10 41 38
16 2 1
4 67 17
7 33 9
1 47 53
49 64 20
47 62 35
23 13 42
49 15 70
27 39 15
31 61 53
20 25 57
37 61 6
15 60 61
57 13 18
39 40 57
29 66 19
36 48 47
10 35 24
56 33 16
40 8 13
13 13 51
1 40 8
28 7 36
7 21 15
30 47 17
15 55 59
21 68 26
50 2 53
41 30 14
3 63 18
26 26 60
10 14 43
55 39 31
30 15 64
2 25 19
24 35 32
63 42 53
7 4 29
4 60 16
42 26 47
19 13 27
42 53 50
59 68 38
23 63 50
44 43 13
4 10 40
16 11 35
10 5 14
5 53 23
50 23 52
5 66 24
66 25 70
54 36 63
44 5 23
37 56 70
24 24 24
22 22 47
58 18 62
25 30 46
65 29 36
54 37 56
65 69 10
34 63 9
17 23 3
9 15 2
44 33 64
63 48 15
49 7 66
35 63 69
11 4 51
24 53 37
59 36 41
17 2 15
19 62 49
52 19 25
48 42 5
51 53 6
25 42 49
65 34 63
19 31 31
1 47 5
67 61 58
10 34 25
21 22 32
32 4 51
29 38 28
41 51 58
54 19 14
70 37 12
27 35 7
49 5 21
42 67 22
20 23 24
16 42 45
59 25 5
32 39 10
39 42 34
14 47 57
55 60 54
49 2 15
39 58 50
26 36 6
28 68 39
51 66 6
4 32 48
52 22 35
33 1 18
16 11 43
11 33 25
6 7 62
11 55 41
65 20 44
14 27 57
46 69 31
31 67 38
9 55 53
33 56 21
25 53 36
28 5 16
67 38 58
37 25 5
54 8 69
4 66 20
57 29 57
31 66 52
58 65 58
20 45 29
61 67 12
9 47 40
62 52 31
66 13 13
16 50 47
61 43 27
1 12 55
32 70 22
28 68 15
2 29 7
37 4 64
39 62 68
34 64 21
21 69 54
1 8 64
64 51 62
1 22 54
58 68 46
37 53 39
11 29 13
25 10 39
26 18 51
69 17 57
32 34 13
31 11 24
3 12 2
13 49 69
49 63 25
47 42 27
8 61 59
62 46 53
3 40 3
31 11 53
7 56 38
31 56 18
14 4 48
14 41 36
67 68 23
50 1 45
32 24 42
42 58 19
31 58 55
62 55 48
64 13 27
40 2 49
20 47 2
32 25 10
60 9 52
20 14 25
39 9 6
46 5 18
27 17 68
21 43 26
39 25 27
63 13 52
42 56 47
62 32 54
46 17 2
55 34 56
2 34 5
12 3 19
9 22 49
18 66 53
62 60 45
23 61 14
52 33 17
8 21 49
3 32 20
63 4 58
22 65 52
4 40 34
21 43 16
24 46 27
46 27 8
4 11 55
21 2 40
2 28 51
52 45 26
6 26 27
40 10 1
28 34 44
24 39 29
28 32 6
46 4 28
16 39 27
55 20 4
7 62 67
32 64 47
13 6 14
67 36 14
37 19 61
6 68 34
39 44 39
67 63 54
61 26 34
36 63 51
41 42 24
60 5 60
12 66 68
56 68 58
11 1 25
8 35 33
22 27 64
46 49 44
23 68 39
37 16 39
17 21 69
55 42 63
35 19 30
70 23 12
63 40 65
42 57 70
70 49 54
61 58 39
6 15 9
23 8 56
34 42 51
27 52 66
31 36 65
50 12 38
22 35 29
14 48 19
54 62 32
28 22 27
20 24 45
22 44 60
28 11 9
29 46 70
36 2 63
24 59 33
40 49 23
35 49 62
35 36 59
59 13 49
11 25 49
62 39 62
45 16 9
56 14 70
59 41 11
25 4 66
15 39 70
30 42 51
60 12 38
38 54 23
48 22 43
36 69 46
26 4 59
14 46 70
42 56 37
13 65 50
25 26 55
17 1 60
33 44 23
67 45 27
55 23 2
59 69 6
70 16 45
42 27 70
33 15 23
6 1 34
27 62 1
50 67 26
5 39 43
57 68 48
1 44 33
24 36 58
19 54 23
38 56 32
57 40 6
21 66 49
29 14 33
45 7 10
10 37 64
22 64 13
1 35 57
7 39 2
59 33 7
68 59 2
32 52 11
7 64 38
18 9 18
70 68 1
38 29 48
22 39 69
30 19 12
13 30 36
47 51 12
45 21 62
46 20 65
33 64 1
14 23 50
64 49 68
24 66 12
35 3 8
17 69 49
70 66 24
68 25 37
16 27 3
22 11 55
18 21 15
57 61 32
12 22 40
34 21 13
48 4 63
57 12 3
28 56 48
30 16 13
14 67 2
11 57 52
14 67 21
45 62 23
43 60 56
42 28 12
51 2 33
42 53 47
65 9 50
54 24 51
9 19 24
22 52 17
14 56 55
8 55 6
66 12 61
65 48 12
18 20 9
42 66 67
17 55 41
39 1 14
32 35 5
12 24 56
24 41 49
39 28 31
42 63 2
6 60 58
33 39 6
13 31 14
57 15 41
66 5 42
2 1 32
19 51 24
14 59 44
40 70 1
51 12 21
17 26 21
7 43 37
7 19 63
64 29 44
15 1 70
17 55 41
19 9 27
28 48 14
62 33 46
33 53 25
46 45 23
14 14 18
32 25 28
42 48 12
42 56 10
30 64 63
44 64 58
30 26 67
68 35 52
53 15 3
33 59 2
31 9 14
23 50 63
18 60 43
6 17 45
39 18 29
30 29 62
63 29 1
44 65 18
20 20 29
35 5 2
61 29 22
29 55 7
30 20 21
41 55 57
9 36 68
29 35 13
61 12 53
10 11 55
26 24 20
33 63 49
27 62 57
49 15 30
37 45 14
36 37 8
23 20 15
20 28 69
69 20 35
5 21 46
70 26 9
13 22 46
24 56 46
15 10 30
37 37 14
38 9 46
25 18 19
4 47 54
20 31 21
6 4 57
9 65 8
48 20 64
63 12 45
49 20 15
18 16 34
4 56 27
16 34 69
14 26 20
41 15 11
7 56 19
5 24 3
58 32 37
21 54 55
29 52 23
50 66 53
49 57 40
12 27 58
47 59 68
47 47 25
15 22 7
49 3 14
14 14 24
51 70 38
38 29 64
34 63 55
33 39 45
21 12 32
7 14 62
25 7 40
1 43 40
62 20 67
5 66 24
44 47 55
35 13 47
15 32 70
58 8 48
8 62 70
60 66 26
45 57 54
37 40 37
55 1 67
49 7 51
17 15 46
29 64 40
59 40 18
60 8 32
53 7 66
5 56 57
59 66 18
50 13 15
22 33 30
69 62 70
51 34 33
4 20 48
40 1 60
67 20 47
5 69 55
34 37 51
10 28 51
51 48 48
37 61 31
66 29 29
22 37 21
45 13 32
66 14 14
11 20 22
60 20 57
36 30 43
48 65 51
52 11 59
25 66 13
20 54 66
70 50 70
69 1 17
64 17 26
56 63 58
57 33 60
57 16 31
7 45 44
14 46 52
42 52 23
13 20 13
14 19 30
66 55 53
20 65 40
51 9 51
43 39 41
52 69 56
10 18 4
24 3 9
29 38 45
1 53 26
18 40 44
19 51 10
62 48 64
51 33 9
44 29 67
28 3 11
61 28 41
37 41 47
65 47 24
48 43 20
37 47 24
15 60 58
59 61 47
14 2 57
36 23 69
55 50 70
21 22 14
36 30 6
34 6 17
51 22 7
35 20 67
63 35 58
16 37 8
33 31 40
39 24 31
67 11 52
3 8 5
13 52 68
9 59 33
11 6 22
45 8 59
1 13 53
38 45 20
61 62 66
22 30 14
19 36 13
39 17 49
1 66 33
42 6 61
10 4 31
34 59 29
19 17 67
5 50 17
61 38 16
6 56 58
40 60 40
39 46 2
45 4 20
24 67 42
54 25 28
50 18 51
20 16 19
4 53 16
50 53 66
19 61 40
63 43 28
25 70 68
68 38 31
22 70 16
64 56 34
31 39 61
6 37 38
38 29 45
6 36 64
66 22 10
7 55 35
48 14 18
42 3 69
19 57 43
56 66 24
30 66 13
52 37 60
5 61 65
66 49 70
24 60 52
55 53 9
9 12 8
30 3 48
50 10 28
44 13 38
18 41 48
68 70 58
17 39 57
19 57 46
28 51 34
61 63 37
37 48 69
26 8 51
24 56 13
49 34 24
61 50 47
4 51 8
32 36 47
13 43 62
20 39 12
48 9 33
60 29 23
49 65 35
70 26 21
67 40 29
49 6 4
11 48 56
9 44 39
36 6 12
34 65 61
28 25 48
6 18 32
27 6 7
5 55 30
38 20 50
6 28 17
65 29 48
49 13 24
58 10 3
20 19 25
49 40 43
18 23 15
57 21 64
43 66 49
25 22 22
31 68 60
48 29 20
13 36 18
15 13 37
31 33 62
64 18 10
49 69 39
24 17 56
22 14 49
58 44 16
12 33 26
35 41 12
51 35 21
8 47 23
25 21 44
67 23 8
11 5 13
21 41 57
27 51 55
67 6 22
55 9 55
25 26 15
44 62 35
42 26 1
24 69 63
37 48 38
44 29 46
52 35 26
29 68 26
26 45 37
65 31 24
68 23 49
9 62 41
24 32 38
3 31 45
62 19 67
43 15 29
51 31 1
55 24 62
21 35 22
57 5 28
24 7 8
6 32 24
69 45 50
45 49 34
15 26 1
32 33 4
40 65 3
69 34 17
27 21 4
31 60 9
11 17 37
60 17 65
32 55 27
41 22 29
40 29 27
14 46 61
67 10 3
34 35 27
9 28 45
50 8 6
37 47 43
18 70 60
13 17 24
68 46 43
36 44 52
2 11 51
14 42 44
33 33 47
65 42 48
44 13 46
55 28 19
53 20 21
33 9 23
19 41 7
