500
36 71 24
52 67 12
69 59 56
1 25 54
49 56 9
28 21 1
23 20 13
5 12 55
36 9 54
7 7 60
30 51 74
21 64 71
52 68 8
9 13 16
29 71 44
72 23 42
13 52 24
19 48 4
16 69 74
70 64 2
15 62 31
44 14 63
6 34 41
67 48 54
27 29 70
72 39 27
50 54 9
35 27 18
2 38 56
21 10 66
60 56 47
63 70 28
24 11 39
12 49 22
72 3 14
63 51 6
47 7 67
32 7 47
9 71 42
73 39 54
22 64 67
34 39 53
42 35 73
1 20 42
27 42 46
33 29 11
30 36 54
60 8 3
50 57 33
62 42 13
73 58 5
12 23 64
71 66 51
35 70 4
5 53 21
51 65 28
1 38 66
4 34 18
74 71 50
51 54 36
46 72 19
14 74 66
5 60 11
73 29 63
24 15 54
19 66 44
27 7 58
19 54 14
12 15 54
56 11 13
54 74 58
45 56 33
32 50 53
24 31 67
52 52 43
69 29 37
52 5 64
22 18 3
14 53 8
38 43 59
55 27 74
33 28 12
11 14 43
34 38 2
25 22 28
49 5 19
22 33 48
48 14 15
22 26 25
16 37 12
57 13 14
59 34 10
62 41 6
22 34 61
27 39 68
54 40 21
15 60 8
57 65 42
73 73 27
56 20 49
28 49 57
10 43 36
34 19 72
13 6 12
9 74 18
41 31 17
25 73 50
3 29 50
55 10 33
2 50 39
40 59 19
31 2 52
61 39 63
18 50 17
54 17 60
50 21 27
3 46 14
38 42 35
50 26 6
68 55 30
55 33 45
32 19 21
17 70 6
9 46 24
19 2 11
10 55 50
48 63 54
29 58 37
61 11 44
66 1 5
52 34 45
12 69 39
55 18 5
28 37 61
6 1 37
47 37 70
49 37 61
40 69 48
63 38 52
14 22 2
17 16 46
36 34 70
14 25 15
69 13 56
27 11 54
37 29 28
38 36 57
19 37 58
6 3 40
67 69 44
4 50 16
29 5 48
34 56 17
38 18 45
43 36 70
69 48 51
1 70 72
22 5 72
28 27 56
33 38 38
73 21 10
72 17 2
24 33 55
61 55 11
68 23 37
70 13 69
17 23 62
42 43 18
72 17 51
38 52 13
19 19 65
14 53 39
26 11 6
63 25 53
24 65 36
32 59 2
33 37 52
51 56 57
29 15 69
10 1 54
72 46 26
38 19 62
18 68 22
48 69 47
17 14 49
27 10 40
40 34 34
62 1 7
23 24 8
62 33 34
26 14 70
65 2 49
57 48 42
20 63 17
58 39 49
5 58 41
68 17 7
24 26 16
73 65 11
32 26 19
54 33 9
48 73 28
8 23 17
63 67 48
7 71 24
53 29 22
70 28 26
60 8 30
59 35 52
50 25 22
57 68 21
72 11 62
44 16 18
54 29 69
11 68 36
39 6 43
8 54 11
74 54 35
43 70 20
16 30 13
71 1 6
21 30 3
60 2 2
64 69 20
71 39 5
25 62 59
69 44 35
44 47 46
69 17 51
13 62 42
71 49 35
52 5 19
6 67 37
53 1 66
53 21 11
49 57 27
6 8 28
9 20 15
9 50 62
68 19 73
62 29 45
6 32 64
57 40 50
49 14 17
68 40 63
17 33 25
36 66 31
73 58 11
33 27 44
7 61 67
26 67 30
54 20 11
17 43 25
12 40 16
11 1 16
48 65 25
69 50 24
67 35 65
27 19 52
49 74 24
47 25 3
11 70 65
34 67 11
1 23 42
3 61 32
9 70 64
2 50 26
54 71 68
33 60 18
37 15 2
66 47 46
61 55 24
16 9 67
43 32 74
20 36 64
36 32 3
23 11 46
5 56 14
60 23 56
23 69 66
36 21 26
47 44 7
2 53 9
54 18 51
3 42 52
1 10 21
21 61 32
13 26 48
42 50 51
52 38 59
72 59 11
39 53 35
62 3 13
74 55 72
42 29 23
66 15 38
58 39 37
52 67 36
55 64 68
46 53 17
57 20 29
42 55 46
14 15 47
24 65 5
23 72 68
36 66 10
58 17 28
12 31 28
12 47 53
33 62 21
14 63 71
8 25 3
69 61 37
8 29 33
12 70 57
30 13 54
6 1 60
13 48 5
39 59 45
63 15 56
30 49 51
35 60 69
22 44 38
37 64 30
13 6 20
38 63 20
66 48 70
48 3 33
47 22 17
61 74 64
40 62 69
1 2 58
66 2 66
16 68 1
13 56 74
52 12 70
20 45 73
9 72 39
53 22 40
67 16 72
2 5 49
73 27 50
44 48 68
4 2 37
73 2 5
34 30 8
17 15 48
18 23 22
14 10 50
46 65 49
7 5 9
42 59 55
29 60 1
36 19 52
52 18 10
41 8 5
39 6 61
68 44 41
54 58 71
32 15 15
6 4 55
39 70 37
59 45 41
20 66 40
72 53 17
35 59 37
32 2 24
56 27 46
15 38 17
36 51 56
35 72 31
52 6 49
65 49 49
66 44 52
4 11 64
15 9 61
48 9 73
58 15 64
31 67 44
20 25 34
50 47 11
71 46 25
59 63 18
29 7 47
7 15 22
36 67 3
41 52 66
30 74 16
66 11 55
65 4 33
56 30 64
74 5 20
43 10 6
48 42 46
11 31 63
60 46 8
5 64 64
10 45 26
30 33 1
30 8 8
72 51 53
35 46 55
33 66 74
30 25 13
17 40 56
41 30 36
65 21 27
59 61 17
4 51 7
72 59 14
68 7 27
16 74 32
48 23 17
43 23 9
73 44 72
67 51 11
9 23 24
8 25 1
65 46 48
12 11 45
39 28 24
15 43 36
10 41 66
43 20 20
29 34 32
5 25 1
12 55 24
18 70 39
6 69 20
56 56 65
55 20 46
44 37 36
11 46 13
70 49 3
9 20 50
43 25 22
62 24 13
53 44 39
65 4 33
5 62 50
38 10 9
14 60 73
33 4 56
53 25 8
28 58 45
49 36 73
40 4 17
73 1 48
62 72 25
71 59 10
54 26 23
33 3 27
11 45 14
3 55 34
58 23 30
57 46 3
11 69 48
43 34 55
30 57 42
74 39 3
53 28 10
2 74 37
41 61 38
40 23 60
46 18 45
36 29 7
58 43 12
51 50 5
54 37 30
30 34 72
70 50 66
59 56 10
72 3 3
42 73 4
57 13 55
48 29 41
31 45 13
67 56 7
19 20 9
43 9 58
35 27 56
69 30 37
46 70 4
69 52 50
48 30 66
46 45 35
65 71 65
24 71 21
72 41 38
29 38 10
10 63 7
13 50 51
1 73 63
1 61 63
72 58 49
18 59 8
1 31 61
14 4 40
28 48 41
23 45 51
