5000
95 79 51
38 73 101
25 70 9
39 40 89
54 50 9
16 30 92
32 8 57
55 99 91
68 64 105
98 19 81
64 57 35
48 53 69
85 37 35
96 95 28
104 92 60
80 67 38
5 27 93
81 36 14
41 7 52
17 54 58
46 24 54
87 53 42
8 11 57
27 38 24
43 87 86
82 56 95
84 63 55
83 26 72
7 100 70
28 26 35
22 83 30
43 78 90
2 75 73
69 86 46
75 103 58
28 38 58
12 89 62
53 57 99
24 65 47
24 68 76
75 16 26
86 77 9
35 93 41
59 75 34
28 61 66
62 17 25
6 85 15
1 69 51
11 41 55
46 35 104
41 79 46
22 71 67
99 58 8
22 17 58
40 3 54
24 21 15
102 32 74
105 49 55
52 78 41
26 79 104
7 59 62
69 89 79
62 7 85
76 13 6
6 98 66
49 30 73
33 79 59
10 45 87
21 8 76
53 97 6
67 73 89
56 55 105
90 93 22
105 95 15
24 57 4
5 36 99
15 43 104
30 51 47
19 15 93
25 11 102
99 4 11
99 43 81
67 26 36
13 88 9
104 24 18
3 98 62
51 83 46
9 60 52
65 14 53
78 95 16
10 7 83
104 71 99
27 65 5
20 72 15
34 37 66
105 20 57
50 60 84
39 63 65
67 72 59
66 75 3
55 12 94
2 67 6
10 31 15
14 88 23
48 63 87
104 71 6
11 67 40
56 40 84
14 68 66
98 18 84
55 11 82
75 10 20
57 6 80
92 53 101
72 94 72
14 68 86
58 58 84
19 90 79
13 33 17
77 62 98
28 71 70
66 59 40
100 93 100
54 90 101
4 7 13
90 49 44
63 38 73
92 66 31
53 86 74
100 81 65
21 21 24
82 20 5
93 84 56
51 75 58
40 75 102
75 105 31
34 80 38
71 97 101
70 55 101
66 94 75
79 79 58
44 20 92
105 65 33
88 1 4
1 65 97
62 44 55
78 71 32
2 38 93
23 72 83
17 23 78
54 94 60
52 28 63
81 12 19
47 50 94
35 29 5
96 8 31
9 42 104
24 17 34
75 13 41
42 105 38
3 66 73
38 92 32
39 48 105
73 26 65
102 99 64
44 41 30
93 82 82
84 49 100
57 64 2
62 45 3
73 85 33
32 28 37
83 74 55
28 17 99
31 103 80
38 44 94
9 46 88
95 90 8
91 47 53
5 94 27
7 69 74
58 83 47
40 79 89
14 59 43
35 8 3
41 105 18
31 14 22
83 53 58
9 65 4
40 77 44
80 58 99
92 63 77
50 6 1
55 43 21
18 42 83
35 48 25
32 74 9
58 78 94
99 46 84
3 43 33
2 19 38
66 63 1
72 32 22
94 96 57
59 11 74
46 36 94
51 38 66
104 43 42
68 35 1
59 105 26
58 84 48
90 101 89
103 44 55
81 20 86
80 24 89
21 54 99
19 73 42
21 5 47
44 80 82
24 53 88
38 77 89
71 12 5
98 83 5
40 68 99
74 11 11
4 2 65
38 85 37
13 53 46
43 52 68
61 40 8
49 104 102
88 92 33
49 28 11
36 98 72
35 54 49
16 104 8
51 50 43
101 51 55
84 48 70
1 75 70
85 42 40
14 21 70
96 69 20
70 76 44
36 44 50
28 54 37
94 91 22
2 3 54
19 18 63
2 55 21
20 53 18
21 88 1
85 67 102
19 16 20
39 57 30
50 75 15
81 44 88
79 74 3
15 83 18
6 74 85
25 19 18
71 46 11
95 59 26
19 23 8
90 91 30
77 17 103
28 78 80
66 82 32
42 35 96
79 37 38
93 34 103
93 20 19
40 28 52
103 99 102
64 69 46
17 49 41
94 105 12
61 46 39
14 52 104
92 102 65
77 88 90
105 23 94
74 12 15
64 43 21
97 29 91
95 1 75
23 36 87
99 31 22
68 17 54
28 85 32
28 42 16
75 2 91
13 21 76
89 93 70
18 56 87
72 24 105
93 46 4
67 88 82
20 3 72
37 24 86
12 73 20
97 55 51
6 52 35
74 52 19
52 74 48
1 35 46
82 90 80
42 22 45
85 23 55
47 105 5
105 101 36
20 49 98
18 75 10
58 36 44
49 55 24
72 80 69
17 52 32
26 100 59
67 39 16
29 49 81
32 69 57
66 18 98
104 42 36
24 21 34
21 93 75
24 66 54
28 78 55
43 74 15
91 103 69
35 67 13
17 43 51
44 48 4
19 31 14
19 21 59
84 61 14
51 99 55
82 32 90
42 101 20
6 57 32
15 45 85
95 39 96
56 32 91
82 45 34
35 72 4
19 102 23
70 10 56
37 58 70
26 89 63
44 19 53
34 48 50
82 67 20
105 57 75
30 23 73
105 20 13
81 73 57
100 43 66
88 70 87
13 44 37
104 83 30
37 57 60
92 97 99
81 29 63
66 8 75
48 53 57
48 45 99
98 39 62
8 5 48
4 26 64
89 11 25
29 82 74
36 9 102
25 16 11
29 104 33
31 104 40
24 79 26
14 40 103
27 99 95
6 102 53
63 97 46
37 13 90
34 15 96
5 22 54
31 8 65
48 60 52
91 74 9
2 57 44
48 61 15
93 10 32
54 96 41
4 81 91
6 87 37
92 20 28
57 62 22
82 92 50
72 28 97
69 43 41
45 95 101
88 20 48
101 37 97
38 32 30
96 63 8
1 50 4
19 70 82
81 73 4
65 79 36
9 50 39
98 43 43
42 51 95
59 94 8
88 74 57
48 33 4
95 95 48
88 96 16
103 89 47
93 102 70
43 93 24
40 89 22
2 70 102
78 5 43
85 12 76
97 97 16
48 103 83
11 53 25
60 95 84
35 77 55
71 42 60
7 27 16
90 83 23
17 9 47
36 68 94
18 56 35
75 84 101
90 19 29
66 91 6
22 70 23
32 3 22
79 44 93
12 64 12
45 64 83
77 66 71
72 9 23
27 93 92
40 69 63
14 20 28
31 21 34
1 65 96
86 85 11
37 92 64
28 25 10
2 18 11
2 103 100
20 20 76
61 80 100
27 104 12
56 97 82
95 52 96
39 64 101
64 104 68
105 86 51
91 89 56
17 86 67
81 5 93
48 25 87
56 18 42
95 70 68
78 98 105
57 95 1
98 24 71
89 9 63
45 40 76
56 29 41
21 93 69
5 63 31
89 83 89
29 98 6
22 86 57
50 11 62
36 89 63
29 3 57
44 68 25
37 49 67
22 32 47
65 25 19
57 31 27
27 43 93
3 64 41
21 104 93
54 39 6
76 61 60
100 21 70
71 93 90
10 63 96
54 47 14
56 33 89
92 33 70
8 24 57
13 11 74
64 88 97
98 42 18
12 78 96
29 28 10
14 94 69
79 8 68
20 54 56
105 47 86
40 86 74
7 44 3
100 60 76
94 76 11
35 66 60
94 85 5
22 8 95
61 3 68
26 68 33
92 45 80
57 52 83
72 46 97
82 82 45
92 93 37
8 21 75
17 2 92
66 69 85
36 57 63
95 62 54
55 73 34
74 51 24
39 68 9
38 95 60
95 75 11
85 28 41
14 70 26
95 44 80
6 49 12
65 87 15
44 9 83
72 15 30
8 102 58
24 65 59
98 67 68
28 50 72
29 14 64
73 73 30
8 40 10
28 69 11
46 61 31
84 90 17
9 94 82
11 4 6
96 23 45
67 21 57
31 13 57
21 8 20
4 3 28
85 49 74
3 41 75
47 45 38
76 12 69
28 56 64
4 101 78
59 90 53
50 39 104
36 52 72
29 29 16
19 19 13
33 19 46
102 72 56
29 70 84
97 8 53
22 31 92
11 7 95
44 40 100
17 73 1
86 28 96
27 34 75
54 94 89
67 24 19
20 23 91
15 101 71
55 32 14
57 67 42
61 59 53
46 62 83
6 20 18
72 18 58
44 56 99
55 64 43
92 72 43
93 40 1
96 53 45
55 75 66
27 102 34
27 82 13
26 79 90
92 67 47
71 93 5
48 60 32
46 1 82
89 10 86
34 13 33
51 17 25
91 59 86
57 37 75
3 57 60
9 19 59
42 72 77
57 75 80
60 63 55
66 54 25
82 55 46
80 56 79
86 10 45
33 49 77
30 31 78
104 33 17
14 97 48
5 75 59
104 57 70
40 85 25
60 26 19
23 33 25
70 28 31
75 78 70
10 57 94
79 61 85
61 93 39
56 88 99
66 27 14
90 63 14
16 75 70
46 30 34
91 75 7
71 4 18
25 26 56
105 103 93
97 64 49
47 11 28
91 52 77
14 48 50
6 14 48
80 37 63
60 2 24
99 105 102
31 60 15
100 105 72
56 68 48
46 51 6
17 28 29
61 95 51
104 1 105
96 103 1
15 11 23
65 3 32
58 3 12
83 56 65
3 7 78
80 70 58
3 9 63
78 74 28
29 34 5
103 32 95
21 30 53
65 3 75
100 92 82
93 94 68
100 75 6
12 79 96
42 4 28
38 29 86
24 67 20
54 15 74
4 84 27
18 76 39
85 72 99
102 26 48
43 17 18
17 55 8
94 51 24
7 86 52
90 55 99
34 10 78
76 66 86
101 35 53
14 99 44
82 14 45
21 44 68
85 25 35
85 37 60
71 100 55
63 78 75
99 1 61
16 35 51
20 63 45
91 35 23
94 4 50
88 94 86
20 37 11
11 66 95
47 97 67
83 96 33
71 94 20
82 75 42
27 80 36
89 30 44
81 14 27
38 50 53
77 66 99
4 67 86
67 61 101
2 92 39
78 50 92
28 94 18
44 86 35
2 29 36
51 10 64
35 26 42
104 73 90
68 37 13
68 90 75
66 104 84
8 34 39
54 59 86
27 80 95
27 55 93
42 82 51
87 86 4
55 39 5
12 47 23
11 64 31
37 65 1
46 2 38
60 2 61
87 15 98
96 60 9
38 88 9
53 56 30
13 51 75
80 97 17
65 21 95
103 52 87
22 75 42
20 64 81
64 16 48
88 79 73
94 54 15
42 57 63
35 35 40
23 87 17
51 5 74
44 63 104
52 38 74
96 38 27
59 14 67
101 21 10
49 30 37
101 46 88
15 18 61
4 92 7
25 67 14
24 81 24
79 72 97
68 60 34
8 49 83
101 72 86
31 11 88
42 48 73
97 86 13
30 78 60
3 5 43
47 93 1
53 36 72
62 49 101
81 15 43
82 22 76
34 55 83
65 60 7
37 28 30
21 9 98
42 51 29
86 59 3
75 46 62
15 87 24
73 56 84
32 12 71
55 21 20
102 53 65
78 81 5
67 60 90
3 41 73
2 6 58
39 18 99
87 39 1
92 62 49
78 54 85
48 77 51
24 101 18
24 80 105
25 62 45
51 68 56
75 74 57
51 68 30
54 7 25
64 13 9
74 15 48
97 22 70
29 34 95
3 35 27
9 102 54
5 100 70
64 83 91
85 2 92
91 48 22
6 94 83
42 99 96
19 104 14
71 67 43
16 71 101
57 44 30
20 30 18
37 56 79
36 85 64
77 78 72
67 103 36
3 39 61
54 12 37
58 10 52
100 7 103
87 91 60
47 29 91
70 86 61
18 18 73
63 105 2
85 39 63
8 89 103
71 52 33
36 92 14
41 8 7
12 6 37
93 11 40
105 74 78
72 69 5
61 37 56
97 96 20
20 64 93
98 90 80
42 32 82
104 55 20
69 96 34
73 96 94
92 12 80
79 19 12
99 55 34
44 48 59
96 16 80
34 105 55
27 6 27
72 49 57
100 91 72
95 70 88
31 3 72
9 100 31
30 86 83
51 1 38
26 1 9
101 25 93
10 10 21
66 13 58
6 33 18
6 40 83
26 33 43
3 91 45
21 11 43
85 37 18
80 27 23
82 60 99
37 98 78
13 57 27
57 26 84
98 102 95
86 100 11
64 103 3
2 69 61
102 91 31
75 4 49
5 60 7
5 24 95
97 100 87
27 24 14
94 70 7
45 86 3
20 32 47
83 84 78
94 3 51
96 56 79
21 36 80
95 43 19
56 35 99
7 71 60
104 68 54
79 60 76
42 43 90
10 25 44
37 67 24
62 57 13
75 86 69
91 69 57
71 8 51
1 60 29
4 97 102
79 49 105
47 81 20
98 7 3
9 105 34
37 81 27
59 5 57
66 81 97
7 98 66
96 75 79
103 48 100
68 32 68
5 4 83
20 19 97
17 13 86
102 80 11
78 28 47
32 18 94
89 2 76
84 53 35
61 44 7
11 94 71
24 37 38
11 66 47
58 39 95
50 50 88
77 61 21
101 82 49
74 13 92
43 62 19
42 13 49
21 34 32
13 105 29
32 30 13
90 105 22
40 76 10
6 103 51
78 95 83
38 32 1
68 105 96
22 29 31
58 70 39
9 16 52
21 8 12
85 55 14
70 27 71
30 81 22
15 38 77
86 94 17
10 91 5
8 82 36
78 98 103
8 72 60
27 39 5
78 52 26
20 43 5
57 21 89
87 72 47
60 36 18
31 36 70
66 41 105
97 54 68
89 70 12
2 7 62
94 76 66
5 45 11
58 71 61
102 94 90
99 92 77
5 25 3
47 14 47
44 40 88
91 87 15
102 28 34
89 104 21
55 59 46
75 84 9
2 78 16
85 93 29
25 92 7
35 74 68
37 101 102
47 88 101
70 1 28
52 3 66
17 23 4
58 101 83
43 95 62
79 66 100
5 11 84
41 73 92
79 94 59
6 75 89
38 94 86
96 18 27
31 105 26
3 81 46
5 47 7
73 103 94
9 14 95
76 55 70
67 7 59
80 93 43
79 52 55
39 22 87
24 30 11
74 12 59
11 74 83
10 82 35
94 14 32
57 97 82
42 35 16
54 24 51
31 15 100
91 86 64
22 61 95
35 19 29
84 56 38
102 90 31
8 20 66
68 43 86
103 79 104
18 12 20
65 49 49
43 47 27
85 68 10
43 105 30
66 103 5
34 68 79
85 89 64
32 98 22
97 81 16
98 3 70
79 12 31
24 18 62
25 46 18
80 49 14
52 23 53
58 11 97
102 15 21
60 15 70
98 18 73
76 92 74
85 54 77
62 59 63
32 18 21
14 75 25
5 98 63
57 102 66
89 39 42
79 80 15
69 75 41
93 26 40
51 43 1
70 36 85
10 58 71
26 78 53
18 11 62
41 15 73
82 75 101
81 16 12
38 59 18
35 93 89
41 7 14
74 100 4
91 85 9
28 22 61
104 33 14
90 59 99
91 31 97
99 102 85
45 19 19
27 42 61
1 52 55
36 58 82
19 68 51
67 18 55
98 26 58
75 56 99
29 44 105
24 99 89
89 45 80
35 96 2
12 59 27
104 44 64
6 50 8
35 95 20
82 100 95
88 94 73
29 43 56
3 60 13
58 80 21
45 65 23
33 83 20
30 1 81
64 59 98
89 96 36
35 77 23
74 1 23
84 93 50
41 78 90
57 67 101
16 35 16
82 41 61
19 16 7
96 94 60
52 95 53
42 45 70
84 15 92
9 22 84
73 25 79
40 28 81
70 58 5
74 22 37
57 2 7
49 99 75
93 32 14
49 102 62
35 81 58
6 19 67
90 92 29
91 63 66
7 67 68
36 14 20
88 44 10
19 40 94
89 102 89
57 2 68
73 63 45
98 102 11
71 39 55
12 16 101
63 18 6
103 56 104
12 45 9
37 24 90
70 83 64
69 10 62
96 7 6
13 51 92
75 74 20
47 9 100
29 100 26
83 80 17
47 20 51
81 63 92
101 23 21
98 93 20
99 49 82
81 25 98
46 21 78
93 100 85
31 38 16
75 86 78
78 49 26
93 66 48
30 40 103
5 42 80
51 9 86
45 79 101
92 28 54
11 77 49
11 74 79
97 46 33
91 93 92
42 57 37
75 99 1
33 75 49
81 99 26
93 90 26
32 79 103
90 92 74
29 30 39
28 45 61
1 88 90
39 42 45
15 45 12
80 2 51
85 64 50
42 28 39
35 63 39
83 31 79
43 34 55
67 32 101
70 69 77
71 94 40
43 102 30
12 66 99
38 37 67
5 90 26
59 90 77
82 83 50
31 16 9
104 94 91
27 9 45
18 95 5
47 65 52
19 84 52
4 60 70
67 91 35
100 68 27
87 44 14
25 61 24
92 35 80
89 17 12
44 29 15
10 2 73
12 18 49
30 4 40
101 102 23
17 16 96
86 6 15
30 15 56
82 13 3
92 36 43
25 81 37
5 31 102
70 20 32
83 50 89
47 9 47
50 29 31
92 61 78
12 13 8
87 73 14
73 69 64
33 2 13
100 32 20
20 3 62
79 10 75
86 69 42
73 54 92
70 37 95
49 37 95
21 25 73
71 84 86
20 51 67
62 24 93
6 25 105
45 90 44
91 4 15
80 53 91
6 77 4
36 20 87
64 63 38
3 99 102
17 88 84
33 83 56
27 86 55
70 94 60
101 3 24
32 30 43
104 15 17
83 4 5
34 98 100
6 82 72
33 57 43
98 56 32
67 24 71
49 38 78
34 49 102
103 97 22
32 100 87
34 92 92
75 42 87
10 98 48
31 104 26
72 74 77
47 42 99
71 78 57
7 64 82
91 46 81
94 9 64
80 51 65
96 90 83
56 79 27
104 68 97
74 22 102
91 58 23
21 72 56
39 26 70
48 91 95
75 9 71
18 11 94
78 67 69
9 77 101
61 93 36
1 21 97
88 29 7
14 30 62
91 66 17
74 66 76
68 95 102
37 29 68
51 20 68
22 93 18
89 35 60
2 17 9
33 7 53
19 37 87
34 96 83
4 6 87
70 25 60
68 80 103
79 96 33
40 76 5
44 42 25
101 2 78
10 34 48
31 83 78
105 83 58
98 82 41
69 81 85
77 41 85
55 94 69
95 16 100
95 7 33
82 63 35
21 46 90
40 47 59
55 35 96
93 16 58
104 28 37
80 104 38
13 38 73
5 88 19
71 4 42
24 77 16
97 9 83
32 93 66
47 76 28
38 30 69
59 97 26
98 59 69
37 69 69
96 97 102
92 104 11
41 61 55
99 48 98
24 71 56
15 25 77
79 95 81
73 57 43
53 105 48
5 75 99
79 54 42
75 50 21
76 102 97
64 75 14
9 59 66
59 104 99
44 45 50
6 98 59
11 11 91
24 85 60
23 81 81
84 18 30
76 30 52
88 27 63
78 60 1
52 67 24
22 72 69
95 78 18
58 12 74
28 88 7
35 78 90
63 38 30
64 84 5
15 75 62
9 103 98
65 69 10
8 7 98
69 45 57
96 94 1
21 71 3
42 80 82
24 13 102
8 32 99
42 38 89
92 42 17
80 38 39
39 18 94
65 26 97
92 55 79
32 68 75
23 104 83
1 44 83
48 19 84
93 100 23
27 14 33
80 62 71
84 16 52
92 95 66
52 52 61
14 3 100
2 81 78
96 15 11
30 40 17
83 11 65
70 93 76
99 27 58
17 105 15
39 8 75
89 93 61
60 98 103
33 51 81
48 96 18
99 64 75
14 35 11
4 89 64
41 24 59
92 87 41
4 37 24
69 44 103
6 84 75
42 30 67
98 39 30
6 105 54
40 54 19
64 91 92
65 96 59
9 35 12
64 25 33
55 2 52
36 53 41
64 96 87
1 24 71
97 82 25
67 40 72
53 58 99
93 97 28
52 3 61
24 7 103
43 35 79
64 82 55
88 31 76
23 87 4
87 15 40
5 76 21
20 36 100
10 6 56
7 31 13
82 45 25
93 55 48
99 63 15
21 84 53
42 3 17
8 54 76
16 19 67
25 56 3
73 5 57
8 37 47
58 75 48
61 89 55
85 55 60
47 36 35
91 58 95
4 4 56
101 47 51
46 65 105
7 9 65
27 98 60
17 85 60
27 99 55
77 53 58
34 79 64
77 56 25
49 48 53
22 12 87
95 58 92
83 47 104
34 36 79
50 75 2
9 12 23
91 98 81
17 97 42
24 75 20
7 41 18
61 6 18
90 56 14
65 28 32
2 94 2
89 14 48
28 79 97
20 39 69
104 25 48
41 84 92
66 60 99
79 5 11
61 11 14
43 6 60
57 35 87
30 30 66
89 90 18
5 105 15
103 31 16
30 54 9
16 102 91
25 101 68
37 28 55
1 81 9
79 22 51
41 56 24
47 17 43
5 42 84
19 34 67
6 46 21
69 1 48
10 99 48
96 23 48
83 54 62
46 30 105
45 90 1
55 6 43
58 50 68
78 20 80
5 103 53
92 35 37
90 49 103
63 44 54
21 47 105
15 80 41
48 103 101
54 93 97
68 85 67
3 57 14
67 66 97
46 32 34
103 12 53
96 101 35
14 58 102
36 73 104
49 49 72
86 68 76
84 34 44
70 84 80
33 5 30
25 58 61
21 101 13
12 37 97
72 99 62
91 43 42
53 99 26
42 11 81
10 80 33
83 79 16
51 66 43
58 69 81
78 101 21
77 58 82
46 51 12
96 7 13
38 99 74
11 85 98
6 79 54
96 103 22
41 32 81
51 16 67
9 81 96
2 83 58
101 62 21
77 75 70
80 99 100
73 51 65
29 11 38
10 63 35
3 93 99
95 19 32
51 64 26
75 101 58
81 56 54
65 23 61
75 93 52
55 78 47
3 26 90
22 55 85
58 75 52
55 85 72
37 31 62
49 96 92
64 26 66
40 6 28
52 7 4
22 105 56
34 26 68
30 3 34
41 81 3
94 73 78
104 47 31
89 16 97
15 69 72
79 33 29
78 94 72
86 50 36
24 86 82
98 32 25
15 41 77
2 64 65
105 72 3
63 20 30
18 105 66
40 73 38
43 104 102
53 95 6
37 10 90
2 11 75
9 5 39
21 35 105
78 89 29
37 81 103
69 66 7
69 104 21
95 36 15
49 70 26
48 7 26
27 78 16
98 79 83
101 102 25
11 69 80
92 69 8
8 1 68
17 6 61
97 58 80
31 91 47
100 83 34
23 26 38
68 74 68
101 16 75
34 91 84
39 26 72
101 71 31
20 57 43
68 67 91
83 35 24
86 56 98
94 95 29
102 95 96
4 58 96
104 15 34
65 32 73
31 32 53
100 49 70
47 95 31
13 35 2
44 91 62
36 64 94
3 47 23
8 82 53
35 94 104
91 77 57
35 87 40
26 68 83
72 98 9
58 31 95
25 54 90
78 35 58
54 17 30
100 55 86
10 34 13
85 20 49
94 82 27
27 49 68
2 6 21
44 93 17
76 93 45
14 32 59
97 41 14
59 2 36
14 62 68
89 82 37
11 12 30
51 97 81
64 52 90
92 61 40
87 57 12
62 29 58
53 105 14
72 51 21
100 20 81
61 7 50
27 2 79
7 3 23
74 39 14
100 57 100
92 86 33
103 104 17
65 30 97
66 56 89
50 86 44
64 105 97
100 55 34
66 53 87
76 53 38
11 41 60
4 49 81
70 22 24
67 45 79
50 91 62
28 19 63
72 24 22
85 52 97
60 39 81
21 67 27
16 100 74
87 69 88
14 37 17
53 31 71
40 56 85
69 79 88
64 14 43
4 9 75
79 79 3
83 49 98
20 63 60
66 35 101
50 33 57
11 92 38
98 101 60
72 3 12
69 11 78
16 102 99
36 82 63
86 95 10
36 91 16
105 41 71
54 70 64
54 62 90
77 94 28
32 22 55
11 72 35
87 35 63
88 47 78
58 34 85
20 44 34
86 53 53
94 78 43
59 43 32
28 61 37
37 78 14
19 84 2
97 38 63
24 11 99
42 49 19
88 67 92
21 29 89
54 101 8
83 24 44
98 77 4
52 71 14
15 49 9
13 4 50
10 34 39
94 64 29
33 41 80
92 97 68
42 56 47
77 19 29
45 56 74
23 69 81
18 6 73
33 79 56
95 13 98
51 71 37
23 14 99
41 93 58
50 66 32
99 102 19
51 76 54
85 55 19
1 38 19
46 103 35
84 89 3
58 11 51
18 22 25
94 50 90
29 3 98
47 60 21
51 86 58
42 64 27
60 97 28
2 94 67
76 55 99
26 33 103
80 40 30
98 39 11
63 58 16
66 18 92
63 18 14
4 65 32
8 93 85
59 15 18
58 5 91
22 28 59
22 85 16
12 22 53
78 92 92
88 97 56
88 54 13
16 104 57
100 56 32
101 13 80
23 43 45
97 41 93
84 32 70
96 25 90
65 7 55
66 22 14
73 82 12
29 58 8
21 72 4
100 63 52
15 95 69
14 14 73
65 27 44
1 100 43
75 68 60
101 31 78
28 61 2
42 94 73
104 29 59
105 34 9
68 42 56
56 60 28
2 9 91
48 33 9
34 20 27
103 61 97
13 41 82
8 53 78
48 45 79
29 24 61
4 64 101
30 14 91
19 85 64
2 71 94
93 29 17
72 92 96
22 69 53
50 103 95
48 54 3
67 2 41
76 23 42
101 66 36
34 94 15
76 22 33
79 92 65
100 38 89
33 72 59
7 101 10
42 84 83
82 98 16
54 32 95
7 69 37
11 42 77
96 73 52
55 103 70
10 71 10
21 21 85
73 78 62
29 73 65
47 104 94
54 46 94
67 81 4
42 97 101
55 26 80
90 15 86
24 88 67
99 57 7
91 53 37
82 19 98
34 74 72
68 67 19
51 5 59
63 73 7
64 12 7
35 2 50
92 12 3
83 5 83
41 35 95
47 71 73
79 105 82
42 77 21
86 2 1
56 74 45
57 41 96
18 18 92
50 105 97
6 102 99
14 81 90
68 95 14
91 92 24
81 21 65
43 59 80
66 85 35
78 93 12
9 14 66
9 56 14
51 103 26
14 96 87
52 23 40
30 99 47
17 66 3
85 56 25
96 50 64
101 41 47
73 103 84
40 80 92
99 22 24
17 104 23
74 78 10
36 86 79
96 10 46
85 11 69
17 88 58
40 63 102
2 93 94
63 15 94
14 45 77
80 48 9
65 47 53
97 62 38
102 16 71
71 27 101
32 22 27
23 53 72
105 65 52
45 71 19
91 2 48
26 76 6
87 102 82
18 77 21
59 27 103
32 26 50
29 84 38
48 29 26
65 72 82
17 83 79
95 68 13
70 50 14
23 70 92
46 63 72
3 76 69
90 40 32
66 30 56
41 14 73
14 36 80
39 46 13
56 57 5
64 91 15
48 79 95
73 23 26
12 63 58
55 98 40
56 68 82
31 40 66
15 95 44
89 6 73
83 52 52
48 88 68
36 83 13
40 21 89
52 53 4
30 92 78
9 5 90
70 46 35
55 52 102
20 48 29
97 87 58
40 34 91
53 39 37
34 48 25
96 80 21
44 18 72
10 35 32
99 100 23
94 79 49
38 88 18
101 55 16
45 34 29
36 22 34
31 80 12
5 96 84
92 38 101
88 7 41
13 96 57
74 21 15
73 80 68
63 83 45
72 46 92
14 99 104
13 72 64
72 81 85
23 91 89
63 50 25
47 9 17
40 40 72
62 8 91
54 31 2
20 65 67
89 82 71
78 18 105
7 39 85
59 51 23
95 54 49
10 88 34
6 3 61
57 24 78
53 87 34
97 47 64
14 103 76
62 2 24
92 43 37
42 32 29
49 80 86
89 29 53
81 41 76
60 62 32
94 95 5
43 61 79
78 76 38
85 58 94
72 38 82
37 4 27
59 26 22
104 55 17
20 56 3
80 18 18
79 4 47
73 27 29
86 51 78
17 95 58
13 82 74
14 26 17
12 5 66
14 50 105
101 21 80
90 52 84
14 96 45
92 34 31
61 60 4
76 38 12
56 103 89
20 70 34
18 17 16
93 58 31
29 69 104
85 58 103
7 56 10
101 45 45
55 18 60
4 45 17
67 29 57
30 17 36
84 91 63
23 28 69
43 13 69
80 74 23
79 103 53
3 49 72
39 21 80
73 90 96
97 105 50
22 104 91
47 75 37
98 105 32
33 47 68
96 40 70
86 90 74
51 56 64
80 7 55
75 29 64
87 42 34
21 40 23
77 29 17
93 39 53
93 68 2
76 36 12
13 62 20
72 77 45
82 36 85
69 66 3
47 29 29
37 63 55
8 95 88
45 9 84
61 40 46
38 36 71
13 21 13
49 75 12
9 76 89
101 25 70
92 105 41
15 86 17
60 27 27
54 10 13
63 59 71
30 76 32
24 59 13
75 103 37
59 79 23
18 91 9
78 86 44
63 104 97
36 16 27
54 11 57
9 84 92
92 14 62
64 47 57
15 57 81
61 43 95
73 1 25
47 95 70
82 71 92
33 20 92
29 95 59
87 82 75
69 89 15
28 101 18
37 20 91
54 95 100
8 64 17
80 82 79
22 29 100
61 17 82
70 37 84
22 49 82
93 73 101
58 11 22
46 74 89
50 84 66
64 66 39
23 20 63
47 48 13
43 16 38
75 43 48
91 9 48
44 37 82
41 18 53
56 102 100
11 86 59
46 97 63
105 1 96
74 29 42
87 99 39
48 77 12
7 98 81
82 41 91
45 75 20
104 65 55
68 43 83
5 33 98
104 34 7
37 21 34
67 6 11
38 21 20
16 14 41
2 86 49
87 2 68
31 87 54
47 82 75
82 22 96
90 63 88
1 5 94
35 8 28
73 68 16
33 67 98
25 25 103
5 12 53
80 100 27
50 83 50
93 83 50
34 41 14
65 103 74
62 6 89
40 51 44
36 88 33
67 34 1
46 66 93
93 18 6
66 13 22
81 31 43
73 53 24
81 93 59
8 37 82
52 101 74
30 63 99
20 27 76
105 73 53
51 48 76
53 56 24
90 53 2
18 31 30
104 59 78
47 3 75
49 54 85
91 70 97
81 79 27
41 27 60
90 96 94
26 71 32
6 95 86
72 9 7
11 74 26
72 20 33
2 85 54
13 67 85
68 99 90
104 5 56
62 89 41
15 100 96
98 55 105
81 67 99
12 77 46
11 96 26
61 47 30
44 20 6
92 100 16
33 33 77
26 60 37
57 78 80
58 56 5
58 89 10
6 58 40
46 26 69
66 76 14
92 88 14
61 10 85
52 21 73
12 7 25
53 9 47
42 52 27
24 8 6
44 71 6
62 74 46
97 95 102
60 39 11
94 50 10
10 49 51
10 53 25
84 82 99
94 69 88
60 78 102
81 46 105
79 46 49
19 35 89
70 80 62
18 88 68
94 1 104
65 48 65
8 10 83
89 92 70
31 18 8
79 100 89
56 94 80
98 71 41
68 23 96
41 49 36
70 68 90
36 47 32
104 44 56
50 8 52
73 9 6
99 61 12
89 19 88
79 83 46
52 27 86
30 37 66
80 33 75
47 53 44
39 41 67
101 41 60
37 62 88
105 31 59
71 65 27
91 15 70
21 75 52
39 5 100
103 25 26
51 39 10
33 37 17
89 44 45
92 35 65
72 86 2
93 75 101
36 87 68
18 59 47
36 90 63
27 63 46
82 14 1
105 60 47
34 72 97
54 20 74
50 81 21
31 28 101
27 69 21
48 42 97
2 87 29
46 24 4
75 100 96
35 60 4
87 46 23
84 81 32
9 58 99
30 47 53
54 61 57
89 70 3
87 94 85
28 81 25
6 36 99
65 45 101
52 34 52
32 86 28
88 85 18
7 97 11
91 6 100
80 84 46
102 55 67
78 77 81
20 30 67
11 67 32
21 45 14
104 100 73
7 103 74
71 5 19
6 48 46
61 2 1
86 96 9
11 66 25
34 33 7
104 71 41
104 5 13
61 31 7
26 41 48
100 11 100
31 48 2
97 94 58
34 96 64
94 93 52
92 29 77
75 35 65
50 53 71
58 50 97
30 5 96
11 78 68
75 70 16
3 31 11
51 29 31
39 44 61
97 97 80
9 78 16
3 27 80
30 94 43
70 30 39
29 32 101
91 58 102
80 21 34
16 31 12
29 43 58
38 70 99
34 90 3
1 54 16
6 75 89
101 44 39
95 93 93
23 12 76
59 87 54
3 74 26
74 25 67
76 23 23
21 6 49
16 82 94
67 20 53
15 95 46
92 98 33
69 42 70
88 59 60
64 24 78
39 59 27
39 18 55
39 34 15
86 80 45
5 48 6
82 20 97
75 91 84
39 90 24
14 92 57
97 33 31
29 79 100
10 76 20
4 61 91
6 99 16
7 34 16
61 13 85
20 66 52
1 33 38
96 71 32
71 46 56
60 76 98
65 16 39
15 22 85
54 34 103
47 87 100
14 46 50
53 43 24
75 88 87
26 16 10
99 76 14
81 14 81
74 44 26
85 72 43
51 63 21
21 18 41
65 31 11
50 44 26
26 103 26
78 43 104
102 45 104
13 66 50
9 5 4
105 11 12
15 52 85
47 98 66
53 20 54
42 81 36
86 86 36
20 64 89
18 11 74
73 52 19
96 18 77
80 14 64
32 81 63
89 93 43
5 33 43
92 81 98
55 95 52
81 51 103
15 54 80
22 89 102
73 23 66
101 8 94
13 11 20
96 2 45
90 24 99
23 56 33
32 44 18
29 54 14
64 78 47
83 60 33
39 75 44
5 39 99
15 66 39
58 91 29
88 91 3
62 38 37
64 88 83
94 1 76
61 50 96
14 23 18
58 56 12
14 91 99
95 57 71
96 61 98
66 11 29
13 20 45
102 3 63
7 38 91
7 23 42
55 80 16
71 83 63
25 56 18
84 56 74
82 88 41
51 48 15
60 17 82
3 19 25
14 74 76
9 30 98
42 47 65
58 58 30
85 39 68
82 78 50
21 38 18
17 61 8
48 44 37
82 1 101
36 51 44
43 13 47
66 96 46
105 101 94
60 101 77
76 94 87
72 97 68
65 68 44
31 1 40
40 50 85
37 66 43
55 88 42
83 54 16
40 68 13
91 5 42
72 27 27
33 29 39
77 16 49
20 31 38
63 104 101
58 31 42
18 5 28
86 5 14
72 26 54
51 65 35
39 83 2
34 81 94
2 94 105
63 36 31
89 14 59
79 98 8
49 83 73
5 58 57
104 16 64
7 90 16
87 43 39
42 68 101
92 61 78
92 73 24
88 69 30
43 78 85
74 67 47
73 43 50
31 100 72
61 90 74
54 93 43
32 79 20
94 47 72
65 17 10
63 94 16
85 57 69
51 73 63
75 3 68
104 97 49
101 5 43
62 38 44
76 14 61
78 2 34
89 37 61
12 81 45
67 18 75
103 88 53
87 32 45
104 36 3
53 102 80
36 63 101
43 51 86
61 85 100
58 17 17
18 83 78
77 78 89
77 95 23
57 20 5
90 19 65
24 51 34
58 100 48
10 57 90
91 9 98
68 51 57
1 24 101
77 50 16
90 67 49
33 67 89
68 94 36
96 46 91
76 2 13
34 38 101
51 18 56
60 92 8
64 49 36
28 85 105
100 47 48
99 10 8
82 23 11
85 77 18
8 58 68
72 21 63
59 4 42
36 3 59
87 79 88
61 97 19
75 28 82
37 20 86
33 44 56
21 7 33
57 58 81
5 57 33
31 103 36
72 78 91
41 66 67
72 28 96
104 71 49
9 45 11
97 22 103
27 5 50
2 68 33
46 45 70
103 59 55
95 90 50
94 84 61
7 41 10
57 79 3
33 65 45
41 2 100
94 52 100
73 19 30
70 44 14
101 39 72
8 95 75
49 75 103
79 16 86
36 7 40
13 58 9
38 24 68
80 88 85
23 86 101
24 38 42
70 6 65
42 96 99
35 23 60
58 79 6
2 89 24
77 63 61
76 95 100
84 50 15
105 3 58
92 18 94
92 49 82
47 15 44
70 105 28
80 80 79
56 28 8
94 21 86
26 103 92
91 91 40
101 19 1
27 42 11
65 88 21
95 48 10
62 33 32
71 59 44
14 65 14
96 20 47
105 62 7
44 105 72
81 71 15
17 61 40
5 61 71
1 70 65
57 35 71
81 80 11
13 80 60
97 45 56
48 50 50
95 82 76
10 93 102
94 29 94
66 72 59
33 65 37
36 48 24
6 19 37
49 104 62
33 81 74
92 21 60
56 24 19
30 53 40
64 99 59
59 58 18
14 79 51
19 55 90
94 73 31
5 93 57
96 44 48
59 74 51
61 43 73
40 14 25
27 8 83
15 56 100
67 88 101
28 44 35
84 81 10
11 69 56
96 71 86
102 8 8
55 49 16
86 6 81
18 12 47
83 19 33
85 48 88
91 67 58
7 36 8
39 77 88
59 58 3
9 19 80
92 97 92
41 54 17
91 62 32
20 94 36
73 10 55
86 88 94
61 56 76
73 92 52
74 9 13
88 74 56
33 47 17
35 45 43
68 28 97
33 75 87
15 13 54
42 29 43
39 86 58
49 12 63
69 4 85
52 53 14
34 3 62
87 14 73
42 22 51
105 74 75
74 18 96
87 38 6
67 42 79
79 7 61
75 86 53
74 33 56
85 2 94
35 18 101
90 60 77
91 89 94
31 28 6
34 15 105
74 88 62
45 30 17
46 21 40
17 78 22
43 93 78
89 93 58
81 43 24
25 6 75
35 104 80
64 103 12
39 31 12
98 20 84
36 92 15
36 6 90
25 103 75
46 29 3
6 51 48
76 88 36
71 101 14
6 8 49
105 57 34
50 26 50
42 19 73
33 91 24
14 55 67
39 81 90
64 32 92
78 17 13
62 7 14
34 52 61
73 84 39
14 63 22
100 57 5
57 36 76
33 61 71
101 96 15
95 56 97
72 52 46
89 42 83
7 72 39
5 41 60
95 82 72
48 75 88
93 92 104
47 5 79
104 77 37
14 63 87
83 101 47
73 32 36
66 46 21
64 43 55
5 43 18
93 85 95
6 64 102
59 78 77
71 11 94
101 61 101
56 22 71
99 78 28
39 28 83
37 43 6
49 20 29
52 2 32
42 33 101
76 75 25
54 62 101
103 60 71
10 32 16
18 76 6
40 78 40
61 34 27
100 4 62
42 12 16
13 30 19
99 99 36
100 52 31
86 48 19
39 19 49
2 86 67
32 36 37
84 25 85
34 91 20
8 72 52
87 4 42
1 103 13
70 41 65
52 75 64
93 85 50
72 29 74
44 21 98
52 54 39
87 41 57
11 8 91
23 24 22
102 27 68
76 68 60
100 35 21
82 62 10
13 49 42
91 14 15
92 17 92
99 103 11
18 54 81
96 23 8
63 56 100
90 32 95
10 64 59
81 49 68
36 38 41
48 71 51
88 59 100
18 37 2
82 23 75
59 96 80
20 80 35
48 103 84
23 42 46
63 79 68
7 50 48
74 27 41
39 100 11
44 54 64
39 92 100
27 17 4
58 105 88
72 17 66
71 89 44
1 100 58
103 84 70
78 67 28
43 28 72
22 36 101
78 61 64
35 67 15
69 38 90
105 97 89
98 47 17
9 26 102
103 35 58
96 30 23
43 7 56
64 72 35
90 51 80
63 22 6
10 8 52
51 13 49
90 70 67
101 52 13
89 72 10
93 22 34
70 60 38
60 80 105
60 58 103
44 5 103
78 27 27
70 40 16
9 99 11
1 53 59
91 43 66
47 12 68
99 13 54
92 29 45
51 6 56
71 29 4
24 2 31
90 12 41
81 89 22
93 100 27
61 79 83
66 67 101
27 84 52
14 69 9
101 3 38
29 72 60
73 1 39
20 5 18
37 65 42
26 90 53
97 47 26
46 73 80
49 24 82
44 87 94
32 99 58
93 26 81
73 46 37
17 17 88
2 97 2
13 16 62
69 79 28
42 104 54
96 52 10
93 21 37
14 61 24
56 40 35
101 58 15
41 61 99
19 35 23
52 14 25
74 24 50
83 74 21
4 4 99
60 45 50
20 44 83
4 104 46
21 64 79
91 101 60
11 42 22
37 52 99
60 85 17
14 34 80
8 71 84
62 100 82
33 18 57
53 50 57
46 48 34
15 40 4
85 63 47
69 98 87
57 36 49
51 17 101
74 60 17
49 87 67
75 68 23
87 30 11
47 49 9
105 58 32
62 84 65
11 4 19
14 87 56
45 26 64
10 53 100
103 47 96
91 97 41
39 105 30
5 62 20
24 92 34
21 100 14
104 3 70
105 21 10
37 76 37
82 92 105
27 20 60
30 63 63
55 85 54
17 40 9
1 24 4
35 41 79
1 52 33
13 34 12
68 100 56
79 85 3
23 98 73
24 81 91
50 79 36
63 97 22
44 10 1
12 80 90
27 61 88
83 25 74
79 81 67
15 38 37
33 15 68
72 96 34
97 4 31
82 37 11
30 61 61
104 45 19
44 31 3
2 30 16
61 77 15
9 46 12
11 83 21
45 13 43
39 34 97
89 14 87
92 102 44
91 86 58
76 8 22
18 93 59
29 74 1
24 67 6
55 38 64
50 83 66
74 83 33
20 104 45
78 96 38
55 32 35
30 40 99
19 13 12
35 29 98
18 17 25
41 76 23
88 37 2
31 58 103
86 61 26
14 13 53
38 81 40
59 45 36
20 6 61
101 50 17
53 105 34
21 87 53
55 20 23
60 18 5
28 42 13
1 4 75
3 100 72
2 18 105
19 13 3
14 102 100
85 37 26
71 44 80
33 40 13
64 91 47
84 12 81
80 21 77
45 96 30
103 10 12
79 95 87
16 102 29
30 9 16
26 61 3
98 98 86
16 56 81
37 46 63
60 79 69
67 14 102
92 73 12
30 10 84
88 2 67
90 48 14
15 24 19
51 45 104
72 100 96
80 1 33
52 95 45
2 8 94
68 11 81
17 33 10
3 29 27
11 37 31
30 105 83
28 52 55
16 100 11
12 26 90
21 44 22
67 61 63
84 104 73
28 48 86
101 27 33
49 93 98
103 38 87
75 49 6
43 62 26
52 104 41
5 69 105
95 28 99
97 47 11
88 84 7
25 71 1
38 15 68
2 80 81
50 33 54
11 88 53
44 5 59
81 99 39
67 41 26
40 32 18
62 92 74
9 99 40
17 89 97
62 40 21
48 28 51
97 55 5
22 104 31
87 60 105
78 36 5
8 65 25
50 17 57
44 38 53
84 36 33
5 16 20
76 49 22
97 18 22
13 54 1
103 53 105
33 93 75
55 29 25
53 48 88
102 7 68
92 59 89
74 32 73
32 39 18
73 104 77
28 69 4
21 96 7
68 41 78
44 103 16
61 8 2
58 96 88
7 86 61
32 95 31
34 20 95
50 21 51
3 89 39
12 80 85
55 31 18
31 7 48
61 58 85
54 27 27
59 100 82
4 62 1
69 94 21
57 51 30
81 47 78
23 72 75
70 23 49
4 26 79
61 85 34
22 53 91
60 28 43
56 63 34
25 75 85
77 21 65
42 3 42
74 19 105
16 32 47
96 98 43
10 72 22
92 24 47
98 80 20
29 8 14
21 7 100
30 86 35
89 98 3
22 83 96
59 64 67
96 83 91
17 66 37
64 27 66
85 44 24
51 76 104
82 76 92
56 37 76
15 70 67
76 86 78
58 1 40
36 85 36
84 48 7
35 74 47
70 57 100
39 24 17
41 12 32
83 72 74
96 42 45
22 85 61
41 17 73
81 52 104
81 60 13
45 20 2
105 73 43
34 20 2
9 88 104
69 59 59
55 8 91
100 82 75
20 19 70
78 39 25
3 17 49
19 62 28
50 81 73
102 23 89
99 56 28
70 57 87
70 88 104
99 6 25
65 68 12
26 39 37
103 80 10
95 19 100
79 43 61
11 88 33
82 8 38
75 71 70
59 66 78
49 98 93
96 105 15
36 17 14
57 28 1
44 4 79
29 86 99
69 23 35
10 20 31
89 5 3
80 100 49
54 51 81
18 62 86
39 35 65
5 23 5
60 98 105
5 21 7
55 99 23
61 76 30
86 34 42
17 93 8
76 73 65
56 94 82
27 86 42
33 103 69
60 2 55
11 81 17
34 85 89
70 16 22
99 22 71
14 102 23
102 59 8
31 81 55
32 18 80
63 59 40
103 73 87
44 90 74
68 38 31
23 95 6
35 95 87
60 92 7
51 53 30
53 69 43
33 91 3
97 89 23
97 99 74
5 4 61
97 68 71
12 7 38
98 1 65
38 73 17
33 92 61
86 67 78
101 69 86
95 38 7
71 95 24
49 90 11
56 55 13
62 63 59
38 1 105
80 37 84
85 101 42
77 29 43
22 31 44
74 81 52
79 34 77
91 50 70
102 22 32
71 97 81
56 6 85
57 74 37
25 62 10
56 57 103
41 23 36
99 20 21
72 10 86
59 45 33
55 39 73
30 18 101
37 66 37
100 18 40
86 29 77
25 79 96
73 51 25
28 90 104
80 42 20
66 95 83
86 41 16
9 43 1
83 65 79
3 2 56
81 101 18
64 15 2
100 55 72
81 92 79
102 35 4
89 101 19
4 66 26
55 101 55
91 8 51
94 34 92
87 33 20
69 22 9
103 70 34
47 24 48
40 64 15
87 79 67
25 103 11
33 103 1
28 26 34
45 75 75
16 48 42
32 17 5
52 58 74
38 68 66
10 75 35
53 52 51
64 47 70
104 105 64
1 12 20
79 77 4
36 34 64
7 5 75
22 87 6
15 2 20
88 99 16
47 59 59
13 31 68
105 23 9
72 55 47
104 28 78
22 103 12
55 11 102
37 54 27
91 53 5
66 67 16
83 59 21
40 65 97
9 81 94
104 74 2
17 47 82
56 34 80
55 13 24
17 1 47
48 64 81
81 36 25
40 94 48
1 21 80
21 43 54
47 94 71
1 76 49
49 97 61
105 9 19
29 100 100
55 61 69
89 4 64
67 26 21
32 92 34
37 2 83
65 24 70
62 8 71
30 97 50
65 84 90
73 57 37
54 101 77
28 62 95
25 4 92
20 102 69
74 101 37
82 74 12
46 71 14
26 84 82
85 24 66
89 57 43
86 79 104
104 75 37
41 4 39
25 85 91
48 48 70
98 26 66
63 68 70
20 104 36
72 89 50
16 85 36
37 85 101
67 85 6
27 81 71
80 89 42
20 97 100
49 2 84
23 56 18
64 97 64
62 6 59
2 72 100
69 97 100
17 52 74
72 14 53
58 97 2
12 60 30
15 66 22
46 29 86
10 6 55
92 20 14
61 80 18
52 80 7
85 26 12
91 81 67
39 47 91
52 40 49
6 103 35
40 79 40
51 36 20
24 103 91
45 57 7
73 39 36
85 85 101
22 55 57
16 44 15
19 32 57
73 39 105
104 6 19
16 48 94
89 9 51
45 9 14
58 39 29
67 25 90
15 84 8
74 23 75
80 68 81
66 34 90
20 64 32
38 34 42
82 50 21
73 89 76
69 22 11
27 81 44
103 59 38
68 30 30
40 3 18
24 101 86
9 80 64
84 14 14
12 80 78
74 92 51
74 34 15
33 70 88
53 30 66
35 42 39
9 70 4
87 104 44
1 94 99
59 101 17
10 15 37
54 84 74
77 11 50
23 57 69
35 77 65
40 83 71
61 88 63
8 87 23
42 89 60
40 75 93
85 10 46
38 22 97
44 58 20
5 64 31
25 64 25
1 105 44
61 29 35
95 63 96
32 40 56
71 68 56
97 45 44
101 47 47
16 15 32
19 85 47
72 83 39
89 52 101
33 51 8
14 102 36
39 68 99
88 51 96
16 97 11
60 94 37
101 43 2
30 93 6
24 25 23
65 13 43
96 11 84
71 99 90
30 80 71
27 6 2
49 88 22
50 27 28
89 21 52
76 98 69
96 65 41
59 30 94
3 33 51
70 89 92
49 95 5
42 75 40
48 105 99
9 65 61
74 104 77
82 35 58
46 80 56
72 64 93
36 90 95
75 76 5
67 98 71
22 26 13
37 62 7
64 94 74
87 4 13
74 9 98
63 91 16
29 84 11
93 4 52
70 34 42
35 50 48
22 41 58
39 60 67
91 14 59
6 57 22
48 44 57
83 48 97
104 16 65
38 20 24
93 44 49
92 89 59
69 2 63
48 22 62
36 48 30
83 91 2
44 53 71
73 31 38
82 38 13
61 85 80
75 51 92
46 103 84
30 101 63
45 22 47
104 42 11
54 45 33
13 69 84
61 37 57
54 20 103
3 8 95
3 64 45
56 12 57
39 75 47
70 31 32
12 15 6
19 81 2
77 31 87
25 7 44
65 2 12
74 59 11
69 40 45
102 14 70
12 69 77
27 6 61
33 36 38
44 50 29
29 43 37
15 8 64
60 94 92
10 90 40
3 38 3
47 95 57
67 104 97
88 45 84
25 49 21
70 63 80
27 74 85
23 57 3
7 23 94
50 40 17
57 105 19
54 56 49
50 63 23
20 12 33
38 64 93
61 32 70
62 36 2
91 51 5
90 22 54
52 16 47
68 67 78
53 58 84
103 28 61
81 82 36
77 57 43
27 21 30
104 45 61
74 60 49
56 42 78
36 76 53
76 61 85
69 72 59
102 79 31
78 11 101
82 6 57
47 27 36
82 16 70
65 51 81
95 47 1
8 78 18
50 5 46
61 45 19
20 39 87
35 39 100
56 40 18
22 86 74
40 88 97
39 65 96
50 18 53
2 83 77
91 104 5
28 75 25
81 5 90
57 104 11
30 73 85
89 73 86
54 89 33
104 103 61
95 80 48
69 105 25
94 103 80
2 45 33
67 16 11
36 89 103
89 35 8
105 10 86
2 46 45
28 49 35
99 23 40
70 69 22
9 55 39
40 11 88
12 4 46
68 54 42
98 35 94
51 90 67
40 21 24
96 48 33
83 54 93
12 39 94
24 79 103
30 49 31
70 24 44
17 89 43
39 99 3
52 39 85
14 76 94
19 81 58
27 94 68
74 34 39
18 53 3
105 76 90
11 105 23
98 103 99
90 105 44
56 99 69
52 50 41
60 102 57
13 2 44
35 77 3
84 93 15
11 52 74
72 102 77
89 7 67
42 91 67
97 11 10
54 95 9
28 68 44
10 89 56
75 82 86
98 9 12
3 80 31
66 25 36
95 92 78
50 72 15
53 38 84
49 105 65
24 5 57
92 57 10
75 60 66
59 19 8
98 44 42
20 79 77
6 17 12
29 98 90
32 97 105
61 64 19
54 10 82
55 65 91
51 69 56
44 73 98
59 13 79
101 32 30
26 82 7
42 13 55
100 70 94
105 35 83
66 7 45
62 98 25
66 72 11
105 61 86
28 57 46
101 37 88
83 47 38
16 89 90
61 82 45
59 89 39
24 54 99
54 105 22
4 9 2
71 16 77
30 50 45
97 99 82
28 2 69
52 92 69
87 27 64
52 18 26
50 19 62
11 32 83
42 52 6
44 45 11
103 73 102
12 4 88
68 17 17
60 29 13
51 5 18
65 15 41
29 69 88
102 72 16
30 41 77
59 3 63
22 56 89
94 46 91
42 103 75
102 4 52
88 26 68
80 55 56
20 92 88
40 10 81
32 29 72
104 66 68
92 96 12
29 100 56
30 8 19
39 45 25
89 83 77
89 42 68
58 7 38
104 1 81
76 18 88
30 23 80
22 8 105
93 34 97
95 30 101
64 43 26
68 23 73
8 78 90
69 39 64
47 73 35
38 20 62
70 16 104
68 13 84
8 62 89
99 103 7
18 9 78
19 97 34
83 6 45
52 87 29
78 36 62
78 43 81
32 50 86
22 77 3
75 5 54
73 9 40
29 53 96
67 58 105
79 71 105
86 42 74
57 2 41
17 3 89
63 25 33
63 101 31
29 28 22
47 25 98
47 78 60
100 33 67
88 83 55
100 101 72
73 21 6
34 77 6
91 40 72
31 105 23
39 59 61
54 105 91
91 104 46
50 32 48
42 34 88
98 86 52
66 97 83
89 37 3
41 75 86
67 44 43
29 2 2
43 76 24
98 16 90
47 82 45
9 42 58
33 6 8
64 11 54
85 49 21
105 94 72
7 63 13
58 77 38
71 24 82
72 41 89
8 98 25
7 38 96
99 12 15
59 21 44
45 76 21
98 91 36
41 27 30
11 67 69
100 61 95
53 6 68
84 4 62
45 32 90
96 27 54
56 24 77
101 57 51
60 98 27
95 6 79
4 35 75
102 27 104
105 33 27
73 67 81
22 75 5
78 97 4
69 64 92
73 54 87
104 100 92
50 74 61
53 81 43
20 50 79
49 80 52
102 33 99
42 84 94
45 69 37
69 76 55
3 13 7
31 79 93
45 60 44
50 48 39
38 86 97
19 43 50
97 64 14
65 52 49
17 36 65
40 16 12
27 84 13
103 67 59
96 90 81
60 59 30
64 36 17
36 103 69
94 84 30
102 72 69
59 83 45
33 91 13
63 100 83
42 91 20
38 34 85
13 46 83
33 46 38
94 99 17
55 87 7
60 13 57
48 14 27
68 54 41
14 93 75
18 16 68
86 22 8
81 50 74
85 7 60
20 2 60
90 22 70
3 49 18
25 59 32
11 29 30
75 63 10
105 83 6
97 98 93
105 89 103
44 61 22
64 104 80
34 48 88
66 105 59
10 43 25
22 69 35
66 30 31
42 89 52
28 3 102
64 95 12
27 2 96
86 50 80
80 75 31
67 91 50
56 38 26
100 7 95
81 79 29
74 59 22
53 52 13
43 93 16
82 38 97
7 95 65
49 87 65
63 88 97
82 33 41
16 103 66
28 10 19
80 17 44
36 89 85
9 95 29
99 16 76
85 74 76
52 5 25
26 101 87
7 69 75
75 16 70
27 87 84
2 15 85
55 101 7
75 58 46
102 93 39
57 17 100
30 97 67
50 72 19
95 78 27
29 105 49
65 52 9
105 73 55
55 90 13
83 99 42
20 25 16
32 85 41
49 69 56
92 48 71
83 74 59
66 30 99
76 77 12
78 42 52
70 58 5
60 98 28
43 87 75
104 39 84
19 88 72
37 1 98
24 43 96
3 55 38
84 53 83
82 3 99
43 92 84
11 63 14
76 14 67
3 11 40
40 58 89
51 5 82
52 87 63
10 27 23
72 49 32
19 104 46
64 18 52
96 25 22
84 14 13
18 97 32
73 40 17
69 30 78
77 1 5
47 29 54
59 66 96
75 62 39
34 5 50
38 52 60
76 14 38
70 79 17
50 49 17
94 28 102
78 63 26
45 25 2
7 8 6
67 103 66
26 95 79
51 30 26
70 47 26
37 41 23
92 80 76
45 44 15
63 67 90
29 61 97
71 40 105
102 98 103
2 85 50
21 44 100
68 63 17
41 40 70
72 55 1
14 64 32
78 75 43
97 51 95
90 38 25
94 39 98
22 8 1
64 25 92
69 15 17
43 55 62
94 2 3
46 89 93
44 96 40
22 40 30
24 94 77
63 19 65
32 97 62
29 67 40
52 64 45
71 62 27
22 61 55
28 32 39
28 7 52
62 65 38
18 51 98
47 86 83
67 12 96
105 32 97
69 17 80
97 72 105
53 51 10
90 8 26
87 66 2
22 67 60
90 76 74
103 49 58
79 61 2
96 29 29
56 34 4
69 45 76
105 67 25
43 23 21
61 13 90
7 7 24
12 93 23
5 27 100
37 51 15
29 36 94
27 3 70
13 17 25
66 36 17
53 89 20
90 43 84
23 81 87
20 55 22
36 102 5
37 71 11
86 7 52
12 49 93
41 94 67
79 47 62
42 91 33
55 30 27
12 35 80
4 82 88
41 30 37
56 22 61
94 12 5
4 91 63
90 52 104
8 34 43
9 78 16
1 14 74
13 76 19
21 72 25
38 25 29
102 5 3
16 59 51
89 105 3
78 5 60
103 62 104
92 49 16
28 84 9
36 25 54
16 12 71
31 88 53
37 84 66
14 7 46
89 73 54
86 70 73
29 41 59
105 84 77
30 82 87
68 88 65
51 40 86
79 90 74
28 80 4
32 60 7
62 76 77
78 34 5
39 42 25
47 89 5
45 26 14
26 87 21
16 47 66
89 88 46
18 19 28
79 68 90
59 22 85
27 70 35
78 66 23
51 15 93
92 18 68
30 98 8
4 5 78
86 27 101
79 16 59
84 49 56
35 92 94
92 23 101
86 2 104
2 64 67
66 66 34
53 57 76
77 53 42
3 85 99
85 22 104
9 34 80
19 40 22
76 40 4
101 7 5
27 69 55
67 7 50
20 89 21
36 51 38
72 7 47
92 18 83
74 66 21
36 65 22
2 84 7
101 9 40
105 23 16
97 83 40
59 63 91
46 73 98
102 58 40
58 58 43
28 79 51
81 63 38
53 14 35
88 31 49
99 83 96
64 77 10
100 33 17
25 97 61
45 12 74
1 2 61
49 15 31
28 102 44
75 61 13
2 52 93
87 105 59
67 12 19
45 72 79
19 39 4
39 58 83
96 77 62
79 100 7
52 73 38
90 71 29
71 90 19
101 46 72
43 68 6
54 77 31
6 67 50
90 69 44
6 26 80
58 63 36
23 61 49
5 35 33
23 82 30
11 34 33
27 62 61
94 16 96
41 35 80
13 30 23
87 66 52
50 18 66
60 49 100
91 41 50
25 39 12
38 14 36
77 82 27
54 27 69
35 32 58
36 45 101
39 98 29
11 77 61
30 24 12
98 50 36
44 53 8
101 15 16
57 39 52
69 45 6
80 40 72
25 48 78
83 49 63
52 95 85
76 94 44
64 85 61
71 18 74
42 9 19
29 22 63
39 10 22
81 39 95
51 11 96
39 98 72
15 11 103
7 24 61
73 34 105
56 41 55
79 103 94
61 45 43
104 3 38
68 54 1
17 25 50
18 66 76
7 74 68
95 59 57
62 28 63
28 22 10
79 65 16
66 93 19
60 13 22
99 61 17
54 43 42
71 16 88
99 1 6
81 87 54
26 21 18
46 32 13
44 57 103
81 63 52
66 79 26
85 31 12
93 87 39
78 47 85
84 36 8
88 14 35
75 36 38
88 32 27
1 88 33
12 71 64
32 22 88
38 14 4
4 98 25
80 81 75
76 45 75
52 65 41
50 47 89
49 45 101
36 44 19
11 85 5
81 13 90
99 95 91
31 62 1
63 8 65
10 9 15
58 65 37
88 92 49
59 19 15
71 88 104
37 7 37
23 46 67
100 80 12
100 11 52
26 89 56
67 35 100
20 2 87
104 72 41
83 48 47
8 59 102
89 3 1
102 10 66
60 29 60
25 23 68
80 22 85
59 39 60
95 57 87
28 21 6
8 31 16
14 79 60
96 47 93
9 58 58
70 1 12
32 53 66
94 100 104
30 12 17
46 54 7
87 84 62
52 10 48
50 65 7
76 104 69
25 11 17
94 15 20
34 80 53
85 74 104
12 67 37
31 43 47
13 42 71
90 46 9
76 3 75
24 89 75
7 87 7
73 23 60
42 57 26
68 30 22
102 83 38
25 17 28
59 86 22
51 24 8
69 63 27
18 71 9
69 87 42
20 47 22
74 57 67
69 53 101
42 98 101
93 39 82
42 105 48
43 102 88
91 83 50
62 6 12
37 51 95
45 26 34
22 47 9
35 80 43
69 29 91
20 47 90
78 69 78
12 44 43
101 92 87
84 38 4
18 44 67
30 77 37
104 60 94
26 35 45
70 95 66
53 83 65
78 98 67
96 91 36
18 105 16
34 4 40
90 78 71
92 97 41
13 5 59
41 22 19
48 101 100
32 32 69
15 94 35
16 81 77
10 93 93
11 17 49
63 26 25
7 27 71
55 61 90
62 3 41
50 24 5
8 94 65
48 92 101
65 43 44
42 23 42
51 80 9
64 49 17
87 99 15
103 5 69
98 8 57
95 71 60
97 98 16
96 36 44
92 42 18
79 60 28
59 85 34
61 75 93
16 16 105
68 32 1
93 9 74
69 73 3
65 30 18
39 47 41
30 87 14
10 83 101
70 9 83
40 59 9
6 85 47
1 18 31
79 52 7
28 1 76
70 65 101
99 61 68
87 51 67
101 83 100
90 68 9
92 75 98
56 35 28
6 80 51
69 9 38
62 8 62
93 36 28
53 105 95
22 54 76
90 37 62
42 81 59
84 12 105
89 26 87
105 75 15
96 94 100
11 52 103
58 75 18
24 37 7
61 18 83
70 30 43
7 5 22
99 1 68
23 13 47
56 10 55
30 40 30
11 31 26
44 92 4
77 59 90
71 33 65
77 100 65
66 83 41
56 74 13
52 85 3
59 31 78
74 31 1
83 10 55
72 52 45
65 78 28
70 28 84
64 73 25
56 8 8
63 84 31
87 81 104
91 13 29
51 15 38
101 3 2
5 59 89
53 30 30
54 39 70
2 35 66
24 35 92
9 78 83
74 79 42
90 87 37
85 45 15
38 65 17
80 51 63
38 100 102
48 80 37
59 60 65
71 52 45
51 92 65
63 102 4
49 2 22
72 105 54
89 59 58
96 51 86
68 50 58
52 80 33
67 80 58
57 43 79
6 101 77
15 73 32
49 76 30
83 49 1
90 97 43
57 24 51
99 26 6
79 97 18
98 24 77
39 27 82
13 83 28
25 102 45
75 98 23
83 71 60
45 85 101
75 54 61
71 5 13
74 3 3
71 62 70
34 52 53
6 80 16
43 28 93
76 73 22
7 30 28
17 47 54
26 61 75
24 70 80
82 91 67
74 60 37
32 88 20
71 71 91
40 60 14
74 59 19
77 58 99
26 49 31
39 17 4
91 2 83
53 44 47
32 30 1
68 47 44
23 66 36
14 76 104
53 44 30
49 46 31
31 50 100
64 88 86
11 32 101
94 59 33
39 64 34
81 13 28
100 35 62
13 10 17
55 26 35
103 73 47
78 11 79
35 17 68
13 105 49
56 72 68
27 69 27
84 35 72
99 76 72
65 22 97
70 7 9
20 39 65
90 51 73
22 102 43
48 82 50
81 31 6
33 59 96
39 80 12
18 97 99
82 95 81
103 42 64
7 102 35
100 89 11
27 40 66
99 100 89
9 63 44
80 53 67
42 3 34
4 40 89
97 39 11
10 94 9
44 68 2
97 42 93
35 38 8
28 75 5
57 93 99
89 34 28
3 27 28
29 1 72
16 12 76
57 53 101
13 91 67
31 11 97
49 79 104
56 22 50
99 43 91
14 19 64
19 37 14
105 95 73
77 82 34
90 6 101
20 104 45
13 8 86
21 102 8
33 73 39
13 24 77
51 89 31
52 41 26
50 104 60
30 19 105
81 84 17
56 81 46
84 87 89
17 89 53
49 17 94
82 3 85
38 21 20
51 60 31
96 24 52
64 88 76
71 42 1
73 16 100
9 24 31
52 70 104
71 60 71
47 92 77
27 63 64
41 95 60
76 45 47
24 64 36
10 41 66
64 1 104
38 94 52
102 4 104
49 35 76
43 23 69
78 41 85
89 38 6
52 21 78
37 54 32
44 8 5
10 52 25
46 14 10
38 21 30
17 74 42
12 43 16
65 82 25
91 104 43
105 83 61
34 82 50
70 24 102
41 77 49
69 102 80
24 102 84
61 42 28
81 25 84
43 13 84
105 33 90
92 36 38
16 18 30
101 85 52
60 100 57
92 10 105
21 19 88
35 59 55
29 98 22
55 32 74
39 56 28
6 97 57
66 45 11
47 11 102
77 74 86
99 1 26
56 8 40
94 33 54
21 45 49
21 74 92
30 96 80
44 13 65
94 96 66
13 105 14
84 70 105
19 30 85
15 16 96
66 38 46
64 79 77
62 97 73
29 17 43
38 29 16
69 105 28
33 22 63
7 100 88
47 65 22
86 43 63
51 81 28
67 15 51
63 47 102
13 98 62
49 39 91
44 42 20
80 98 83
85 66 18
10 67 49
99 95 46
11 97 46
45 70 18
46 22 13
2 58 38
1 94 73
3 27 39
39 76 45
66 97 11
50 73 36
65 102 70
21 46 22
81 67 105
26 15 12
9 23 55
50 88 103
57 78 84
1 21 2
23 98 8
26 102 72
20 16 60
13 70 45
12 63 97
22 33 23
101 23 82
18 65 24
98 22 98
55 7 4
86 48 52
78 54 10
68 11 97
41 56 43
68 83 8
91 1 37
89 92 16
103 22 78
2 1 8
28 73 29
11 80 44
12 31 27
72 35 17
79 49 45
79 76 26
14 37 1
73 61 56
84 55 22
41 92 78
39 74 53
56 102 81
95 8 81
90 91 72
82 13 102
15 62 65
54 80 2
98 79 6
15 92 38
26 69 97
91 83 44
13 2 20
48 1 13
93 1 57
23 75 97
33 99 15
44 76 20
68 45 78
63 31 49
10 64 91
74 35 91
2 35 77
46 47 95
85 68 35
4 71 50
52 7 51
39 20 69
17 83 18
21 2 65
27 58 57
19 10 22
34 85 9
86 16 61
102 11 18
15 60 22
5 43 17
34 56 89
2 7 78
32 12 76
46 10 14
46 19 79
53 60 51
35 4 96
13 10 87
25 95 46
79 97 26
31 50 6
31 36 53
1 7 45
76 79 22
102 95 58
2 102 10
31 62 24
5 97 7
13 95 73
77 40 66
64 67 104
91 105 91
100 81 50
26 21 87
3 19 99
92 2 81
88 46 70
101 35 4
31 32 31
27 80 36
78 75 45
76 20 86
52 80 14
1 11 20
21 69 62
79 52 66
62 17 13
39 9 4
100 101 21
69 23 104
82 30 40
85 30 55
40 12 8
77 10 8
22 97 15
51 30 21
64 104 2
5 22 93
3 10 77
37 32 25
46 55 76
54 2 87
21 53 103
26 14 25
1 94 32
3 36 5
18 72 6
68 22 42
10 29 102
40 29 79
52 54 85
92 40 44
28 100 56
93 37 13
91 10 61
1 41 86
76 60 14
46 90 27
69 11 36
69 59 83
68 24 94
10 70 30
6 59 48
105 6 79
69 19 99
80 20 27
87 26 56
52 26 25
48 15 59
100 12 41
72 26 41
44 94 66
33 78 50
49 29 49
81 91 21
92 74 41
26 3 101
60 86 43
41 100 50
89 34 41
10 75 7
50 75 6
84 83 59
96 95 2
70 104 62
101 62 58
81 39 83
36 55 61
50 22 18
20 78 47
69 48 73
101 20 80
7 77 3
37 46 1
102 101 41
84 53 53
54 82 66
77 104 5
59 62 19
22 34 67
28 9 26
96 29 4
88 72 20
105 11 3
30 7 54
45 82 3
6 32 73
53 55 95
98 33 28
66 10 19
50 37 90
76 71 14
84 45 93
16 33 82
92 6 50
89 28 28
67 39 45
4 58 102
86 14 82
8 18 70
81 35 97
43 80 90
105 9 13
74 68 99
1 99 13
17 84 41
41 66 39
11 29 78
37 55 22
2 8 49
10 55 16
46 13 100
17 88 62
59 95 38
93 67 57
23 63 94
19 58 78
79 43 1
102 21 61
54 32 87
30 66 41
4 51 27
30 78 62
55 65 10
18 76 74
101 73 15
87 81 70
3 1 40
27 39 88
19 54 34
45 60 59
93 62 77
7 27 1
24 48 88
59 27 78
82 1 82
4 22 53
47 19 40
51 1 65
82 20 60
97 42 6
45 16 28
70 18 94
44 59 92
18 13 7
87 43 68
25 44 23
48 49 53
75 94 59
65 7 66
49 31 21
5 10 94
45 56 29
63 63 90
64 70 72
9 36 50
23 64 10
12 2 18
35 3 16
71 9 45
61 13 78
41 53 97
46 105 71
66 62 93
34 48 76
83 39 66
29 26 21
49 95 76
99 99 47
53 104 57
