500
1 15 44
42 29 33
40 14 6
51 42 55
5 37 7
11 9 26
62 62 54
41 45 15
43 13 62
47 64 33
3 9 8
20 56 43
6 37 40
7 50 25
21 54 52
55 54 4
34 14 49
28 59 1
48 19 36
19 29 8
4 26 31
4 30 2
62 47 35
23 26 38
9 32 36
1 58 29
19 22 61
36 62 25
45 40 32
10 30 6
29 19 35
24 11 61
1 25 56
65 3 32
42 62 58
51 51 63
38 14 15
56 3 44
14 24 2
28 58 24
57 24 50
50 44 33
32 5 3
1 46 23
39 42 35
38 7 20
33 41 45
10 39 52
62 63 53
42 46 33
54 16 19
14 52 56
5 27 3
27 49 42
48 15 46
42 6 17
28 43 26
8 10 48
57 56 12
11 19 11
5 37 3
2 23 54
35 48 45
34 26 6
31 17 59
29 35 30
13 22 14
35 5 65
59 31 16
60 25 42
57 61 61
19 48 63
54 16 23
53 63 61
64 37 11
41 27 29
44 64 41
37 60 6
44 27 10
64 36 8
26 63 64
24 28 45
18 62 38
12 32 38
53 55 53
22 63 7
3 62 36
31 28 53
15 29 48
36 6 41
41 44 7
29 26 31
61 47 3
10 45 39
42 23 56
31 27 2
47 59 15
63 9 61
27 32 59
29 50 39
56 38 10
17 17 45
6 21 57
14 12 61
1 41 44
3 54 34
35 16 28
16 50 27
46 45 60
48 41 7
15 8 4
64 64 10
57 8 59
35 20 47
16 25 57
46 45 7
21 38 22
45 17 26
57 45 16
17 23 31
45 49 29
27 23 63
5 15 55
39 34 19
32 25 16
27 31 29
29 29 3
28 13 21
45 36 47
21 57 45
37 51 55
33 53 38
13 50 43
27 42 5
24 36 29
59 33 21
29 64 47
17 13 14
55 43 39
64 20 1
48 40 63
65 65 18
24 65 49
39 12 53
32 1 1
33 29 64
52 44 3
4 27 42
20 39 53
54 7 53
8 17 65
37 27 54
13 16 35
47 54 62
29 3 39
32 31 61
44 13 37
54 14 6
63 60 59
5 65 29
30 39 18
35 38 22
40 39 2
64 50 13
55 19 52
7 51 53
56 35 63
25 5 33
15 54 40
63 31 39
32 34 9
46 45 24
65 5 30
43 19 14
61 43 30
43 3 2
45 55 21
61 5 64
10 64 38
2 34 4
58 12 59
38 9 11
21 36 55
8 57 50
3 27 62
37 50 11
37 41 50
47 9 32
59 46 10
12 2 49
58 60 65
49 4 41
41 39 37
42 23 7
50 6 8
44 58 14
34 46 63
59 52 36
25 8 35
29 6 43
1 45 35
40 19 9
54 56 40
15 32 50
57 30 27
33 20 8
15 57 34
38 7 2
52 33 8
15 33 9
24 6 23
14 42 23
16 37 47
25 43 12
27 56 40
23 52 3
41 58 51
38 65 27
29 7 47
65 28 21
8 8 57
64 61 59
14 47 9
37 65 40
62 35 7
22 7 36
18 11 60
29 29 38
44 34 57
6 14 19
29 63 14
24 17 54
6 38 28
1 38 7
62 37 15
60 37 64
43 28 12
47 16 14
49 13 48
42 1 32
19 35 7
37 52 3
56 21 17
65 37 27
61 24 17
46 60 5
63 8 36
14 48 2
25 14 26
56 24 43
65 4 61
54 35 56
44 3 38
59 16 41
61 44 29
33 22 42
58 40 10
49 14 49
29 48 64
55 4 25
36 12 47
25 2 42
60 14 57
28 27 7
19 34 24
31 31 5
42 31 61
26 21 15
44 51 51
60 23 53
29 28 16
13 49 59
44 9 33
2 17 34
22 1 28
16 52 22
65 64 53
4 11 32
13 5 48
16 57 28
10 18 56
33 60 23
18 26 45
20 4 32
60 4 49
25 40 24
60 44 43
33 61 28
57 43 37
40 63 59
28 45 1
5 28 26
28 55 50
34 56 10
32 65 60
42 30 36
7 42 25
38 50 3
4 21 47
61 3 59
20 60 27
6 49 28
59 27 18
15 28 55
2 36 65
25 45 37
22 2 45
54 1 15
42 32 23
8 46 56
20 18 57
44 29 15
19 56 45
41 59 7
41 7 28
13 53 22
31 20 4
59 5 34
64 21 50
50 50 47
33 30 32
25 7 60
36 8 33
29 52 47
22 57 19
25 29 5
48 21 31
20 43 33
13 15 50
9 8 1
31 21 20
21 8 7
4 31 60
32 9 47
42 24 49
31 18 54
4 9 7
30 34 17
58 39 4
43 25 58
52 43 25
16 1 51
40 56 54
46 21 34
29 25 26
58 12 16
21 24 64
1 20 36
20 50 36
58 64 42
41 48 20
47 48 38
36 9 10
10 49 48
16 16 48
34 42 50
58 62 51
43 20 50
12 65 47
39 15 13
56 40 44
24 36 43
26 34 3
14 38 42
64 59 42
23 23 30
5 43 18
59 26 33
8 26 14
44 50 18
56 44 38
8 46 51
2 28 38
42 44 61
12 26 16
41 14 4
10 12 6
57 52 55
39 15 12
3 47 27
48 51 21
24 38 20
48 18 14
47 63 22
31 59 4
47 32 28
21 19 34
54 14 11
4 7 50
9 46 3
16 19 43
31 28 17
26 63 24
2 31 60
15 38 8
1 57 43
7 23 4
61 5 18
44 61 29
61 27 47
52 26 41
22 49 12
60 57 44
55 18 39
46 35 51
31 60 43
55 20 62
61 9 61
50 15 25
62 39 63
27 58 38
6 57 19
23 13 49
16 17 50
45 10 30
26 11 44
53 15 54
23 50 7
26 61 27
16 50 41
37 11 17
30 65 51
16 35 62
19 26 52
39 45 59
16 56 5
38 50 14
26 32 57
30 65 37
44 47 14
13 25 18
56 43 53
54 51 65
51 40 61
2 49 23
16 35 6
33 21 3
6 22 54
6 1 30
25 8 24
62 40 12
40 56 5
64 26 48
18 26 52
20 21 29
9 46 52
2 14 13
56 50 34
27 28 15
43 13 3
55 12 13
28 21 11
24 41 30
51 52 3
19 1 25
10 64 16
60 58 7
46 32 53
9 12 57
3 15 3
63 1 33
59 29 39
4 22 62
3 22 49
17 18 39
39 19 24
24 52 54
32 63 65
35 32 42
50 21 27
33 30 23
57 62 4
50 62 28
37 61 29
64 24 20
34 57 39
3 35 29
37 33 29
25 52 25
9 37 39
46 4 39
37 8 56
3 3 35
37 23 40
21 59 17
26 55 13
33 6 44
45 51 41
1 65 25
14 27 20
61 37 56
4 17 3
54 49 54
45 40 62
30 25 45
31 27 61
8 33 38
48 36 52
10 45 23
39 31 18
