500
49 25 29
9 52 34
46 2 3
16 2 46
26 24 2
36 28 27
12 43 38
46 8 33
7 40 5
13 25 1
51 18 48
30 16 26
18 12 38
37 37 21
39 38 24
26 1 49
7 17 40
27 16 22
37 44 9
36 17 3
5 22 45
5 41 1
1 45 23
18 29 41
27 20 6
45 32 4
39 5 10
43 50 10
16 47 19
27 38 34
7 40 44
18 39 11
16 41 48
19 39 19
31 3 10
51 27 50
47 39 48
30 43 36
46 32 10
35 29 12
24 51 14
17 18 44
33 39 30
15 33 46
6 13 12
14 39 35
22 47 29
38 32 26
11 20 40
15 7 19
17 5 41
41 5 50
49 19 30
16 49 30
40 37 27
22 45 27
46 36 22
27 14 4
8 3 9
49 42 31
1 10 16
14 41 3
16 41 30
12 47 1
2 25 49
45 40 43
20 12 1
23 36 44
34 18 20
42 10 11
27 10 42
27 35 4
51 50 36
25 22 48
14 20 33
50 9 16
4 10 15
43 2 30
19 22 41
4 47 8
33 38 38
1 30 4
17 11 35
52 30 28
52 34 49
34 16 38
44 46 25
8 12 22
34 52 48
13 23 15
41 19 21
9 27 25
38 51 25
44 13 32
22 23 12
18 24 27
19 9 15
26 8 26
18 6 19
44 51 48
11 1 36
43 25 38
6 34 35
21 20 32
2 46 1
47 52 34
42 49 33
50 14 15
16 51 14
30 2 18
13 26 15
8 41 4
42 34 7
19 8 33
32 16 6
32 15 14
14 15 10
18 27 7
50 42 23
3 36 25
24 47 46
36 51 36
45 43 9
8 18 21
50 44 15
6 22 6
52 7 51
50 9 17
17 13 42
24 6 32
18 39 49
33 43 4
51 51 44
42 39 48
44 49 39
43 13 45
15 14 19
28 52 1
32 40 36
30 50 24
5 16 22
50 10 19
37 19 47
36 24 17
27 35 38
14 15 23
3 38 48
30 4 22
5 32 11
38 17 28
33 27 22
3 11 2
2 29 47
43 44 7
34 34 1
26 9 52
44 30 49
26 19 18
30 3 15
9 43 7
14 32 2
52 16 5
44 11 14
45 43 31
19 44 28
35 44 29
35 41 13
37 19 19
52 13 32
14 11 26
19 51 39
6 30 22
46 8 34
15 22 21
13 52 39
26 18 29
21 7 22
34 16 44
25 14 43
36 18 8
4 30 34
43 30 29
44 34 8
22 36 44
39 46 43
40 19 36
7 49 51
19 32 1
11 41 17
2 24 51
3 34 38
35 51 22
6 30 3
5 37 33
5 36 42
20 51 30
49 21 9
39 4 49
38 34 14
50 12 26
8 31 36
38 21 43
33 43 31
1 45 44
13 30 3
1 49 34
7 24 19
26 41 18
26 35 4
3 21 44
6 14 44
31 35 33
34 26 19
13 41 5
31 52 45
32 42 27
52 50 13
11 36 48
5 13 16
5 7 49
45 12 43
41 10 5
33 12 27
2 45 35
1 17 2
26 52 9
33 42 45
42 12 41
13 16 39
3 25 16
37 8 46
25 12 30
37 46 37
1 21 1
11 17 50
7 20 51
14 48 47
50 18 18
29 52 33
50 30 20
29 43 24
11 46 18
39 14 25
29 40 48
21 32 15
13 50 41
37 10 46
41 23 51
32 9 6
52 28 49
45 8 34
1 2 32
37 11 1
3 2 17
29 14 34
15 50 44
35 22 28
14 46 22
31 48 12
1 46 30
49 17 7
31 14 37
40 1 19
51 36 16
27 3 25
5 28 34
24 4 49
12 8 6
3 30 18
39 15 20
19 44 51
20 46 44
35 31 51
48 42 28
43 12 52
25 6 6
29 11 12
14 36 19
36 26 32
10 15 46
50 5 41
48 52 27
6 9 23
47 15 48
42 1 10
4 15 37
35 46 51
43 30 42
17 32 8
32 8 41
42 3 41
50 19 48
15 13 26
21 38 5
41 34 11
2 3 16
15 38 18
32 14 48
42 43 26
6 25 30
1 9 50
34 44 42
51 19 13
13 6 34
47 39 13
5 29 13
32 46 34
32 18 44
47 47 25
33 25 10
44 30 37
38 29 44
38 43 24
40 4 48
39 39 31
34 36 5
41 46 28
34 32 2
28 20 47
52 45 13
30 5 40
4 25 3
30 14 43
52 30 29
44 31 6
26 7 2
30 2 45
49 8 2
21 51 21
26 1 10
18 18 45
31 14 4
1 2 51
29 16 22
2 43 49
22 39 33
47 15 19
36 19 14
39 13 46
1 43 24
33 45 32
10 30 24
14 49 24
23 1 44
10 44 49
37 45 38
33 9 23
21 5 1
27 39 49
49 24 41
2 35 33
35 1 46
24 52 38
39 51 41
29 22 23
43 3 43
17 13 25
38 2 3
47 52 48
23 10 39
43 3 26
19 18 51
25 48 34
9 6 28
10 24 39
5 50 18
21 15 12
45 28 31
27 29 48
24 5 40
1 27 35
29 36 41
37 38 27
4 9 16
23 45 15
37 49 37
25 14 6
4 11 8
27 50 7
33 34 7
14 3 49
47 43 25
1 35 41
42 45 10
20 43 13
44 20 38
23 33 31
37 26 23
44 11 42
23 3 24
6 27 32
25 25 11
26 21 14
41 25 2
46 5 18
43 13 19
45 16 9
33 15 27
4 27 33
6 51 8
46 21 39
49 30 48
41 7 3
50 25 32
36 26 26
41 25 21
7 42 27
45 8 40
33 36 45
35 38 20
7 18 48
27 43 49
23 12 5
41 44 12
9 2 2
23 14 1
35 22 22
51 18 45
34 9 39
7 24 25
37 45 21
49 45 3
9 25 13
19 24 4
27 45 14
6 4 40
42 3 51
40 26 5
27 6 5
38 20 14
16 3 6
26 46 9
12 38 23
31 10 43
18 25 39
8 2 36
41 27 14
15 12 35
24 35 44
51 35 13
20 30 49
37 5 47
34 23 26
2 9 48
6 45 9
35 40 43
4 36 32
18 50 39
25 49 12
29 27 29
23 27 52
17 14 49
36 10 33
48 12 16
27 44 2
21 8 42
22 38 9
12 50 6
7 37 40
43 36 50
48 16 25
3 33 48
40 33 11
42 25 22
12 16 10
25 20 24
1 24 36
38 14 44
28 28 19
48 32 26
24 22 42
11 12 46
36 15 26
35 10 51
48 34 44
50 2 20
44 9 21
50 37 41
31 52 52
13 28 40
45 45 52
26 31 19
20 41 42
45 41 12
47 12 12
4 38 49
2 2 32
41 35 19
22 8 41
34 15 1
43 47 42
20 24 38
8 43 44
46 25 42
29 49 38
8 9 21
43 50 27
10 4 50
2 50 45
36 47 11
