5000
35 72 52
14 25 85
64 29 59
39 68 22
65 61 81
29 7 6
37 33 1
45 74 6
35 86 7
22 47 69
32 73 19
52 11 10
55 46 8
45 62 21
28 82 4
49 37 56
47 1 11
16 52 14
8 87 52
65 29 78
15 89 17
23 63 12
28 5 67
1 71 58
13 65 32
44 76 4
36 5 79
23 76 4
3 37 32
76 43 78
52 79 42
14 26 46
57 44 82
67 42 47
56 36 68
82 72 34
53 42 44
8 57 2
23 30 80
31 8 83
88 17 52
75 7 37
24 34 66
61 24 40
74 51 13
26 30 38
88 17 10
52 72 76
83 8 39
60 74 71
78 89 17
42 58 49
29 39 37
81 18 80
6 56 34
21 81 15
42 28 7
25 27 51
46 26 26
11 18 2
20 68 76
51 45 6
71 21 61
74 50 80
83 45 42
24 19 56
73 45 40
5 14 77
61 25 88
59 3 52
45 29 16
2 31 81
60 54 12
37 58 61
47 63 68
58 12 16
30 18 37
65 1 10
73 3 61
59 26 1
25 10 9
38 60 18
16 4 51
4 44 25
7 82 57
87 51 74
52 83 6
78 84 49
70 24 42
29 20 85
88 78 86
42 71 61
34 55 52
55 35 37
29 29 21
61 43 63
68 81 21
30 6 43
50 32 12
42 62 49
62 37 34
9 60 3
53 50 85
76 48 29
33 67 10
34 3 3
36 56 54
12 76 83
1 28 59
25 56 41
40 9 14
69 10 84
20 24 88
24 69 76
29 32 74
71 88 19
70 26 11
76 58 3
55 45 69
68 67 53
83 55 45
16 49 70
77 37 16
21 33 54
51 2 68
9 15 6
89 72 50
15 7 33
41 12 63
73 32 42
22 49 36
73 38 35
80 89 17
59 18 86
41 22 55
47 43 23
48 28 30
57 46 11
25 41 12
18 55 58
73 65 13
80 25 31
16 58 56
47 57 13
19 47 17
62 42 30
40 52 51
57 73 2
41 83 37
27 1 22
22 34 13
82 61 40
81 20 57
22 79 64
41 17 32
77 88 80
75 68 25
59 10 4
26 10 12
3 79 11
87 30 15
80 86 49
83 73 71
44 47 65
2 27 69
57 71 39
32 65 88
9 79 25
71 84 67
24 57 82
67 39 11
32 22 35
85 68 83
80 33 7
1 10 68
87 35 45
72 63 25
29 88 38
89 72 57
9 60 62
47 52 60
38 24 43
55 40 48
87 21 72
8 50 18
8 45 63
63 2 40
73 47 65
26 5 49
71 29 66
20 53 42
82 50 5
71 11 20
44 87 89
33 21 66
7 88 33
48 5 73
56 83 8
70 14 89
83 38 52
29 87 4
27 11 26
81 8 49
82 41 13
35 11 75
6 6 52
74 85 68
42 62 49
35 58 43
16 59 88
2 45 40
72 48 86
59 56 66
42 56 6
89 75 64
87 68 59
3 32 65
44 28 3
62 47 75
28 11 12
26 19 30
19 23 7
84 41 43
34 36 13
70 22 77
55 12 48
22 12 84
25 55 65
9 82 84
17 18 67
46 40 21
9 8 73
39 2 46
40 46 4
19 28 47
88 24 6
1 5 77
13 28 81
17 47 88
45 4 68
11 75 61
66 63 76
2 43 1
87 47 78
34 88 81
27 17 82
60 46 30
76 34 66
74 63 43
17 4 67
89 80 3
14 84 1
14 77 86
50 71 58
16 73 59
38 43 69
42 56 68
60 29 28
71 49 54
21 33 41
13 30 49
36 16 36
18 35 22
75 47 52
57 20 75
45 79 12
82 62 82
81 3 49
20 28 48
85 44 77
13 89 29
10 25 74
70 75 68
12 38 74
28 40 65
76 23 21
15 84 68
89 4 58
88 87 21
56 14 14
89 36 66
68 42 82
56 24 64
32 14 83
19 80 64
37 27 20
28 62 13
13 37 73
35 77 8
27 48 16
60 17 38
33 37 24
42 17 81
6 4 35
64 69 83
69 5 57
82 57 67
35 41 62
58 42 47
87 12 62
66 4 85
57 42 17
23 65 70
89 12 25
63 3 59
2 16 33
19 60 38
86 37 69
62 55 52
28 53 46
67 71 5
86 8 72
75 78 21
34 36 40
31 68 52
82 2 52
19 64 12
7 3 58
36 8 69
5 32 52
39 50 77
67 17 3
20 74 62
53 83 67
10 19 78
72 69 76
65 17 17
87 70 89
75 84 31
38 18 35
89 26 55
80 42 76
39 69 50
46 51 23
53 33 36
26 25 10
37 62 11
50 23 76
25 55 30
74 62 71
20 5 64
48 43 86
32 37 14
47 11 50
34 73 13
46 23 19
36 36 49
68 80 15
52 13 89
66 86 10
60 63 11
8 58 36
5 58 83
33 89 21
74 40 48
76 85 48
9 45 29
30 68 33
43 62 59
32 61 23
81 72 78
10 70 16
19 8 87
74 86 56
84 52 11
69 26 78
20 31 75
53 26 82
31 76 64
21 38 16
14 19 46
65 84 12
80 48 84
1 60 68
6 78 83
58 29 62
10 16 58
4 67 86
9 2 66
66 84 11
75 16 88
49 84 58
54 49 45
64 83 28
68 16 35
82 88 87
2 53 15
29 28 32
30 29 48
47 35 72
50 66 78
12 40 44
88 81 37
19 47 47
68 32 55
77 89 10
71 58 5
46 22 9
39 80 51
87 78 85
86 76 58
22 82 55
72 31 26
7 53 27
46 26 46
82 48 64
78 48 88
33 83 23
53 45 4
14 56 49
50 81 64
83 57 28
25 9 87
82 3 12
54 22 76
11 36 69
20 42 55
82 11 69
14 69 88
59 32 88
16 87 66
82 12 80
39 59 61
72 10 65
15 66 11
86 77 81
71 59 1
25 66 1
82 80 29
84 87 40
80 63 2
31 79 29
22 6 84
41 80 72
4 15 50
13 81 26
74 55 64
62 80 46
78 42 85
24 56 27
88 57 31
33 77 77
12 24 82
21 76 25
22 75 9
25 84 9
84 64 38
25 17 30
89 9 69
12 55 60
89 40 4
42 10 66
42 36 78
1 13 25
14 3 36
53 56 10
70 72 76
36 72 15
6 16 5
80 4 27
83 41 84
3 58 30
42 38 27
54 56 13
5 55 51
14 63 21
10 12 70
10 51 24
50 7 16
5 54 16
8 1 3
35 73 58
10 40 47
29 48 46
77 14 56
31 30 48
57 32 4
32 38 70
58 2 12
42 55 75
28 26 23
76 18 38
14 77 29
71 51 85
56 10 55
25 66 36
75 13 7
46 25 82
25 65 13
81 37 40
4 48 18
53 22 55
37 67 54
41 61 13
50 5 73
27 81 9
69 44 49
36 76 34
77 4 3
87 70 43
74 77 44
83 50 63
49 7 66
86 2 72
53 63 66
11 62 7
74 54 23
66 42 71
22 8 41
7 86 49
6 86 14
86 86 78
51 72 76
73 69 37
17 65 16
3 12 16
73 20 44
62 8 21
15 14 4
35 6 84
19 74 29
41 67 57
15 88 73
21 16 2
23 15 53
12 16 4
64 9 53
89 72 60
67 89 52
49 5 70
69 49 36
45 1 83
73 69 89
72 73 41
54 44 65
29 86 5
75 15 51
4 66 17
1 62 67
74 42 87
48 17 5
56 12 20
37 65 82
33 70 71
41 26 77
68 37 19
68 89 27
27 51 24
46 78 52
31 13 28
49 63 86
67 4 54
38 70 2
30 57 33
73 68 79
34 32 57
18 22 87
88 57 89
75 5 7
54 35 72
23 40 4
53 78 20
35 89 38
17 29 38
80 78 20
57 18 52
32 39 52
29 61 86
1 68 5
17 27 5
4 58 79
18 6 58
80 83 77
26 15 73
14 38 15
62 16 87
63 2 64
67 16 51
29 27 11
78 73 58
37 46 81
25 62 16
50 80 64
83 66 13
8 51 14
87 81 79
59 80 70
53 22 30
23 8 15
73 62 51
15 83 86
18 58 60
70 53 14
29 37 29
66 28 80
64 25 2
40 29 76
11 58 76
13 83 3
10 43 77
9 26 39
61 24 80
25 44 1
66 64 41
48 7 79
86 34 75
1 67 32
68 34 14
26 82 39
3 31 71
12 68 46
61 36 38
10 59 14
58 78 49
66 71 6
47 71 23
61 31 55
26 35 26
2 3 48
54 72 66
41 1 49
53 87 76
18 13 34
29 34 26
44 71 75
12 13 34
66 1 80
5 31 49
32 75 42
23 75 79
19 56 62
84 82 46
45 44 20
81 9 38
18 24 20
71 83 55
68 23 89
5 34 15
24 81 33
78 2 76
20 46 50
48 47 18
84 48 10
40 37 38
15 35 29
5 36 31
26 31 62
34 65 80
31 71 46
74 15 37
77 84 81
77 72 65
63 55 86
38 68 53
76 60 30
73 76 4
26 39 64
11 20 22
22 18 31
29 49 89
54 56 30
15 45 35
68 1 48
60 10 24
61 9 62
87 68 66
38 29 52
69 53 54
24 5 88
87 46 42
67 69 20
56 45 79
10 24 6
22 72 77
87 55 35
4 15 19
22 51 77
29 32 7
26 27 63
68 80 88
85 40 29
38 8 83
55 53 21
26 60 52
68 80 21
38 14 75
38 40 10
41 30 61
37 33 8
23 59 14
77 21 23
80 79 55
73 54 84
38 38 63
2 24 39
16 10 22
88 12 31
19 64 67
71 74 53
79 85 81
21 6 56
35 2 24
57 39 2
14 77 58
32 72 69
17 14 51
39 55 84
50 12 6
55 69 72
46 24 45
86 69 42
31 36 69
88 26 39
44 75 10
15 48 73
26 86 38
41 83 31
16 3 45
27 4 13
32 54 14
62 30 33
2 83 70
83 53 32
51 7 77
28 43 44
56 11 41
57 51 40
68 45 25
22 55 83
57 83 39
31 32 78
41 1 7
21 78 10
46 67 76
39 38 17
54 63 46
89 86 66
17 87 62
1 24 25
63 48 61
13 65 22
81 64 47
22 34 13
4 39 73
50 12 9
62 1 33
87 51 65
39 7 75
24 38 74
78 23 28
68 38 76
21 5 73
57 59 66
83 46 83
13 36 85
5 63 37
45 46 83
62 47 14
64 3 34
37 5 21
50 76 77
14 66 47
60 55 31
22 14 73
61 51 65
67 40 22
13 60 54
53 68 37
55 66 14
44 26 80
28 17 79
48 78 62
31 68 63
75 71 78
4 59 73
39 54 19
64 77 10
35 33 27
62 31 46
31 17 56
39 37 72
36 65 65
57 64 55
50 88 12
45 2 72
78 46 21
58 5 77
33 3 75
86 76 50
64 70 73
77 68 60
6 44 41
54 85 27
55 31 60
69 12 16
29 47 68
89 83 70
17 45 80
8 81 21
56 4 88
61 47 7
12 30 68
53 81 76
65 84 47
2 81 81
56 22 6
60 63 59
11 18 77
24 88 54
85 68 60
73 3 84
36 52 70
18 11 85
55 46 76
12 63 2
47 14 50
45 30 74
51 29 78
56 82 57
17 59 79
8 19 64
86 35 75
19 46 43
8 28 28
3 72 24
50 13 31
16 10 62
48 74 27
69 88 83
77 49 2
33 22 12
59 49 87
6 79 32
35 61 59
45 78 67
26 37 89
33 88 62
36 34 86
27 20 60
10 43 74
5 10 28
17 54 42
75 34 62
27 70 65
71 83 19
5 56 78
88 56 77
85 30 20
46 33 22
8 79 2
61 57 15
1 20 67
66 40 43
29 59 43
33 78 47
81 23 72
4 21 20
49 3 77
68 8 27
59 22 24
36 45 62
24 18 35
28 14 36
13 13 16
81 61 85
54 66 16
16 34 32
37 46 7
85 76 10
35 27 61
1 73 46
57 35 29
89 35 20
87 1 14
50 48 75
61 72 15
21 41 58
78 60 67
39 65 5
1 69 30
13 50 11
52 46 79
76 74 23
58 55 15
1 52 25
18 13 38
29 82 14
24 85 9
70 85 14
51 16 85
32 85 48
10 36 47
43 59 16
27 20 73
28 10 80
32 3 52
24 73 39
56 31 18
36 10 41
86 50 53
34 34 44
56 19 69
31 17 74
17 54 72
53 77 65
21 71 54
7 76 49
6 12 41
34 1 56
78 54 53
1 46 74
14 87 51
24 81 43
62 85 32
69 50 46
31 79 30
86 14 29
13 86 56
49 55 28
19 19 13
25 58 48
9 37 53
34 46 30
85 33 30
82 37 58
22 11 78
20 10 74
78 59 86
58 36 35
32 51 84
84 16 6
43 32 57
21 76 9
4 88 77
4 87 15
72 28 31
7 12 76
9 32 88
37 11 56
69 13 58
10 52 75
59 45 29
78 14 47
87 60 26
72 18 54
3 67 43
58 48 76
14 85 8
85 14 69
65 18 33
27 51 76
86 76 43
70 44 48
55 41 77
89 64 8
83 76 85
9 13 80
19 29 34
87 32 14
2 14 23
17 80 80
68 82 53
65 71 14
62 37 16
62 27 27
60 55 58
4 89 27
31 35 62
40 51 50
72 65 76
68 58 2
61 63 10
71 28 39
26 77 72
64 49 12
24 75 65
65 42 37
67 84 76
22 17 87
47 82 31
16 4 55
40 15 8
77 59 12
80 58 17
39 85 23
25 55 75
82 24 4
32 79 85
78 44 66
77 67 23
89 13 52
11 11 82
50 4 34
31 12 13
35 67 30
29 1 12
72 6 1
33 37 79
73 26 34
39 53 47
81 40 73
41 22 49
44 2 46
25 84 86
49 84 64
8 12 27
88 57 38
5 39 6
62 54 10
29 28 81
18 54 48
39 12 77
51 57 20
56 40 9
43 3 22
42 63 7
5 41 38
61 28 24
32 13 71
47 26 33
51 25 24
23 43 69
73 7 12
25 28 17
43 6 18
89 47 58
48 25 25
83 86 2
38 68 74
20 57 34
76 89 2
10 8 89
62 51 82
20 49 79
19 56 32
41 52 22
46 9 59
28 10 51
88 48 77
49 26 7
57 73 35
2 85 2
84 28 27
57 71 39
36 40 7
70 36 2
67 8 23
74 65 38
85 76 61
59 46 64
20 5 31
46 73 80
1 68 27
33 65 56
24 58 13
69 73 75
41 69 5
7 58 61
54 65 50
69 7 36
32 81 65
70 79 43
22 37 82
87 11 3
19 16 73
15 53 77
87 20 31
89 66 48
70 66 29
75 75 58
57 54 60
57 73 42
61 44 88
77 28 63
40 49 72
65 62 44
85 80 41
25 46 60
30 21 40
31 14 80
24 49 11
68 42 19
8 86 73
83 5 52
76 66 58
29 29 63
62 68 14
44 61 25
14 41 33
62 47 22
8 64 47
78 66 53
82 86 42
32 34 87
21 17 23
84 24 52
1 79 43
34 36 88
77 6 23
49 53 43
22 79 17
83 33 76
89 50 9
83 35 54
72 46 86
78 79 67
35 67 19
31 83 5
54 70 22
57 49 12
77 77 81
82 55 36
31 62 77
10 24 88
50 40 33
71 26 27
42 86 32
68 45 68
12 23 60
67 77 35
10 87 50
81 67 61
29 80 88
46 9 18
52 26 33
46 33 74
18 24 28
88 51 41
87 9 33
38 40 74
20 40 30
64 68 65
2 24 31
28 16 73
2 82 43
52 55 26
64 47 70
52 83 29
27 71 8
15 34 79
44 54 6
26 28 7
22 9 23
45 77 39
25 23 34
65 76 28
24 77 55
75 39 67
27 56 19
85 39 16
10 42 58
24 9 64
33 79 67
6 17 42
80 3 9
65 66 14
39 86 48
53 54 46
2 88 46
48 87 57
42 3 44
75 81 22
26 89 3
37 15 55
19 54 54
10 23 74
77 62 71
15 69 23
88 17 33
68 7 19
13 80 5
2 68 25
82 81 44
62 28 44
30 34 51
69 71 20
40 63 14
69 60 70
12 46 22
64 37 70
65 52 26
25 20 79
32 86 62
11 66 26
12 43 34
32 16 45
60 64 32
21 74 87
37 49 12
66 36 41
39 28 73
89 68 40
50 74 27
17 14 13
37 12 62
26 46 2
56 54 79
32 60 51
44 65 11
4 70 37
29 5 49
35 35 34
61 76 42
7 1 69
80 78 19
65 43 80
24 47 62
32 23 35
59 31 47
4 6 45
36 39 16
20 55 87
4 76 18
39 73 62
77 14 17
59 44 17
1 35 32
75 73 69
88 14 52
84 53 10
40 52 68
46 42 41
46 57 70
85 75 67
32 5 11
12 25 87
79 28 40
15 10 88
28 14 66
55 67 70
5 27 50
79 1 79
16 67 22
49 71 80
28 80 11
67 60 9
68 39 59
53 39 8
9 50 3
55 39 87
45 49 7
18 87 89
81 59 52
66 77 51
34 63 76
65 1 3
68 86 65
29 46 27
27 44 80
41 81 5
44 84 81
26 60 5
30 67 3
5 9 59
87 89 13
82 84 7
8 50 71
39 80 20
16 45 81
56 9 68
25 78 5
23 14 29
10 45 59
72 79 34
72 50 30
59 63 12
15 86 53
31 83 55
69 52 34
70 67 47
20 27 51
47 77 64
7 61 72
37 49 51
26 71 28
13 2 86
65 5 75
7 27 77
12 28 29
13 41 4
8 37 55
74 1 66
21 89 3
65 13 5
85 24 1
62 47 30
49 37 46
61 16 61
21 61 86
37 7 19
57 7 54
5 51 18
72 55 34
53 49 2
2 33 69
18 20 40
66 35 5
57 44 77
86 42 27
18 35 82
56 22 45
25 85 14
43 1 49
55 85 11
27 31 43
35 80 50
73 48 17
53 3 40
60 79 20
62 62 15
25 73 67
78 74 18
71 60 33
26 29 28
1 31 13
25 69 76
7 69 40
18 42 1
47 78 67
21 84 18
88 15 40
41 7 88
2 14 86
62 9 25
88 14 48
59 27 50
52 64 52
64 59 18
68 45 36
15 54 36
1 34 76
52 76 32
70 24 14
37 7 36
10 14 29
39 69 54
74 68 49
58 3 29
24 49 68
7 46 75
57 11 23
58 79 67
78 64 74
30 26 14
40 52 18
44 45 89
46 71 25
86 50 88
69 22 39
85 46 60
63 81 73
53 56 48
51 55 34
14 9 66
58 80 44
13 82 15
89 66 66
7 6 46
49 23 63
40 83 42
32 6 4
37 37 80
87 73 81
84 68 52
11 63 9
35 72 75
36 82 34
42 16 61
42 37 64
53 70 80
31 39 85
60 71 8
2 13 43
86 67 43
33 30 24
57 27 1
40 48 11
27 54 46
20 48 7
30 74 1
19 73 72
87 20 63
79 86 40
55 51 10
15 74 15
81 88 36
66 89 57
60 29 75
77 47 39
33 50 88
52 73 53
46 1 31
15 73 55
74 8 11
68 14 45
56 56 69
65 45 82
26 71 41
66 31 28
87 33 36
79 7 60
40 46 83
48 86 2
63 56 79
12 83 88
49 87 16
11 84 75
28 74 9
51 22 10
45 48 76
81 46 66
19 79 58
8 4 29
56 72 48
28 5 38
63 83 89
83 1 84
72 66 9
60 84 34
43 48 17
13 68 63
62 52 60
10 65 26
53 12 26
57 8 19
9 59 65
73 53 30
82 11 50
35 8 4
74 75 23
67 13 62
76 56 39
80 64 23
81 80 6
52 37 36
41 48 25
50 23 51
71 33 42
32 31 40
57 47 20
32 10 39
54 71 52
19 49 50
53 54 61
72 59 14
73 14 16
79 21 86
25 27 41
1 18 27
66 37 68
48 34 8
31 36 2
30 47 75
87 36 45
61 45 48
54 41 79
47 41 34
4 2 80
26 62 86
11 3 6
37 46 14
46 13 64
87 87 74
76 83 51
27 29 57
89 87 37
15 27 14
65 47 43
16 76 6
34 8 31
22 6 9
83 17 60
79 57 36
87 89 13
42 76 10
30 83 58
76 88 89
50 71 70
89 77 4
2 86 8
61 67 86
68 45 28
44 26 45
23 40 16
1 72 81
83 26 79
11 39 61
80 78 2
78 54 59
82 89 89
4 72 70
38 19 19
15 23 29
19 78 73
14 58 62
14 58 80
80 57 63
19 1 76
28 10 27
55 34 64
82 28 75
15 87 88
77 8 25
67 15 70
13 74 9
57 70 44
23 23 87
51 24 56
36 41 9
2 64 3
26 57 50
87 39 9
80 81 69
55 27 12
1 6 16
46 35 52
81 61 81
89 64 54
41 82 56
13 63 74
65 42 5
27 61 77
23 30 29
21 72 27
75 48 39
82 20 88
83 33 52
61 52 42
21 78 41
12 4 43
38 1 36
13 39 68
64 14 50
74 2 35
20 60 11
32 86 77
64 29 61
17 51 24
47 61 32
14 23 76
45 52 1
74 40 67
44 35 48
11 14 83
84 23 3
16 11 40
27 63 34
49 66 69
59 58 58
45 32 35
15 10 34
32 85 39
55 80 59
3 64 14
87 48 87
28 53 7
80 68 4
85 20 16
70 59 41
60 9 37
64 12 58
75 86 48
8 54 86
1 62 77
82 2 23
42 88 2
15 81 11
25 79 88
55 30 42
13 50 86
26 39 85
86 79 46
82 58 34
63 43 72
88 87 28
62 88 28
31 71 49
40 40 1
1 60 86
8 7 54
5 89 75
57 28 42
30 62 20
7 20 73
60 13 38
56 8 46
84 5 82
43 43 21
40 27 9
63 51 77
51 45 57
22 41 77
68 17 84
35 88 46
31 45 53
36 50 2
20 54 27
26 9 53
60 29 33
14 11 66
70 88 17
76 36 67
64 8 6
67 51 63
34 10 47
15 41 32
88 43 77
13 76 56
7 32 66
16 86 18
30 1 82
71 25 89
23 51 17
66 12 1
86 68 18
78 66 10
56 35 73
82 75 24
81 19 16
58 1 82
7 50 28
27 5 38
64 10 23
69 34 74
19 11 77
86 14 57
15 58 57
28 85 86
16 41 88
86 58 8
36 49 56
74 37 50
80 12 29
10 32 37
7 78 54
24 87 80
70 14 56
40 28 1
80 2 63
85 55 45
79 43 44
59 21 7
85 62 4
27 36 18
14 54 27
88 42 56
70 2 18
43 25 38
67 40 36
21 18 48
23 83 70
81 84 1
70 44 67
16 31 72
35 32 88
81 83 24
16 76 73
27 31 16
57 31 78
41 10 87
37 28 56
31 67 31
81 49 68
86 77 67
5 55 40
64 71 46
40 10 40
84 41 76
84 73 8
89 15 57
40 20 72
14 24 68
19 24 14
74 15 62
2 3 23
30 39 68
57 24 11
20 49 69
85 50 66
1 89 66
1 74 4
64 51 41
2 70 25
65 48 65
49 38 50
48 18 62
86 82 63
1 36 68
13 16 62
85 31 16
39 61 73
73 84 61
29 44 89
50 15 8
17 42 48
6 76 86
12 77 71
76 70 54
88 76 49
41 41 86
7 74 46
24 11 28
12 66 56
79 59 45
38 1 53
28 70 61
49 28 6
86 33 82
89 63 10
69 23 82
50 14 82
7 80 8
17 6 46
84 89 87
70 88 17
53 32 67
68 67 69
65 86 65
21 37 45
57 11 34
13 23 40
61 8 59
35 39 3
54 38 42
51 9 78
32 67 12
71 81 52
77 65 2
11 27 86
7 72 21
54 65 66
4 80 16
17 30 61
72 35 53
82 63 7
74 1 41
29 76 59
11 59 2
56 74 20
71 53 77
3 67 10
55 45 6
79 51 72
38 70 63
83 68 77
55 79 70
8 8 74
7 73 19
18 56 3
89 33 41
42 72 50
60 5 73
71 61 80
10 42 65
84 62 29
86 36 55
71 3 21
26 58 73
17 41 68
3 85 65
12 46 75
83 56 51
33 43 2
73 4 66
21 43 60
30 64 43
25 19 81
25 19 14
67 28 68
36 81 23
41 24 26
32 16 70
38 7 47
58 62 29
89 75 86
52 23 22
32 43 4
83 22 50
20 30 65
59 89 27
74 82 86
41 56 51
79 48 36
6 32 8
61 61 89
72 16 6
78 67 57
53 56 46
41 52 89
78 53 22
38 71 30
15 17 57
16 75 59
80 41 77
78 40 79
36 50 47
32 21 26
87 41 27
71 76 73
28 82 9
47 18 60
81 11 10
49 23 84
77 13 51
50 58 76
62 10 17
36 53 67
8 73 46
16 63 62
9 37 45
55 19 83
23 76 85
65 63 20
84 15 53
83 21 43
36 12 81
63 83 40
82 9 22
56 28 45
57 78 38
30 80 52
71 18 87
47 10 60
25 17 47
17 62 17
12 21 63
28 41 48
84 9 61
61 39 74
39 57 21
81 1 4
52 35 70
71 71 32
80 54 60
75 57 74
72 39 34
8 22 5
46 75 13
10 65 57
30 57 1
36 21 86
8 31 48
67 15 31
89 50 25
40 41 30
47 37 36
68 88 45
36 1 13
60 79 26
61 44 80
32 25 52
34 43 42
21 63 5
28 28 27
46 78 76
26 53 52
5 42 1
76 73 7
86 55 78
47 69 6
87 69 53
17 19 52
88 68 70
29 75 30
8 12 3
61 53 59
71 6 11
47 26 9
42 11 19
86 49 31
30 31 6
83 72 7
29 11 37
20 56 36
22 4 48
1 61 60
66 3 3
31 82 68
63 56 31
52 82 78
79 44 32
7 31 72
24 52 83
82 65 58
85 84 39
14 37 11
60 41 49
75 27 88
56 29 79
28 43 32
17 32 63
56 71 77
54 24 60
18 88 5
59 63 13
65 18 22
87 60 51
33 33 52
34 24 13
66 20 43
21 25 28
33 5 55
54 60 17
65 2 81
35 2 8
70 23 45
61 23 39
59 34 13
71 89 69
11 33 34
13 84 62
89 39 69
55 48 43
41 31 79
43 33 62
53 55 45
39 9 64
32 28 5
14 71 28
63 44 31
5 12 12
80 83 2
25 69 75
15 50 20
12 26 27
51 63 81
14 56 6
60 48 56
45 30 33
78 80 33
22 22 1
47 17 50
45 1 51
34 73 70
6 70 14
88 50 18
76 83 57
79 71 32
49 65 55
6 70 70
82 52 8
13 10 34
16 80 67
61 68 6
39 49 35
46 63 9
76 37 50
61 29 37
10 75 37
36 80 54
44 80 32
83 51 37
59 47 10
7 63 15
76 69 39
59 54 71
40 3 19
64 51 40
35 35 38
32 52 54
70 76 34
50 30 81
76 78 47
66 22 32
36 17 51
89 10 39
64 41 84
58 61 43
88 84 15
26 68 36
84 44 5
84 23 29
88 43 86
23 26 16
4 68 86
62 11 25
38 59 17
9 72 23
3 18 17
89 69 54
79 3 81
39 87 12
37 78 70
32 60 49
26 16 87
68 5 39
36 84 29
30 43 52
79 78 15
28 47 44
49 42 57
17 6 26
81 85 32
16 87 18
80 24 69
49 64 25
2 76 59
77 29 80
8 38 12
24 86 19
81 45 59
69 36 62
13 67 65
10 9 6
19 78 50
69 76 10
48 71 89
22 78 2
22 79 26
60 22 62
28 79 35
53 51 44
17 13 84
30 53 23
58 64 57
75 65 56
27 43 4
67 86 6
5 9 18
42 31 31
32 45 43
88 46 33
83 28 43
18 24 49
57 49 22
64 76 86
3 30 36
31 80 65
81 29 86
80 56 29
6 11 52
59 4 80
29 28 69
50 42 68
21 48 79
46 71 7
27 22 71
18 71 11
71 28 31
72 13 68
76 75 11
81 45 54
31 42 86
83 66 85
80 76 6
55 76 22
22 45 3
30 1 27
20 27 67
12 55 32
15 23 83
50 69 76
74 86 38
72 50 41
19 49 6
49 10 81
57 25 50
6 29 41
17 58 51
74 89 82
27 2 16
76 72 22
1 8 53
66 66 87
18 46 47
55 58 14
16 60 60
55 19 13
32 62 35
1 66 53
42 66 82
45 44 30
56 11 73
60 22 23
85 82 5
71 34 73
80 53 48
21 41 12
26 43 39
52 85 36
80 85 71
15 17 61
22 71 37
32 68 87
43 85 1
46 25 40
59 42 17
32 31 51
46 72 20
49 51 8
52 84 73
82 13 5
73 70 35
45 48 74
56 37 59
51 14 64
60 40 59
14 21 35
57 5 71
14 85 2
5 48 28
87 45 37
11 43 85
20 67 10
37 10 14
48 1 35
10 20 54
68 1 80
59 18 40
3 11 61
47 60 16
45 43 38
51 29 1
82 67 58
85 28 46
76 87 88
21 67 16
77 51 44
13 43 55
30 15 13
22 56 11
47 7 73
70 82 41
8 50 42
73 78 73
81 88 26
55 22 36
1 65 7
30 13 5
22 25 12
15 83 47
61 21 65
23 15 22
84 81 18
86 29 5
18 75 34
87 19 53
38 83 45
71 62 11
40 29 39
67 83 57
11 67 36
31 55 2
79 46 23
22 27 63
42 11 78
6 22 21
85 72 55
89 39 74
89 43 38
3 40 68
68 5 5
78 78 49
50 2 3
36 36 56
26 81 43
84 62 34
25 21 1
81 6 52
72 76 56
73 38 24
79 8 87
3 78 80
69 86 50
55 3 70
4 7 19
32 87 88
86 6 84
63 26 2
85 34 82
31 3 21
37 67 26
87 37 83
51 13 61
3 88 45
19 41 1
48 77 63
32 80 80
81 56 40
45 88 79
31 36 12
43 9 5
50 27 59
4 80 46
4 3 63
14 41 23
14 20 66
2 78 11
62 31 56
38 74 53
41 2 64
42 82 42
47 60 51
26 54 43
14 79 34
45 45 4
28 22 50
24 53 20
66 18 51
34 17 63
79 27 85
69 89 13
65 49 27
17 61 28
9 37 26
17 11 58
64 64 17
1 36 59
26 8 55
61 19 34
30 25 21
81 37 1
11 9 79
42 88 12
11 39 20
41 45 23
56 44 65
22 10 44
35 27 18
7 60 61
14 77 47
77 53 14
42 14 57
82 55 61
30 39 66
75 26 71
5 1 76
3 83 54
47 51 1
74 67 17
36 5 53
87 47 52
38 58 77
30 28 56
87 66 23
5 62 22
25 77 73
3 56 58
69 67 5
46 31 32
89 88 6
61 26 1
77 32 41
31 35 53
57 10 34
68 11 39
15 60 42
6 17 51
4 78 16
60 80 73
10 49 12
37 72 2
83 17 38
64 45 75
29 50 58
19 51 24
1 48 31
22 25 18
33 37 25
19 79 27
58 45 20
59 70 76
5 23 67
36 23 41
54 69 49
9 84 43
25 70 69
40 88 13
65 44 57
69 39 61
15 7 60
82 51 72
88 43 8
83 7 56
84 16 38
84 35 21
60 80 14
71 11 27
14 65 21
35 25 55
18 28 82
67 35 42
6 82 77
87 9 22
69 51 50
19 3 29
64 40 58
74 57 18
54 78 41
5 17 61
76 31 7
53 20 16
3 16 24
18 23 79
57 10 68
26 66 82
87 48 22
78 35 2
73 86 29
41 80 62
16 66 54
53 4 12
4 64 29
37 1 19
19 16 18
54 26 24
67 72 3
13 3 88
37 67 56
52 67 37
70 83 36
55 65 62
75 24 21
57 64 68
43 2 82
28 66 80
36 40 30
62 17 73
71 61 73
69 60 81
3 47 63
67 43 3
9 73 15
56 25 68
38 87 74
34 19 28
37 56 87
84 58 62
32 86 58
20 2 61
80 26 80
65 69 50
68 38 88
52 83 20
57 25 4
72 55 85
55 66 43
46 66 76
6 82 77
34 67 13
57 39 60
5 24 55
53 72 82
26 54 4
66 88 87
21 70 18
13 70 3
81 46 30
10 54 45
60 46 27
39 25 22
16 74 86
24 5 20
87 70 25
35 9 24
15 19 21
66 69 72
75 48 13
17 24 25
68 81 45
20 7 78
30 23 30
56 56 5
51 89 40
55 48 85
23 36 36
35 3 36
32 56 21
40 48 7
26 60 38
14 29 12
39 57 17
27 39 71
10 66 77
78 81 41
74 73 65
58 11 42
64 9 88
78 83 70
31 22 57
59 56 51
36 50 39
31 87 53
18 11 36
5 8 12
48 50 30
71 5 40
36 85 19
65 76 62
23 37 5
53 68 70
85 5 82
18 68 83
18 71 29
8 60 11
71 69 53
35 71 21
29 34 83
7 38 36
39 11 49
61 81 77
14 58 48
54 38 12
72 59 59
79 89 8
31 56 1
50 42 62
34 57 71
83 45 63
7 82 46
15 67 68
48 70 75
52 70 51
9 29 68
48 16 73
24 44 52
83 52 44
58 54 55
60 21 30
41 78 21
89 44 39
34 47 27
48 59 68
89 36 4
11 2 19
5 61 16
37 53 49
35 60 81
29 1 29
81 11 79
39 70 29
26 59 77
81 76 33
44 77 65
88 14 23
40 71 10
53 6 15
80 46 82
78 1 51
70 15 2
68 25 39
70 81 39
5 64 53
79 63 5
37 48 30
73 46 61
4 53 23
45 22 15
23 41 30
85 6 62
9 69 39
14 16 50
86 88 44
80 13 51
32 7 75
87 34 32
3 20 19
17 14 6
54 65 11
57 81 74
22 34 66
67 86 20
18 63 43
87 60 7
73 27 34
84 64 46
46 51 27
12 59 12
44 16 66
82 70 51
59 67 5
80 62 59
40 3 34
18 75 20
13 58 27
16 4 18
62 29 41
27 55 60
1 51 27
12 46 67
88 76 11
64 71 1
35 1 47
10 81 27
59 22 22
25 28 49
38 38 16
47 60 14
60 51 9
66 41 72
41 26 43
86 49 70
26 51 13
56 56 32
78 26 42
82 88 75
68 35 39
22 78 86
29 14 25
78 32 56
46 88 17
82 36 3
86 22 44
69 83 51
48 70 56
21 70 42
18 55 76
74 32 19
75 44 70
67 17 56
73 8 43
38 64 70
76 66 34
83 42 4
65 11 72
26 36 9
49 26 57
25 13 28
83 6 38
62 78 2
62 1 87
12 41 52
54 49 30
13 11 22
25 21 81
42 4 37
16 6 9
32 77 63
64 66 11
71 66 4
55 89 1
85 15 68
64 28 37
60 51 22
81 1 29
67 10 36
59 70 16
48 38 9
44 39 75
73 73 62
36 40 67
71 5 58
62 72 52
21 30 82
45 61 6
47 15 78
14 8 55
12 74 6
12 48 72
51 54 36
32 61 54
58 29 39
65 29 46
5 77 21
28 25 2
26 88 59
77 21 57
48 59 43
14 1 79
82 56 42
37 27 38
38 83 21
3 39 16
4 88 5
88 7 77
20 42 88
18 26 62
4 62 56
33 81 6
54 53 48
8 49 47
28 54 8
72 88 64
32 73 74
35 64 3
52 29 49
14 44 86
7 26 81
40 4 49
63 8 25
44 24 64
57 46 22
14 26 61
11 28 18
73 9 9
48 21 27
28 61 33
29 35 6
38 55 12
45 82 69
45 63 86
44 87 49
14 21 17
57 25 14
47 89 71
17 12 81
50 1 21
7 18 44
41 57 16
69 19 64
56 19 6
8 15 63
89 31 83
3 16 56
65 6 72
32 55 68
86 17 24
37 86 12
89 84 29
66 72 62
42 53 44
17 22 1
65 81 12
9 2 51
40 66 36
42 7 86
21 51 43
75 33 65
64 75 30
64 66 26
3 22 58
61 54 68
50 36 87
44 78 17
88 4 61
14 16 44
67 29 43
82 58 55
31 16 21
28 30 64
4 38 56
69 5 82
68 64 39
56 25 13
7 40 18
17 56 67
82 32 36
24 21 40
49 31 30
48 37 48
34 57 28
51 47 28
88 47 37
59 2 76
14 86 40
32 35 37
10 79 73
13 72 15
65 79 55
77 58 14
31 30 32
11 75 23
53 43 87
23 64 72
88 38 70
66 73 30
78 47 1
44 64 45
3 31 62
71 79 1
70 29 67
26 58 62
43 51 75
16 52 22
35 67 47
60 24 63
57 49 88
29 1 38
60 22 88
88 46 37
64 62 28
26 85 57
50 87 2
34 28 50
42 86 87
60 65 3
45 76 73
85 49 48
76 15 80
82 6 53
9 24 84
44 58 82
82 78 3
44 54 11
24 48 86
63 66 64
52 83 41
48 12 56
12 25 58
55 12 47
50 73 71
35 27 29
33 40 88
47 82 44
27 79 10
83 47 54
64 58 14
58 50 54
59 52 71
74 11 83
46 13 59
26 8 35
50 33 77
89 65 33
30 75 21
46 45 51
36 16 22
18 69 16
29 44 76
71 72 21
34 59 26
69 67 74
3 69 28
49 3 64
49 88 41
73 22 22
49 44 24
32 61 25
62 26 43
68 59 41
53 80 87
19 44 22
68 78 21
72 48 52
48 82 87
76 60 60
19 89 40
88 72 88
81 64 31
48 73 76
17 18 79
4 42 63
39 54 66
28 77 80
87 80 33
71 79 44
3 81 41
35 45 40
49 53 89
82 64 23
83 40 1
1 69 54
53 5 41
46 11 9
5 66 14
44 70 48
83 47 86
68 37 30
32 7 25
47 52 38
10 57 25
17 53 69
7 17 24
55 81 78
44 14 43
73 14 3
4 75 1
51 68 70
13 41 31
57 67 1
14 37 89
70 57 51
36 73 22
45 72 62
22 7 43
3 69 2
65 50 48
55 74 8
75 64 84
54 30 58
76 33 72
32 22 27
8 22 71
15 1 12
49 7 52
50 48 1
55 10 75
2 22 64
58 37 29
54 55 29
39 38 48
17 77 81
17 46 25
43 14 24
68 79 52
43 68 35
84 32 66
22 5 54
55 85 29
31 47 81
72 72 1
54 21 77
69 26 16
5 1 84
27 71 51
24 82 21
61 12 53
66 20 55
78 34 26
18 12 68
74 43 43
17 45 50
24 4 43
1 23 86
38 43 84
27 78 69
12 60 60
16 89 67
65 88 81
1 56 5
56 61 88
82 9 37
17 28 31
1 83 9
86 37 43
52 75 27
79 72 81
51 56 57
53 48 78
54 83 26
13 4 13
29 47 64
35 10 39
66 75 30
2 60 76
20 10 25
1 51 66
1 52 60
52 5 39
17 49 8
54 56 48
80 34 46
5 14 89
60 43 67
87 14 66
75 50 53
27 60 20
44 33 80
87 60 15
42 75 50
67 68 23
63 75 36
53 60 14
55 84 56
80 32 66
44 67 51
34 38 24
23 11 9
54 2 18
53 21 88
12 87 82
15 52 16
76 68 16
50 35 87
86 64 35
10 35 11
48 55 12
19 68 84
62 33 80
46 2 64
39 65 17
33 17 75
84 11 60
64 76 34
45 64 55
26 2 33
19 14 76
76 48 19
14 46 65
43 89 64
14 73 49
86 80 71
29 36 23
34 50 7
66 38 9
18 73 88
12 33 25
16 17 87
47 79 74
3 64 49
77 21 53
62 13 73
56 78 15
6 73 32
33 36 61
21 72 19
12 33 4
20 36 67
57 1 62
38 52 72
68 3 77
56 45 77
84 22 49
16 68 10
59 16 45
70 81 20
45 55 45
52 65 15
59 35 67
18 14 57
34 25 76
9 37 81
61 41 53
48 45 89
50 28 3
53 25 56
22 85 54
56 27 25
18 89 45
27 15 7
2 33 61
9 19 58
15 80 76
60 50 57
60 27 45
54 2 34
65 72 32
88 50 32
28 1 12
70 48 25
28 27 60
86 1 67
10 14 23
80 3 74
60 88 81
34 74 31
78 60 28
73 43 66
78 2 61
78 86 85
47 25 77
88 86 39
66 23 40
67 25 49
66 57 44
25 40 42
78 2 5
88 24 4
76 83 26
37 46 38
70 15 7
2 72 7
85 32 61
32 71 62
71 45 26
12 27 9
29 5 43
43 89 24
52 22 16
66 33 9
71 8 1
52 20 35
63 69 56
12 77 21
2 49 15
16 80 47
87 52 64
78 88 42
80 3 26
72 59 41
36 28 12
5 55 62
16 43 83
78 32 42
25 32 67
49 8 25
89 65 32
42 57 32
71 89 24
10 8 57
79 42 85
76 49 28
78 88 22
40 56 24
24 81 12
58 19 27
46 58 75
77 10 31
82 7 82
84 37 78
23 45 24
60 34 67
65 13 13
48 32 66
47 50 26
34 29 39
26 62 56
81 11 58
9 88 28
81 14 5
77 64 81
87 83 50
47 75 18
44 67 59
48 51 2
16 6 55
41 19 74
12 64 35
35 63 13
75 65 74
86 78 3
40 27 3
31 42 56
18 57 9
50 63 61
3 43 84
78 42 22
74 75 29
8 67 49
50 54 69
88 56 85
71 67 77
74 20 22
17 29 70
4 56 53
18 21 15
43 25 45
56 67 74
2 61 88
7 42 64
35 23 29
12 27 87
44 39 7
76 67 62
33 81 47
77 61 30
57 83 32
54 47 48
77 61 67
42 24 80
80 2 76
28 74 48
63 65 83
17 73 28
19 77 33
29 46 1
57 29 83
80 89 51
57 75 22
27 84 75
37 34 44
43 86 23
80 29 74
26 85 47
25 86 48
45 33 9
31 85 48
31 58 82
10 83 34
47 56 23
5 57 29
63 26 4
54 23 57
66 18 33
51 44 36
52 67 37
11 53 11
30 47 5
9 55 80
7 17 16
41 52 67
7 56 27
7 37 38
62 59 73
61 8 34
67 6 11
80 42 3
17 88 40
54 63 66
20 42 12
24 48 69
33 49 36
24 43 27
5 36 52
56 89 2
88 23 79
84 16 69
11 72 41
45 37 47
88 83 17
23 5 79
18 38 36
12 70 55
51 2 31
41 13 1
34 73 17
18 32 48
82 76 17
48 29 2
19 2 56
75 2 1
45 80 63
7 19 21
69 48 81
38 10 9
22 30 26
83 1 72
39 9 74
72 16 4
77 37 79
21 68 12
52 82 31
31 67 68
7 83 46
83 56 24
71 59 27
82 8 7
63 35 77
70 5 27
55 43 26
40 48 78
65 83 69
58 16 69
10 1 83
7 28 27
13 21 5
23 73 26
5 10 51
54 87 17
7 85 81
69 23 49
76 44 75
29 86 6
86 47 87
87 75 42
42 50 71
5 8 42
27 54 82
12 30 64
4 50 57
32 71 54
22 10 26
15 89 68
7 61 19
63 84 62
21 45 28
56 19 5
14 12 29
63 32 47
64 21 46
45 87 26
57 37 63
3 70 31
10 48 25
3 35 88
28 83 77
75 65 77
43 3 85
66 58 15
69 10 55
37 55 64
46 85 46
26 83 77
7 69 20
64 41 14
50 68 6
87 54 61
12 18 16
27 33 30
31 69 44
40 22 72
50 42 73
67 22 48
73 54 47
61 39 80
65 11 78
68 58 42
61 21 24
87 50 48
4 20 32
73 8 77
14 26 14
87 15 21
18 21 85
42 65 29
49 57 12
12 39 53
81 65 47
14 30 21
18 48 57
57 69 43
57 67 62
27 13 49
56 20 24
17 41 44
41 32 25
1 8 72
78 19 16
70 25 79
27 42 53
29 3 74
25 53 72
6 62 20
49 18 51
12 56 30
19 33 73
85 2 72
84 45 48
65 86 11
56 19 82
16 5 28
21 9 70
71 57 68
4 54 86
77 58 40
19 75 24
19 34 50
5 31 23
12 5 55
77 51 89
60 4 88
68 25 73
37 11 14
27 14 73
51 35 85
50 15 12
39 89 18
24 46 24
50 12 84
30 57 69
49 87 74
69 20 24
11 24 47
31 68 70
10 26 18
68 5 31
16 63 60
88 60 63
60 89 63
20 65 81
35 55 81
25 71 30
39 8 39
12 71 44
54 31 69
49 22 15
41 76 64
41 70 67
37 43 2
28 46 6
80 55 7
28 42 16
73 7 75
52 31 80
35 8 70
15 53 62
48 71 72
42 3 79
44 3 54
15 57 79
20 3 13
50 82 49
79 89 15
32 67 71
71 68 19
73 79 43
56 80 31
13 12 79
76 80 30
21 71 79
85 4 53
45 82 25
88 12 13
2 48 67
54 37 16
45 60 59
23 80 58
81 31 56
43 16 23
29 7 42
1 11 78
80 67 20
62 44 19
65 27 20
76 84 52
62 67 5
73 47 87
63 32 51
30 36 33
73 79 30
13 65 45
48 25 8
19 81 13
33 86 36
8 86 18
13 23 78
21 1 79
31 7 52
17 46 50
89 51 69
17 2 67
7 9 73
7 47 89
54 62 6
64 52 57
46 40 75
28 69 68
74 60 19
3 69 54
80 2 60
80 63 86
44 33 57
38 38 4
17 23 49
82 52 37
72 48 37
15 52 19
3 31 60
21 10 5
84 77 56
46 67 13
61 30 24
20 71 79
70 52 62
7 60 30
63 27 49
33 34 33
50 25 2
63 44 37
85 18 63
54 76 46
8 24 88
6 70 69
46 5 49
41 66 72
88 37 15
10 87 74
23 6 17
80 63 17
20 22 65
43 53 42
81 41 62
10 47 56
12 50 48
66 69 2
32 68 58
12 35 41
28 32 88
36 68 59
46 17 23
65 56 62
51 64 23
54 63 43
60 79 13
67 89 4
34 63 30
82 26 10
55 61 80
12 81 35
25 24 42
88 35 69
67 21 81
70 72 39
58 77 89
84 6 85
1 25 84
75 5 55
19 21 57
19 8 82
44 44 44
58 48 16
60 60 56
89 57 40
66 82 56
84 41 51
48 43 12
78 55 7
19 31 42
58 54 28
74 33 23
15 69 45
51 84 2
7 36 31
23 29 2
12 38 32
6 50 1
64 5 58
18 42 65
88 9 51
81 23 89
45 35 75
1 51 10
66 89 49
39 29 55
16 1 5
55 72 12
29 36 81
8 78 28
62 23 67
44 67 16
71 2 52
29 31 4
28 71 2
62 21 1
71 77 56
59 21 86
27 15 3
47 40 8
86 16 52
75 88 86
41 40 45
52 54 76
48 89 1
32 89 47
19 77 24
45 71 29
6 37 9
40 9 46
29 32 44
5 14 38
76 61 87
75 69 65
75 64 81
40 76 8
13 4 37
4 89 89
55 8 81
65 62 40
22 23 31
61 6 16
9 3 54
20 18 32
44 53 86
43 64 7
23 12 47
68 7 15
28 64 80
26 80 86
12 87 18
50 9 42
50 62 11
85 70 62
54 65 7
52 2 44
61 61 37
74 61 71
12 76 22
60 9 82
26 47 19
1 46 66
75 35 48
78 76 49
66 56 8
43 58 34
71 56 26
49 70 69
39 12 37
85 19 11
53 11 27
60 34 86
14 26 77
73 21 42
41 34 49
50 63 78
80 62 81
69 29 89
44 34 21
38 5 62
61 77 80
80 60 16
58 9 11
1 81 7
41 86 82
6 41 26
40 86 40
20 17 38
70 34 12
69 31 35
89 54 85
54 39 27
59 40 44
13 57 40
8 74 5
62 58 48
21 54 62
64 25 86
28 30 28
52 58 81
62 2 59
76 42 60
39 18 87
62 81 63
35 10 16
44 12 86
35 57 40
76 56 9
26 14 79
7 38 44
82 34 13
66 55 87
49 76 53
20 37 71
61 1 68
56 13 50
4 76 34
17 66 35
16 6 77
46 5 79
80 64 50
53 71 59
10 66 43
71 8 60
20 7 20
89 12 60
46 82 49
29 63 61
29 43 76
37 51 81
33 77 24
14 1 76
24 84 59
62 81 16
50 55 23
19 22 44
4 59 81
28 9 2
44 57 27
49 65 8
87 31 67
18 54 48
69 54 17
38 29 51
20 51 84
83 82 58
39 89 33
86 1 64
15 8 12
62 84 1
50 57 32
83 79 40
33 23 86
20 51 51
50 57 48
80 70 89
5 83 64
26 42 4
65 29 53
59 20 76
4 29 74
43 20 57
22 10 74
87 9 82
23 73 84
84 47 37
25 19 38
67 66 32
18 69 6
3 18 16
61 29 22
3 39 40
33 84 78
78 42 39
34 17 76
15 35 29
30 89 62
58 45 53
22 2 43
83 10 29
46 12 88
59 29 14
81 30 66
25 5 51
77 35 81
80 25 57
9 45 27
10 88 3
11 15 44
86 74 5
82 75 11
62 29 46
63 53 64
85 57 79
42 50 63
38 26 2
38 11 79
45 5 51
18 29 75
21 3 82
51 78 70
64 55 33
3 87 12
13 58 72
63 45 59
76 66 79
11 81 57
75 62 45
65 80 2
85 69 68
26 73 47
69 70 5
66 17 65
63 87 67
66 36 43
79 69 31
82 3 49
85 85 36
73 10 31
67 63 22
33 82 45
53 85 16
31 43 53
78 20 42
57 81 22
36 26 77
38 13 52
85 67 38
8 7 26
27 73 50
39 1 80
72 82 52
38 35 51
11 28 72
61 33 40
24 13 62
23 80 30
30 66 28
45 84 42
2 51 51
78 58 77
35 65 60
30 19 76
60 24 63
41 2 46
35 78 86
69 61 40
65 19 36
83 51 44
11 41 41
85 43 63
47 42 47
10 28 5
74 16 60
56 10 87
53 64 2
45 74 30
27 39 64
23 16 74
18 68 83
76 23 35
55 9 32
41 86 74
20 29 52
29 80 36
75 29 19
19 88 87
15 77 20
80 74 73
79 21 5
53 75 54
40 9 45
89 24 18
61 83 39
36 58 67
34 54 15
44 85 55
3 60 79
40 13 77
53 22 56
83 65 82
81 86 78
51 6 65
13 61 79
36 26 67
4 65 29
57 81 68
62 58 12
20 59 23
39 64 53
2 82 60
55 25 46
21 27 24
6 31 75
77 57 28
61 71 27
77 76 52
28 66 49
59 20 7
13 18 79
54 47 40
32 79 80
34 67 19
21 56 37
57 69 53
48 40 71
54 40 32
15 35 20
86 48 89
16 32 70
56 62 81
55 35 27
40 18 21
62 84 49
85 72 32
35 10 55
85 7 21
66 45 1
24 14 23
51 62 88
42 19 21
74 18 30
69 57 86
18 24 83
7 13 29
24 65 38
48 31 12
11 78 21
59 10 8
12 77 57
4 3 54
28 25 61
6 6 89
61 39 26
87 24 79
82 56 56
21 82 72
34 3 59
44 8 76
73 65 84
77 71 30
11 13 75
29 70 51
34 57 65
81 55 83
69 23 52
28 50 51
10 42 37
42 59 8
22 15 20
40 56 86
44 49 15
13 89 62
33 17 61
17 40 88
78 26 2
53 21 62
57 13 88
18 55 70
67 12 43
43 70 13
19 58 32
72 61 64
45 12 22
89 13 89
36 41 24
33 45 50
75 87 38
11 47 10
31 47 49
70 46 66
42 43 18
77 68 17
19 26 19
32 53 34
20 83 75
32 87 33
57 84 12
16 73 45
31 38 73
57 59 23
59 29 59
57 85 24
3 62 72
31 40 49
53 26 13
38 36 40
55 52 74
21 29 55
49 86 12
37 27 34
59 16 67
20 42 87
84 5 25
89 69 79
27 88 55
44 30 62
84 13 7
3 63 54
71 49 39
41 2 11
46 38 75
80 59 32
72 51 49
56 73 85
28 50 81
11 50 86
7 16 71
88 82 28
58 2 28
64 11 6
70 46 41
8 68 62
44 88 59
84 30 60
26 14 1
37 43 41
27 17 29
41 2 47
73 17 11
24 32 8
87 70 85
24 35 86
73 87 69
35 5 62
87 86 63
3 71 9
81 62 88
36 33 4
47 83 26
52 73 14
82 25 15
69 33 19
16 63 15
8 41 8
11 26 9
30 31 71
53 52 56
3 42 87
67 30 3
31 77 30
37 10 16
74 23 55
39 79 76
79 7 71
1 84 84
8 70 86
38 34 34
6 73 49
50 78 20
28 48 70
33 25 37
60 88 63
47 65 47
80 66 83
73 20 72
28 12 80
59 20 69
1 4 87
31 38 35
24 86 48
89 69 42
79 38 24
16 8 30
52 83 86
55 67 83
30 61 1
86 66 28
25 63 86
3 19 1
61 17 12
22 54 18
85 23 61
88 60 13
52 29 34
41 7 15
33 47 35
5 37 63
16 89 6
78 8 7
45 48 14
63 74 30
65 36 31
18 66 83
29 87 22
81 68 44
63 61 2
50 58 42
86 50 35
33 48 79
11 53 5
87 44 38
9 46 18
69 22 14
56 89 59
67 44 69
44 84 60
35 8 28
78 9 23
85 43 66
16 82 39
52 72 46
76 23 14
83 2 68
76 54 81
8 65 10
11 24 79
72 31 76
61 54 75
34 5 47
42 21 86
55 54 15
33 12 30
26 49 16
87 59 81
78 46 15
79 67 58
10 89 25
70 60 65
43 83 6
17 65 24
65 56 33
78 28 84
38 46 73
59 74 27
85 34 36
53 53 44
36 87 12
38 29 70
44 73 22
30 47 64
63 87 10
32 4 18
84 7 2
6 22 19
83 35 89
9 77 1
81 73 76
9 39 80
47 84 55
77 83 48
6 14 2
29 60 56
48 26 20
62 63 42
78 65 71
83 61 5
34 73 73
52 11 43
36 11 26
28 13 3
26 5 89
7 79 80
34 86 13
81 17 41
88 41 55
68 85 19
66 36 61
28 57 5
73 10 84
19 14 39
19 2 58
41 26 50
42 84 82
80 68 33
4 14 59
80 88 30
17 35 9
55 23 60
60 56 61
69 62 1
59 35 63
74 1 66
66 57 47
7 4 81
81 39 55
66 32 37
6 35 85
84 20 88
34 84 4
5 62 87
68 80 17
55 89 58
52 57 81
86 87 71
89 15 14
26 21 46
42 20 13
84 52 11
81 27 3
3 61 26
53 13 15
22 26 31
26 72 86
7 81 33
3 24 66
76 3 28
29 67 25
54 85 24
80 76 37
15 12 70
20 85 76
8 3 34
88 62 25
3 18 12
23 8 24
64 58 71
76 33 54
29 46 59
4 85 35
8 3 87
86 42 68
51 21 23
75 12 53
29 89 77
46 61 38
66 17 79
26 3 54
34 64 69
26 55 50
46 54 11
68 85 10
46 82 32
55 17 89
80 77 78
59 46 4
54 62 82
51 17 26
29 82 23
66 83 7
2 43 20
60 62 47
27 46 1
26 58 3
59 55 11
86 46 47
62 48 86
31 85 50
70 58 13
4 83 66
73 76 5
2 34 16
55 62 7
53 88 65
76 63 89
66 44 37
82 74 83
76 21 42
64 23 30
25 41 43
62 74 89
39 85 28
85 24 52
61 53 54
24 47 55
44 18 38
80 23 39
10 15 75
34 51 49
30 34 7
70 33 58
53 2 15
79 23 86
33 23 88
63 64 11
80 22 73
85 10 45
61 82 53
30 65 59
64 77 34
7 72 17
56 21 15
12 61 80
45 72 81
59 62 8
32 36 53
44 83 55
86 38 62
9 53 7
47 20 66
78 62 14
32 53 25
71 36 37
15 88 62
61 84 85
77 44 84
39 32 14
52 86 44
54 11 2
2 71 11
46 36 17
26 78 33
41 32 80
46 17 56
39 24 69
44 11 12
54 16 21
66 54 28
1 66 88
86 36 18
69 27 34
77 80 38
32 24 32
35 24 53
31 44 44
25 54 2
17 65 36
81 1 23
67 79 9
28 87 48
10 88 59
34 51 26
36 83 7
62 80 21
59 34 5
75 2 74
15 44 53
4 12 55
33 31 48
3 40 75
81 25 23
19 56 88
37 89 78
82 71 80
83 51 81
19 48 42
68 67 10
47 87 44
10 67 16
29 51 8
85 70 66
53 35 9
27 10 42
87 72 20
62 76 66
15 34 3
86 66 17
77 3 24
70 47 85
24 16 41
84 79 77
62 12 35
81 13 45
13 7 23
24 20 30
23 14 66
85 39 46
24 39 82
49 5 38
34 12 16
49 45 30
73 8 1
34 21 17
82 33 26
47 54 48
3 77 41
10 36 15
57 36 27
2 79 37
67 63 13
45 16 5
19 88 57
13 60 51
58 63 45
51 9 89
21 11 76
50 26 79
18 14 72
46 78 68
24 87 56
10 8 22
58 67 84
30 26 52
36 52 10
53 60 78
43 80 51
42 73 10
79 77 20
72 55 12
56 41 1
38 49 50
45 26 52
30 81 71
35 11 26
84 82 33
30 77 51
6 17 62
4 12 82
26 66 74
6 44 33
8 39 35
27 52 89
51 45 72
84 68 72
8 61 53
69 41 82
86 78 73
31 43 60
45 82 8
84 58 7
40 2 73
1 16 88
64 36 65
11 11 52
7 25 69
56 2 77
47 1 53
88 19 67
78 40 80
56 85 8
28 7 78
28 66 33
48 12 30
12 54 24
68 57 14
8 37 34
70 71 76
39 69 31
63 86 21
41 49 84
5 60 64
10 28 76
27 81 58
50 30 73
53 68 17
65 42 22
41 29 22
45 76 69
48 21 59
61 35 88
34 9 43
23 87 60
54 20 61
16 60 31
71 78 64
15 42 71
8 23 31
20 21 38
81 30 42
48 63 22
72 43 18
75 35 29
79 89 56
6 89 47
52 65 45
14 70 38
37 74 70
59 33 45
74 52 3
10 11 42
12 81 42
76 83 82
51 53 71
89 53 10
56 74 56
15 72 54
89 89 31
62 68 28
41 12 27
56 32 59
10 18 31
65 38 3
37 79 24
25 21 35
4 12 42
75 68 35
18 87 50
33 18 58
66 26 3
32 28 3
23 19 87
13 1 78
33 39 13
39 49 71
45 88 6
21 13 1
84 49 35
53 1 26
41 13 40
81 14 3
56 22 78
35 30 75
73 40 47
69 33 12
63 28 20
45 67 70
66 1 75
47 47 71
78 46 52
53 9 26
76 28 55
3 72 43
37 85 46
36 61 3
55 24 74
74 88 58
15 38 71
17 43 41
22 47 83
41 21 3
20 72 13
11 63 89
59 47 22
84 39 51
61 68 16
30 68 32
71 18 38
3 41 87
73 10 34
9 57 83
61 9 67
34 49 58
75 50 64
27 11 13
68 69 50
49 62 49
55 72 89
39 19 82
46 44 77
26 36 80
44 57 71
11 23 20
18 85 9
24 42 44
8 3 31
71 41 89
21 63 49
56 10 63
61 64 16
77 87 74
2 41 80
49 89 25
85 69 42
13 31 14
46 14 17
25 28 6
64 80 82
16 29 28
18 64 54
3 27 63
46 40 72
10 16 63
23 87 17
74 40 16
59 46 87
63 36 29
83 60 74
22 24 4
10 37 87
81 43 6
31 69 52
65 81 64
41 45 46
62 42 27
17 8 65
6 50 77
5 42 85
22 78 14
44 86 30
37 65 75
74 49 9
55 6 25
4 54 14
81 43 72
13 28 33
68 48 48
57 18 17
21 58 60
16 82 18
19 4 34
18 21 13
17 70 59
25 63 82
33 67 54
76 87 51
19 76 79
32 53 86
10 50 52
59 3 16
48 79 60
62 33 67
32 70 65
43 74 26
51 4 48
4 57 35
85 63 37
70 45 30
10 53 28
11 36 21
88 73 37
68 1 44
63 44 53
80 47 39
76 33 6
71 19 16
81 73 84
19 38 52
52 59 75
34 75 70
81 3 56
77 70 78
18 86 46
48 32 45
2 41 17
39 44 37
82 2 15
31 23 86
27 4 58
55 3 64
24 51 58
25 65 66
32 79 18
53 51 71
88 44 83
46 82 78
82 17 35
5 38 86
61 87 25
37 20 68
83 8 61
76 49 69
28 19 7
50 43 53
62 55 25
26 59 48
45 89 82
37 38 62
72 37 4
3 85 3
37 28 24
48 43 54
75 56 43
75 18 6
39 63 21
77 82 87
69 31 82
57 79 66
59 16 73
78 67 85
40 49 28
65 62 13
59 30 62
30 53 82
87 78 18
52 33 65
50 9 45
22 84 47
46 24 51
48 18 43
85 38 37
10 25 5
67 21 71
69 29 41
70 78 61
43 37 69
81 54 25
62 84 35
64 25 45
20 18 64
75 12 78
71 34 69
54 78 28
80 56 33
15 8 37
29 17 18
72 60 51
19 16 87
62 25 21
10 22 22
27 44 17
7 83 65
85 15 79
5 64 80
61 86 81
88 79 42
54 75 16
43 79 19
19 47 82
49 39 70
33 87 35
11 89 72
78 83 69
48 59 23
82 69 73
71 4 9
62 61 60
73 80 7
22 23 85
53 8 27
52 65 72
9 74 79
9 14 61
33 35 75
56 78 73
81 80 37
46 46 3
64 42 82
35 72 37
14 20 88
60 19 70
17 8 64
74 73 59
56 66 88
18 18 21
80 82 23
19 25 57
9 63 32
84 76 67
44 57 65
57 46 6
18 79 18
4 29 14
46 70 30
80 62 11
42 52 12
65 37 4
38 70 81
21 27 48
26 89 68
34 10 38
86 18 39
19 64 72
74 43 77
46 61 46
76 81 87
46 69 84
55 2 21
30 19 14
83 65 30
18 71 88
25 9 19
64 83 39
40 64 78
7 76 45
71 17 66
86 15 27
12 51 70
42 39 7
89 85 46
31 30 40
8 78 32
9 25 65
53 47 13
19 28 14
3 2 24
28 15 6
64 1 35
84 10 25
73 43 10
64 75 84
22 65 21
4 43 52
2 23 8
46 57 28
18 57 28
14 78 76
10 4 11
24 82 27
3 59 42
29 25 45
67 29 72
23 29 36
6 41 52
10 72 55
62 51 45
23 10 23
71 21 43
76 61 52
13 56 55
65 89 46
55 26 34
43 40 80
13 62 79
40 76 35
67 79 40
9 84 48
59 33 50
46 1 6
38 24 64
81 86 61
34 17 12
36 24 38
65 27 87
32 85 67
86 81 56
11 24 65
87 86 49
10 37 67
14 66 20
60 50 24
87 16 72
52 77 21
60 35 44
13 86 67
13 55 1
23 89 70
2 32 4
17 75 68
30 17 32
62 65 40
44 2 47
12 50 57
33 28 63
36 61 49
39 14 49
81 60 19
74 49 61
58 56 26
58 53 14
67 81 15
43 8 12
10 38 52
41 4 78
63 54 45
56 12 89
82 67 2
43 4 40
62 88 78
53 3 63
81 42 57
79 83 19
80 2 48
78 80 62
87 56 44
66 76 23
67 19 44
30 48 63
37 53 79
58 74 29
55 61 28
44 2 4
73 36 3
52 66 13
7 67 2
17 49 46
66 73 50
87 30 43
58 84 67
3 36 47
56 68 24
33 54 33
88 52 54
19 5 61
80 73 54
50 60 37
66 30 58
26 21 53
31 3 52
44 69 23
41 85 69
40 67 24
52 52 4
16 23 53
73 85 53
87 11 76
56 29 55
34 87 28
24 15 23
13 7 17
86 31 81
44 27 43
37 16 48
45 69 83
54 62 29
40 1 23
53 33 5
48 33 4
78 61 89
32 37 8
35 62 39
19 6 31
38 89 18
77 63 56
17 32 32
71 48 21
37 61 47
75 54 81
23 44 26
22 72 45
75 25 38
86 60 33
67 22 54
66 85 63
12 42 7
66 28 20
1 12 69
9 16 24
57 46 5
35 31 46
9 66 22
39 43 68
79 39 58
18 89 36
67 38 17
54 76 6
15 80 75
33 74 23
4 46 69
12 62 45
73 87 36
29 25 5
56 18 70
82 71 26
2 1 34
27 6 7
38 44 24
4 10 11
6 82 71
40 33 73
23 20 39
81 81 81
70 46 54
84 21 40
22 78 39
36 77 32
59 68 42
22 47 34
84 48 82
12 16 35
12 40 32
35 87 79
60 62 20
79 14 56
82 42 56
4 77 77
35 40 42
42 57 84
82 43 47
29 72 45
72 73 22
31 70 36
78 44 58
73 89 47
73 64 65
34 89 66
59 14 2
89 16 67
3 39 17
36 33 69
61 59 87
40 79 73
54 46 84
61 65 31
37 35 48
12 15 85
40 38 39
10 12 66
9 85 10
38 27 3
89 77 61
37 50 70
53 60 29
12 44 64
36 43 88
30 32 85
54 75 69
62 23 60
6 88 76
87 62 82
50 12 26
43 71 34
13 68 52
57 57 30
22 52 16
43 17 44
73 73 46
54 22 33
57 24 84
45 84 64
78 73 86
71 7 4
62 77 24
55 50 32
34 69 68
74 54 9
34 43 53
50 27 79
89 70 17
24 36 15
49 27 49
46 49 61
54 77 5
76 9 5
80 52 33
87 22 25
16 30 19
42 32 29
48 6 74
44 84 86
71 44 62
74 42 71
51 24 27
54 65 88
52 86 68
72 46 84
62 13 50
69 83 49
69 50 16
48 59 13
75 87 50
83 27 78
72 2 83
3 38 87
27 17 25
9 29 52
30 63 84
85 44 76
86 51 12
54 61 69
43 89 84
17 15 5
84 16 37
13 76 56
32 15 31
64 49 37
26 10 36
53 89 55
2 62 36
47 22 40
18 66 38
51 65 55
72 62 82
65 77 62
45 83 5
68 6 59
15 22 1
24 10 45
86 37 70
25 56 45
88 33 7
45 52 25
71 62 43
75 71 68
57 15 17
60 7 73
3 47 19
6 54 28
82 65 82
75 42 10
30 60 77
21 22 71
24 33 25
16 24 83
37 23 12
6 5 49
51 50 43
62 67 14
13 31 22
83 26 3
7 86 10
9 26 73
5 23 4
84 11 43
28 69 3
83 4 62
50 72 26
85 17 88
7 30 21
28 89 35
44 51 4
20 10 69
44 15 50
74 19 65
79 4 61
43 1 27
54 84 71
56 12 13
7 24 9
17 75 28
80 82 37
60 19 14
30 82 77
61 58 33
27 26 81
36 28 3
24 58 56
50 63 89
80 83 31
25 35 26
58 21 46
18 30 25
28 72 21
54 66 2
60 78 84
26 72 86
34 19 55
85 5 20
81 81 41
9 76 35
78 35 49
54 39 11
66 15 33
38 66 33
67 24 62
74 9 18
42 28 52
74 85 17
29 60 40
86 32 34
69 80 25
60 4 70
16 50 17
59 7 12
70 37 50
72 13 11
21 58 4
40 41 32
1 62 50
71 29 37
27 67 31
34 16 88
21 30 3
89 62 64
62 73 64
50 65 20
8 45 69
22 10 84
48 40 74
57 88 22
23 35 28
82 88 78
27 48 38
6 49 30
11 24 50
69 70 69
77 70 85
80 56 4
31 18 30
26 37 18
46 86 30
87 7 34
47 64 12
37 24 36
24 30 53
71 39 33
53 3 59
57 8 39
60 74 21
46 72 64
47 23 7
82 56 82
80 62 12
2 37 87
43 25 24
44 69 41
36 39 45
24 53 16
26 4 82
48 15 15
78 7 40
40 56 34
60 87 44
48 87 49
72 31 3
16 15 32
61 75 29
57 16 88
76 71 42
84 24 80
42 40 54
5 76 13
72 71 78
84 55 58
80 1 10
9 72 71
61 89 18
50 79 66
28 34 49
18 75 12
82 9 50
82 86 21
49 63 14
11 12 21
1 59 26
71 17 81
85 13 56
68 52 68
20 61 86
33 21 20
87 34 27
8 18 74
46 38 64
69 28 79
55 89 43
39 55 45
52 19 19
34 42 43
72 6 25
42 3 37
10 62 21
18 41 55
69 58 22
12 7 15
82 58 70
35 17 51
30 40 23
4 40 69
44 19 18
27 79 56
78 63 19
78 84 77
75 50 70
76 26 39
27 42 62
16 83 47
86 19 84
32 52 30
73 68 9
29 63 65
42 52 20
22 85 8
82 68 77
70 3 64
66 5 11
19 59 63
48 1 48
16 36 85
77 28 78
81 42 6
53 52 53
73 1 56
17 39 53
